"Bias_Oracle_0001","Bias_Oracle_0002","Bias_Oracle_0003","Bias_Oracle_0004","Bias_Oracle_0005","Bias_Oracle_0006","Bias_Oracle_0007","Bias_Oracle_0008","Bias_Oracle_0009","Bias_Oracle_0010","Bias_Oracle_0011","Bias_Oracle_0012","Bias_Oracle_0013","Bias_Oracle_0014","Bias_Oracle_0015","Bias_Oracle_0016","Bias_Oracle_0017","Bias_Oracle_0018","Bias_Oracle_0019","Bias_Oracle_0020","Bias_Oracle_0021","Bias_Oracle_0022","Bias_Oracle_0023","Bias_Oracle_0024","Bias_Oracle_0025","Bias_Oracle_0026","Bias_Oracle_0027","Bias_Oracle_0028","Bias_Oracle_0029","Bias_Oracle_0030","Bias_Oracle_0031","Bias_Oracle_0032","Bias_Oracle_0033","Bias_Oracle_0034","Bias_Oracle_0035","Bias_Oracle_0036","Bias_Oracle_0037","Bias_Oracle_0038","Bias_Oracle_0039","Bias_Oracle_0040","Bias_Linear_0001","Bias_Linear_0002","Bias_Linear_0003","Bias_Linear_0004","Bias_Linear_0005","Bias_Linear_0006","Bias_Linear_0007","Bias_Linear_0008","Bias_Linear_0009","Bias_Linear_0010","Bias_Linear_0011","Bias_Linear_0012","Bias_Linear_0013","Bias_Linear_0014","Bias_Linear_0015","Bias_Linear_0016","Bias_Linear_0017","Bias_Linear_0018","Bias_Linear_0019","Bias_Linear_0020","Bias_Linear_0021","Bias_Linear_0022","Bias_Linear_0023","Bias_Linear_0024","Bias_Linear_0025","Bias_Linear_0026","Bias_Linear_0027","Bias_Linear_0028","Bias_Linear_0029","Bias_Linear_0030","Bias_Linear_0031","Bias_Linear_0032","Bias_Linear_0033","Bias_Linear_0034","Bias_Linear_0035","Bias_Linear_0036","Bias_Linear_0037","Bias_Linear_0038","Bias_Linear_0039","Bias_Linear_0040","Bias_Cubic_0001","Bias_Cubic_0002","Bias_Cubic_0003","Bias_Cubic_0004","Bias_Cubic_0005","Bias_Cubic_0006","Bias_Cubic_0007","Bias_Cubic_0008","Bias_Cubic_0009","Bias_Cubic_0010","Bias_Cubic_0011","Bias_Cubic_0012","Bias_Cubic_0013","Bias_Cubic_0014","Bias_Cubic_0015","Bias_Cubic_0016","Bias_Cubic_0017","Bias_Cubic_0018","Bias_Cubic_0019","Bias_Cubic_0020","Bias_Cubic_0021","Bias_Cubic_0022","Bias_Cubic_0023","Bias_Cubic_0024","Bias_Cubic_0025","Bias_Cubic_0026","Bias_Cubic_0027","Bias_Cubic_0028","Bias_Cubic_0029","Bias_Cubic_0030","Bias_Cubic_0031","Bias_Cubic_0032","Bias_Cubic_0033","Bias_Cubic_0034","Bias_Cubic_0035","Bias_Cubic_0036","Bias_Cubic_0037","Bias_Cubic_0038","Bias_Cubic_0039","Bias_Cubic_0040","Bias_GAM_0001","Bias_GAM_0002","Bias_GAM_0003","Bias_GAM_0004","Bias_GAM_0005","Bias_GAM_0006","Bias_GAM_0007","Bias_GAM_0008","Bias_GAM_0009","Bias_GAM_0010","Bias_GAM_0011","Bias_GAM_0012","Bias_GAM_0013","Bias_GAM_0014","Bias_GAM_0015","Bias_GAM_0016","Bias_GAM_0017","Bias_GAM_0018","Bias_GAM_0019","Bias_GAM_0020","Bias_GAM_0021","Bias_GAM_0022","Bias_GAM_0023","Bias_GAM_0024","Bias_GAM_0025","Bias_GAM_0026","Bias_GAM_0027","Bias_GAM_0028","Bias_GAM_0029","Bias_GAM_0030","Bias_GAM_0031","Bias_GAM_0032","Bias_GAM_0033","Bias_GAM_0034","Bias_GAM_0035","Bias_GAM_0036","Bias_GAM_0037","Bias_GAM_0038","Bias_GAM_0039","Bias_GAM_0040","Cover_GAM_0001","Cover_GAM_0002","Cover_GAM_0003","Cover_GAM_0004","Cover_GAM_0005","Cover_GAM_0006","Cover_GAM_0007","Cover_GAM_0008","Cover_GAM_0009","Cover_GAM_0010","Cover_GAM_0011","Cover_GAM_0012","Cover_GAM_0013","Cover_GAM_0014","Cover_GAM_0015","Cover_GAM_0016","Cover_GAM_0017","Cover_GAM_0018","Cover_GAM_0019","Cover_GAM_0020","Cover_GAM_0021","Cover_GAM_0022","Cover_GAM_0023","Cover_GAM_0024","Cover_GAM_0025","Cover_GAM_0026","Cover_GAM_0027","Cover_GAM_0028","Cover_GAM_0029","Cover_GAM_0030","Cover_GAM_0031","Cover_GAM_0032","Cover_GAM_0033","Cover_GAM_0034","Cover_GAM_0035","Cover_GAM_0036","Cover_GAM_0037","Cover_GAM_0038","Cover_GAM_0039","Cover_GAM_0040"
-1.40205531138811,-2.37543333880728,0.401304511282497,0.180980416533923,1.95760673755416,-1.72570881527578,-1.79652679120508,-0.441344448965516,0.147128305830485,1.99346534899311,-0.690818911797857,-0.725333760129725,-0.738101101941616,1.54125472026303,-0.5158090410767,-0.214972845156966,-1.66598750112498,1.08010534223286,-0.420406578612049,2.24885090043531,-0.311583520406964,-0.615949101945167,0.290357906294956,-0.134616705037349,-2.80049049402255,-0.196149629762337,-2.1606404148449,-0.47225477763814,-2.83632580548676,0.252268848288349,0.0548218670810936,-1.28879654692658,-0.588826066427476,1.57315231573146,-0.96740789686854,-0.564022824433781,-2.15181216407897,2.57310865776435,-1.7964875110585,1.56425392693515,-1.45844969928886,-1.46395971464286,-1.46946972999686,-1.47497974535087,-1.48048976070487,-1.48599977605887,-1.49150979141287,-1.49701980676688,-1.50252982212088,-1.50803983747488,-1.51354985282888,-1.51905986818289,-1.52456988353689,-1.53007989889089,-1.53558991424489,-1.54109992959889,-1.5466099449529,-1.5521199603069,-1.5576299756609,-1.56313999101491,-1.56313999101491,-1.56313999101491,-1.56313999101491,-1.56313999101491,-1.56313999101491,-1.56313999101491,-1.56313999101491,-1.56313999101491,-1.56313999101491,-1.56313999101491,-1.56313999101491,-1.56313999101491,-1.56313999101491,-1.56313999101491,-1.56313999101491,-1.56313999101491,-1.56313999101491,-1.56313999101491,-1.56313999101491,-1.56313999101491,10.734647593033,8.23292280953377,6.02011282597655,4.08398563431712,2.41230922651119,0.99285159451452,-0.186619269717184,-1.13833537422818,-1.87452872706274,-2.40743133626514,-2.74927520987965,-2.91229235595052,-2.90871478252206,-2.75077449763851,-2.45070350934413,-2.02073382568322,-1.47309745470004,-0.820026404438861,-0.0737526829439545,0.753491701740431,0.753491701740431,0.753491701740431,0.753491701740431,0.753491701740431,0.753491701740431,0.753491701740431,0.753491701740431,0.753491701740431,0.753491701740431,0.753491701740431,0.753491701740431,0.753491701740431,0.753491701740431,0.753491701740431,0.753491701740431,0.753491701740431,0.753491701740431,0.753491701740431,0.753491701740431,0.753491701740431,0.973220860221901,0.663953105600141,0.35468535097838,0.0454175963566241,-0.263850158265134,-0.573117912886892,-0.879405644012694,-1.17230432027148,-1.45682025240971,-1.73808112284219,-1.99389473436202,-2.18546763512369,-2.28541023458161,-2.28018723849466,-2.15931524355696,-1.92362524609742,-1.60012978649386,-1.23260894720928,-0.855145563494629,-0.479560182109337,-0.479560182109337,-0.479560182109337,-0.479560182109337,-0.479560182109337,-0.479560182109337,-0.479560182109337,-0.479560182109337,-0.479560182109337,-0.479560182109337,-0.479560182109337,-0.479560182109337,-0.479560182109337,-0.479560182109337,-0.479560182109337,-0.479560182109337,-0.479560182109337,-0.479560182109337,-0.479560182109337,-0.479560182109337,-0.479560182109337,1,1,1,1,1,1,1,1,1,1,0,0,0,0,1,1,1,1,1,1,1,1,1,1,1,1,1,1,1,1,1,1,1,1,1,1,1,1,1,1
0.68103699700002,0.322478877811982,1.58288378995935,-1.77069054160269,0.672682505513128,0.431383566721353,-1.78982597552961,-1.71124581799172,0.58316687542551,2.04993664360007,0.175325808966127,0.673841474235235,1.09438193475767,0.932030946534642,1.61825792280343,1.51898718756563,-0.322051965936469,0.245421968166454,-0.201812189596852,0.372189408166733,0.572786457505455,0.10127533470458,0.410208577543168,0.660959047915856,1.41079138816762,-1.56643461174044,-1.47282224436661,0.154916231658696,0.905936379395246,1.09880270200903,-0.627171729755363,-1.16547962563364,1.49569883722831,-2.06459045751292,2.48984233798782,-0.412675358633736,2.2329655302809,0.195686940291623,-0.470392349873316,-2.26251687779715,-0.0915822987412085,-0.0610117219486392,-0.0304411451560647,0.000129431636507249,0.0307000084290818,0.0612705852216502,0.0918411620142248,0.122411738806798,0.152982315599369,0.183552892391941,0.214123469184516,0.244694045977083,0.27526462276966,0.305835199562228,0.3364057763548,0.366976353147376,0.397546929939947,0.428117506732519,0.458688083525091,0.489258660317665,0.489258660317665,0.489258660317665,0.489258660317665,0.489258660317665,0.489258660317665,0.489258660317665,0.489258660317665,0.489258660317665,0.489258660317665,0.489258660317665,0.489258660317665,0.489258660317665,0.489258660317665,0.489258660317665,0.489258660317665,0.489258660317665,0.489258660317665,0.489258660317665,0.489258660317665,0.489258660317665,-23.2427458555848,-17.854120260757,-13.2501715211874,-9.37533313359243,-6.1740385946888,-3.59072140119304,-1.56981504982173,-0.0557530372914545,1.00703113968122,1.67410398437969,2.0010320000874,2.04338169008777,1.85671955766422,1.49661210610015,1.01862583867903,0.478327258684226,-0.068717130600815,-0.566940825892656,-0.960777323907894,-1.19466012136311,-1.19466012136311,-1.19466012136311,-1.19466012136311,-1.19466012136311,-1.19466012136311,-1.19466012136311,-1.19466012136311,-1.19466012136311,-1.19466012136311,-1.19466012136311,-1.19466012136311,-1.19466012136311,-1.19466012136311,-1.19466012136311,-1.19466012136311,-1.19466012136311,-1.19466012136311,-1.19466012136311,-1.19466012136311,-1.19466012136311,-4.51727238895727,-3.93398193078231,-3.35069147260733,-2.76740101443236,-2.1841105562574,-1.60082009808243,-1.01089555758626,-0.396451675999616,0.199848259896084,0.707231786041424,1.10096942033545,1.38695481186982,1.5413939248901,1.51471849158548,1.28867982035146,0.903003304557158,0.425061251476244,-0.0954153772159785,-0.639059248945253,-1.19637402299103,-1.19637402299103,-1.19637402299103,-1.19637402299103,-1.19637402299103,-1.19637402299103,-1.19637402299103,-1.19637402299103,-1.19637402299103,-1.19637402299103,-1.19637402299103,-1.19637402299103,-1.19637402299103,-1.19637402299103,-1.19637402299103,-1.19637402299103,-1.19637402299103,-1.19637402299103,-1.19637402299103,-1.19637402299103,-1.19637402299103,1,1,1,1,1,1,1,1,1,1,1,1,1,1,1,1,1,1,1,1,1,1,1,1,1,1,1,1,1,1,1,1,1,1,1,1,1,1,1,1
-1.16364116424429,-0.0218944938927814,0.291346872984846,-1.77118519437348,-0.408045429378787,-0.929616518776593,0.156910206832533,0.11475550490074,-0.578953205822325,1.88232665848113,-0.133475712843207,3.14496266532445,2.74301072143949,0.0110649937330791,-1.942216849176,0.898451600378818,2.28194813364369,-1.18809097568642,-0.923511680130416,0.542687353912044,-0.710961715108416,0.514094735841702,-0.112095453826525,1.25602157718606,-1.60532076139804,-1.37525877532097,-1.72360024636983,-1.45301223960268,-0.821924792224529,-1.23515002456793,-2.30916199625883,1.75191842181976,-0.412079941254209,0.303870737828184,-0.283911382992329,-0.757408635612004,3.54074457500513,-0.116535353481362,-1.16542107473579,0.513467363028679,-7.76636015112675,-7.28480170452152,-6.80324325791629,-6.32168481131106,-5.84012636470582,-5.35856791810059,-4.87700947149536,-4.39545102489013,-3.9138925782849,-3.43233413167967,-2.95077568507444,-2.4692172384692,-1.98765879186397,-1.50610034525874,-1.02454189865351,-0.542983452048279,-0.0614250054430467,0.420133441162184,0.901691887767416,1.38325033437265,1.38325033437265,1.38325033437265,1.38325033437265,1.38325033437265,1.38325033437265,1.38325033437265,1.38325033437265,1.38325033437265,1.38325033437265,1.38325033437265,1.38325033437265,1.38325033437265,1.38325033437265,1.38325033437265,1.38325033437265,1.38325033437265,1.38325033437265,1.38325033437265,1.38325033437265,1.38325033437265,-23.8704223591694,-19.3700397224239,-15.5229644594627,-12.2763666696498,-9.57741645234906,-7.37328390692445,-5.6111391327399,-4.23815222915932,-3.20149329554661,-2.44833243126575,-1.92583973568063,-1.58118530815517,-1.36153924805333,-1.214071654739,-1.08595262757612,-0.924352265928594,-0.676440669160394,-0.289387936635386,0.289635832282428,1.11346053822921,1.11346053822921,1.11346053822921,1.11346053822921,1.11346053822921,1.11346053822921,1.11346053822921,1.11346053822921,1.11346053822921,1.11346053822921,1.11346053822921,1.11346053822921,1.11346053822921,1.11346053822921,1.11346053822921,1.11346053822921,1.11346053822921,1.11346053822921,1.11346053822921,1.11346053822921,1.11346053822921,-9.845333202878,-9.07896105022948,-8.31258889758098,-7.54621674493247,-6.77984459228396,-6.01347243963545,-5.24777578935034,-4.48738556852541,-3.7430677421979,-3.02831631295021,-2.35542282401639,-1.73351951414533,-1.16475506412843,-0.642685334667432,-0.159278594453649,0.287638449431507,0.697169623090078,1.07281344478942,1.42438265659292,1.76450292700125,1.76450292700125,1.76450292700125,1.76450292700125,1.76450292700125,1.76450292700125,1.76450292700125,1.76450292700125,1.76450292700125,1.76450292700125,1.76450292700125,1.76450292700125,1.76450292700125,1.76450292700125,1.76450292700125,1.76450292700125,1.76450292700125,1.76450292700125,1.76450292700125,1.76450292700125,1.76450292700125,1,1,1,1,1,1,1,1,1,1,1,1,1,1,1,1,1,1,1,1,1,1,1,1,1,1,1,1,1,1,1,1,1,1,1,1,1,1,1,1
0.307476922233693,1.40791954293942,-1.22989908130686,-0.844948474117117,-0.350231425633981,3.13482007843226,-1.11956499069322,-2.35805025194109,-0.0857453135805937,-1.52182101795731,0.608644424194873,1.35302325889715,-1.39417856637506,-0.826944968184204,0.0919844381305008,0.568568644130176,1.28762795843251,0.421495662669486,1.83671358208462,0.668891314441467,-0.0168615989548364,0.422121926550373,-1.86397211699538,1.1453731411034,1.27293152783765,2.10577691598478,-0.668072193347639,1.9052307010127,-0.407549540646485,0.654806689803991,0.647515964602983,-1.11333148241567,0.406067501055512,-0.00700154792338736,-0.57542459969469,0.989423637099096,0.365115300633118,1.07460184896651,1.41840451798854,-0.638996354764251,-0.385621379998412,-0.424148881296857,-0.462676382595304,-0.50120388389375,-0.539731385192196,-0.578258886490643,-0.616786387789087,-0.655313889087536,-0.693841390385982,-0.732368891684427,-0.770896392982873,-0.809423894281322,-0.847951395579766,-0.886478896878213,-0.925006398176659,-0.963533899475104,-1.00206140077355,-1.040588902072,-1.07911640337045,-1.11764390466889,-1.11764390466889,-1.11764390466889,-1.11764390466889,-1.11764390466889,-1.11764390466889,-1.11764390466889,-1.11764390466889,-1.11764390466889,-1.11764390466889,-1.11764390466889,-1.11764390466889,-1.11764390466889,-1.11764390466889,-1.11764390466889,-1.11764390466889,-1.11764390466889,-1.11764390466889,-1.11764390466889,-1.11764390466889,-1.11764390466889,22.1130696631887,15.8098146175272,10.6577799062069,6.55155551602587,3.38573143378239,1.05489764627461,-0.546355859699288,-1.52343909734113,-1.98176207985272,-2.02673482043589,-1.76376733229246,-1.29826962862423,-0.735651722633035,-0.181323627520674,0.259304643511008,0.480823077260226,0.377821660525127,-0.15510961989607,-1.22338077720522,-2.9324018246041,-2.9324018246041,-2.9324018246041,-2.9324018246041,-2.9324018246041,-2.9324018246041,-2.9324018246041,-2.9324018246041,-2.9324018246041,-2.9324018246041,-2.9324018246041,-2.9324018246041,-2.9324018246041,-2.9324018246041,-2.9324018246041,-2.9324018246041,-2.9324018246041,-2.9324018246041,-2.9324018246041,-2.9324018246041,-2.9324018246041,4.53449254003754,3.68279734490075,2.83110214976394,1.97940695462715,1.12771175949035,0.276016564353544,-0.538926053889679,-1.15560674316016,-1.48574365768343,-1.54754198535667,-1.384945405295,-1.06391567032252,-0.685209277527326,-0.342935354631937,-0.109553897275291,-0.0605662207072584,-0.242057445442926,-0.604374124688466,-1.02974886960734,-1.44376451586597,-1.44376451586597,-1.44376451586597,-1.44376451586597,-1.44376451586597,-1.44376451586597,-1.44376451586597,-1.44376451586597,-1.44376451586597,-1.44376451586597,-1.44376451586597,-1.44376451586597,-1.44376451586597,-1.44376451586597,-1.44376451586597,-1.44376451586597,-1.44376451586597,-1.44376451586597,-1.44376451586597,-1.44376451586597,-1.44376451586597,1,1,1,1,1,1,1,1,1,1,1,1,1,1,1,1,1,1,1,1,1,1,1,1,1,1,1,1,1,1,1,1,1,1,1,1,1,1,1,1
0.680423517913281,-0.587328260870946,-0.781700335816624,-1.65085604386639,-0.474025802288559,-0.804384810838089,3.76426866085522,0.43955228396398,-1.33762130857012,2.42351893279827,-2.84356899591581,-0.490294590042426,1.49971435087578,0.542313665340217,1.83065298245214,-0.632425116065992,-0.565382225652275,2.2975285486848,-1.49538532299609,0.668546499895287,0.0317917833640706,-0.226038279994698,0.477309094416063,-0.366962432420131,-1.08260001121678,-1.80095173634858,2.32487783935845,-0.634550434440841,0.389017725371161,-0.0353438684964686,2.53795224234975,0.451503585342232,-1.64972239213391,-1.79662511309631,2.00276236625217,-0.794383397677285,-0.59186982411488,-1.40106275107377,-1.26015137786796,2.00395960625244,-0.472872980399094,-0.503178393960223,-0.533483807521351,-0.563789221082479,-0.594094634643607,-0.624400048204738,-0.654705461765865,-0.685010875326995,-0.715316288888124,-0.745621702449252,-0.775927116010381,-0.806232529571512,-0.836537943132639,-0.866843356693767,-0.897148770254896,-0.927454183816026,-0.957759597377153,-0.988065010938284,-1.01837042449941,-1.04867583806054,-1.04867583806054,-1.04867583806054,-1.04867583806054,-1.04867583806054,-1.04867583806054,-1.04867583806054,-1.04867583806054,-1.04867583806054,-1.04867583806054,-1.04867583806054,-1.04867583806054,-1.04867583806054,-1.04867583806054,-1.04867583806054,-1.04867583806054,-1.04867583806054,-1.04867583806054,-1.04867583806054,-1.04867583806054,-1.04867583806054,-18.0397683812174,-13.314247561553,-9.44795691512767,-6.36243067592145,-3.97920307791437,-2.21980835508645,-1.00578074141774,-0.25865447088823,0.100036222522023,0.148757104832995,-0.034026057935332,-0.36984749976301,-0.780241454630028,-1.18674215651645,-1.51088383940225,-1.67420073726752,-1.59822708409228,-1.2044971138565,-0.414545060540277,0.850094841876452,0.850094841876452,0.850094841876452,0.850094841876452,0.850094841876452,0.850094841876452,0.850094841876452,0.850094841876452,0.850094841876452,0.850094841876452,0.850094841876452,0.850094841876452,0.850094841876452,0.850094841876452,0.850094841876452,0.850094841876452,0.850094841876452,0.850094841876452,0.850094841876452,0.850094841876452,0.850094841876452,1.35853497496679,1.1011147600807,0.843694545194599,0.586274330308501,0.328854115422414,0.0714339005363165,-0.190317345323118,-0.471135344000546,-0.762037534961101,-1.04678747881369,-1.30516098894661,-1.48304096534327,-1.52227205408096,-1.42148580552622,-1.21910333151214,-0.944244083117722,-0.623172898552376,-0.289079732187126,0.0435482057668182,0.378347231705531,0.378347231705531,0.378347231705531,0.378347231705531,0.378347231705531,0.378347231705531,0.378347231705531,0.378347231705531,0.378347231705531,0.378347231705531,0.378347231705531,0.378347231705531,0.378347231705531,0.378347231705531,0.378347231705531,0.378347231705531,0.378347231705531,0.378347231705531,0.378347231705531,0.378347231705531,0.378347231705531,1,1,1,1,1,1,1,1,1,1,1,1,1,1,1,1,1,1,1,1,1,1,1,1,1,1,1,1,1,1,1,1,1,1,1,1,1,1,1,1
0.417911495790282,-0.677605682070242,0.0274496645927709,-0.656809757999564,-2.20286443224926,0.493422412889669,-1.04024871107121,-1.05150889668784,1.84670161183086,0.831750506190348,-1.23558841662005,-2.32700275005449,-1.24556552955178,-1.51945665774223,0.559666950457274,-0.416191865435351,-0.590595443741282,0.0593708199562961,0.192199939269093,1.44874551103618,-1.86316247488542,-0.454416926451453,0.847378231744168,0.534758681040039,0.696436983140076,1.01052297686019,-2.0049722533357,1.05589433884166,-0.0716725727036476,-0.976802120983338,-0.565618873827956,-1.75981181525121,-0.465789129374155,1.23125440764321,-0.154603151781631,-0.487182098979511,-1.94561307713692,0.0106570081312256,-1.59846466810984,-1.18373204932231,-1.72903478812878,-1.56021535682161,-1.39139592551443,-1.22257649420726,-1.05375706290009,-0.884937631592913,-0.716118200285738,-0.547298768978564,-0.378479337671392,-0.209659906364218,-0.0408404750570437,0.127978956250129,0.296798387557304,0.465617818864477,0.634437250171652,0.803256681478825,0.972076112785999,1.14089554409317,1.30971497540035,1.47853440670752,1.47853440670752,1.47853440670752,1.47853440670752,1.47853440670752,1.47853440670752,1.47853440670752,1.47853440670752,1.47853440670752,1.47853440670752,1.47853440670752,1.47853440670752,1.47853440670752,1.47853440670752,1.47853440670752,1.47853440670752,1.47853440670752,1.47853440670752,1.47853440670752,1.47853440670752,1.47853440670752,-18.0899412386056,-13.6456459236552,-9.94059005457031,-6.91036347097308,-4.49055601248558,-2.61675751872991,-1.22455782932817,-0.249546783902444,0.37268577792514,0.706550016532494,0.816456092297521,0.766814165598127,0.622034396812198,0.446526946317626,0.304701974492334,0.260969641714196,0.379740108361132,0.725423534811048,1.3624300814418,2.35516990863135,2.35516990863135,2.35516990863135,2.35516990863135,2.35516990863135,2.35516990863135,2.35516990863135,2.35516990863135,2.35516990863135,2.35516990863135,2.35516990863135,2.35516990863135,2.35516990863135,2.35516990863135,2.35516990863135,2.35516990863135,2.35516990863135,2.35516990863135,2.35516990863135,2.35516990863135,2.35516990863135,-1.25149846328918,-1.14814132463057,-1.04478418597195,-0.941427047313339,-0.838069908654723,-0.734712769996107,-0.629461533388919,-0.51457993842483,-0.388111440939985,-0.251599478225605,-0.102440164974928,0.0624958522884231,0.240912726503819,0.428168221593891,0.622549202780084,0.824866428299648,1.03560268092177,1.25355646547403,1.47603488554075,1.70028430750985,1.70028430750985,1.70028430750985,1.70028430750985,1.70028430750985,1.70028430750985,1.70028430750985,1.70028430750985,1.70028430750985,1.70028430750985,1.70028430750985,1.70028430750985,1.70028430750985,1.70028430750985,1.70028430750985,1.70028430750985,1.70028430750985,1.70028430750985,1.70028430750985,1.70028430750985,1.70028430750985,1,1,1,1,1,1,1,1,1,1,1,1,1,1,1,1,1,1,1,1,1,1,1,1,1,1,1,1,1,1,1,1,1,1,1,1,1,1,1,1
2.00433452400711,0.9882753219405,2.82218959837024,-1.63119311998513,0.286923028680498,-3.12913294371106,-1.93392522067485,1.78167744290555,-0.875063297497809,0.999310443067994,-0.581691879961621,1.77247767801311,-0.590945924005307,-0.0247408662771154,-0.991283602342572,-0.707206559937864,0.496070871645902,1.02214910906903,0.329209401775429,-0.312033107479996,-1.10319575040363,1.0070181472579,-0.682331288348102,-0.6308178074315,-1.32478908408846,0.151885470751422,-2.75838511579124,-1.22328239206502,-1.5471145807123,-1.84786585360017,-0.552977636364789,-1.05270333823731,1.98379428256484,-0.739814939829992,0.043048682737199,-0.242243754346902,-0.145163144929924,1.64170232654609,0.812765998923037,1.75160226081493,-1.82685777483807,-1.64726665974975,-1.46767554466142,-1.2880844295731,-1.10849331448477,-0.928902199396447,-0.74931108430812,-0.569719969219795,-0.39012885413147,-0.210537739043145,-0.0309466239548186,0.148644491133505,0.328235606221829,0.507826721310154,0.687417836398479,0.867008951486804,1.04660006657513,1.22619118166345,1.40578229675178,1.5853734118401,1.5853734118401,1.5853734118401,1.5853734118401,1.5853734118401,1.5853734118401,1.5853734118401,1.5853734118401,1.5853734118401,1.5853734118401,1.5853734118401,1.5853734118401,1.5853734118401,1.5853734118401,1.5853734118401,1.5853734118401,1.5853734118401,1.5853734118401,1.5853734118401,1.5853734118401,1.5853734118401,-49.1340016490237,-36.10948579016,-25.3981361919299,-16.7911133717407,-10.0795778469998,-5.05469013511439,-1.50761075349176,0.770499780460783,1.98848094933599,2.35517223572653,2.07941312222515,1.37004309142456,0.435901625917506,-0.514171791703355,-1.27133767884525,-1.62675655291553,-1.37158893132143,-0.29699533147021,1.80586372923074,5.14582773337426,5.14582773337426,5.14582773337426,5.14582773337426,5.14582773337426,5.14582773337426,5.14582773337426,5.14582773337426,5.14582773337426,5.14582773337426,5.14582773337426,5.14582773337426,5.14582773337426,5.14582773337426,5.14582773337426,5.14582773337426,5.14582773337426,5.14582773337426,5.14582773337426,5.14582773337426,5.14582773337426,-1.83164901601504,-1.6513787549439,-1.47110849387276,-1.29083823280161,-1.11056797173047,-0.93029771065933,-0.750034307676366,-0.569818355095951,-0.38971902299256,-0.209787861530391,-0.0300291489099198,0.149576476932808,0.329045974371422,0.508404849191004,0.687700159499053,0.866985925136225,1.04630014954119,1.22565426021045,1.40503746788595,1.58443240450552,1.58443240450552,1.58443240450552,1.58443240450552,1.58443240450552,1.58443240450552,1.58443240450552,1.58443240450552,1.58443240450552,1.58443240450552,1.58443240450552,1.58443240450552,1.58443240450552,1.58443240450552,1.58443240450552,1.58443240450552,1.58443240450552,1.58443240450552,1.58443240450552,1.58443240450552,1.58443240450552,1,1,1,1,1,1,1,1,1,1,1,1,1,1,1,1,1,1,1,1,1,1,1,1,1,1,1,1,1,1,1,1,1,1,1,1,1,1,1,1
0.74683681789686,0.245048134894286,0.161352963640424,-1.13046802828639,-0.921140947346299,0.786376443065727,0.447342253709228,1.39614181205035,0.631508791410262,1.38230440169626,1.27440971198904,-0.8196307011525,1.28298443597632,1.31035559475004,-0.322238512044089,-2.33696184086224,1.3317163095373,-1.26373101271978,0.960936346344475,-0.901895764494007,0.817993425523106,0.785938752811177,-0.499687973246637,0.370121749010144,1.45337299941989,0.0924029441759533,-1.58839172191088,0.958617586304815,-1.2228608147912,0.818395101024262,0.114016862996072,-0.5692163970061,-0.0290956763241841,2.512199131035,1.80746897097704,1.31704562073763,1.26067835984804,-1.46209159193617,0.0583044620192101,-0.784081959226691,6.60996000617213,6.19969413249601,5.78942825881989,5.37916238514377,4.96889651146765,4.55863063779153,4.14836476411541,3.73809889043929,3.32783301676317,2.91756714308705,2.50730126941093,2.0970353957348,1.68676952205868,1.27650364838256,0.866237774706443,0.455971901030319,0.0457060273541963,-0.364559846321923,-0.774825719998042,-1.18509159367416,-1.18509159367416,-1.18509159367416,-1.18509159367416,-1.18509159367416,-1.18509159367416,-1.18509159367416,-1.18509159367416,-1.18509159367416,-1.18509159367416,-1.18509159367416,-1.18509159367416,-1.18509159367416,-1.18509159367416,-1.18509159367416,-1.18509159367416,-1.18509159367416,-1.18509159367416,-1.18509159367416,-1.18509159367416,-1.18509159367416,22.8744015842541,18.3924739498095,14.5681396531467,11.3491982860432,8.68344944027634,6.51869270762346,4.80272767986197,3.48335394876926,2.50837110612271,1.82557874369971,1.38277645327764,1.1277638266339,1.00834045554586,0.972305931790876,0.96745984714638,0.941601793389736,0.842531362298342,0.618048145649587,0.215951735220811,-0.415958277210585,-0.415958277210585,-0.415958277210585,-0.415958277210585,-0.415958277210585,-0.415958277210585,-0.415958277210585,-0.415958277210585,-0.415958277210585,-0.415958277210585,-0.415958277210585,-0.415958277210585,-0.415958277210585,-0.415958277210585,-0.415958277210585,-0.415958277210585,-0.415958277210585,-0.415958277210585,-0.415958277210585,-0.415958277210585,-0.415958277210585,8.91915302469701,8.19788659818616,7.47662017167531,6.75535374516447,6.03408731865363,5.31282089214279,4.59449994732769,3.89462050245965,3.2322547965633,2.61592720312931,2.04802101139007,1.54071781198279,1.11200165234391,0.769223437860354,0.508645444152485,0.320489243588042,0.184479780607555,0.0745361838426621,-0.0254843965396105,-0.120930045535621,-0.120930045535621,-0.120930045535621,-0.120930045535621,-0.120930045535621,-0.120930045535621,-0.120930045535621,-0.120930045535621,-0.120930045535621,-0.120930045535621,-0.120930045535621,-0.120930045535621,-0.120930045535621,-0.120930045535621,-0.120930045535621,-0.120930045535621,-0.120930045535621,-0.120930045535621,-0.120930045535621,-0.120930045535621,-0.120930045535621,1,1,1,1,1,1,1,1,1,1,1,1,1,1,1,1,1,1,1,1,1,1,1,1,1,1,1,1,1,1,1,1,1,1,1,1,1,1,1,1
-1.05979727103286,-0.621973277435248,-0.205524311284237,-1.90930413329833,0.0422237600877091,-2.80945993987832,-1.36889752151443,-0.830514935818826,-0.983225655702778,-1.52345753565269,1.75815211600306,0.206010700301132,-2.44793854412112,1.58803984478637,1.77726197762227,-0.540627368225756,1.4149699672148,-0.633567075174504,0.337684182347282,1.57508758845568,0.539781296698377,-1.25568884915559,3.50458841451503,0.370965610508106,1.96965650057796,-0.348025885251165,-0.0160475719695512,-1.1649163672138,-0.931241811794118,1.60628932637306,-2.10328715355202,-0.759752214613572,0.609887806027242,0.936195237386471,0.149124487080934,0.566199343434288,-0.281524840480195,-1.80123606824438,-1.39316523654739,-1.97456662970671,-0.903458572812449,-0.861197083349873,-0.818935593887299,-0.776674104424725,-0.734412614962151,-0.692151125499578,-0.649889636037004,-0.607628146574429,-0.565366657111856,-0.523105167649282,-0.480843678186709,-0.438582188724135,-0.39632069926156,-0.354059209798987,-0.311797720336413,-0.269536230873838,-0.227274741411266,-0.185013251948691,-0.142751762486116,-0.100490273023544,-0.100490273023544,-0.100490273023544,-0.100490273023544,-0.100490273023544,-0.100490273023544,-0.100490273023544,-0.100490273023544,-0.100490273023544,-0.100490273023544,-0.100490273023544,-0.100490273023544,-0.100490273023544,-0.100490273023544,-0.100490273023544,-0.100490273023544,-0.100490273023544,-0.100490273023544,-0.100490273023544,-0.100490273023544,-0.100490273023544,-13.3882821403,-9.77208745790653,-6.84111282999043,-4.5294216067688,-2.77107713845878,-1.5001427752775,-0.650681867442129,-0.156757765169765,0.0475661813224448,0.028226621817339,-0.148839793902182,-0.417696416053289,-0.712406594853084,-0.967033680518751,-1.11564102326738,-1.09229197331615,-0.831049880882169,-0.265978096182586,0.668860030565499,2.03940114914483,2.03940114914483,2.03940114914483,2.03940114914483,2.03940114914483,2.03940114914483,2.03940114914483,2.03940114914483,2.03940114914483,2.03940114914483,2.03940114914483,2.03940114914483,2.03940114914483,2.03940114914483,2.03940114914483,2.03940114914483,2.03940114914483,2.03940114914483,2.03940114914483,2.03940114914483,2.03940114914483,-0.324311209869854,-0.363627201643356,-0.402943193416858,-0.442259185190362,-0.481575176963869,-0.520891168737371,-0.560018296253684,-0.596759087196077,-0.623491644984338,-0.632104730493877,-0.622057847178398,-0.597758699170136,-0.557687075482296,-0.494058109074944,-0.404377757952695,-0.294124289465797,-0.167408385307803,-0.0249791740970267,0.128873531545,0.286973189982239,0.286973189982239,0.286973189982239,0.286973189982239,0.286973189982239,0.286973189982239,0.286973189982239,0.286973189982239,0.286973189982239,0.286973189982239,0.286973189982239,0.286973189982239,0.286973189982239,0.286973189982239,0.286973189982239,0.286973189982239,0.286973189982239,0.286973189982239,0.286973189982239,0.286973189982239,0.286973189982239,1,1,1,1,1,1,1,1,1,1,1,1,1,1,1,1,1,1,1,1,1,1,1,1,1,1,1,1,1,1,1,1,1,1,1,1,1,1,1,1
0.143936600493867,-0.351418501367821,2.56144413592152,0.172306496140358,-1.18434873288899,1.53513172909881,1.41562239952368,0.831687132356368,-1.39358773177379,-2.00992343214259,0.786852044910908,-1.25184741824505,0.461475432801281,0.158489997724498,3.02981591876979,-0.237022622739506,-1.09591934371665,2.81089846876379,-0.778477008617131,-1.47346086540055,0.804804187685255,0.823284208411611,-0.011708606610549,0.122178843858462,-1.67784511432647,-1.25759072058664,1.10182648204818,1.05135628246317,-1.03944937916984,1.28256035219439,0.34809181218332,-0.491998818676151,0.0477362998357975,0.375371645217465,-0.742605082888161,-2.61446062961703,-0.122312649278326,-0.44087239592479,-0.237441625927531,-1.79132610308611,2.25726019418911,2.09703900926769,1.93681782434627,1.77659663942484,1.61637545450342,1.456154269582,1.29593308466058,1.13571189973915,0.975490714817731,0.815269529896309,0.655048344974885,0.494827160053463,0.334605975132039,0.174384790210617,0.0141636052891947,-0.146057579632227,-0.306278764553653,-0.466499949475072,-0.626721134396496,-0.786942319317919,-0.786942319317919,-0.786942319317919,-0.786942319317919,-0.786942319317919,-0.786942319317919,-0.786942319317919,-0.786942319317919,-0.786942319317919,-0.786942319317919,-0.786942319317919,-0.786942319317919,-0.786942319317919,-0.786942319317919,-0.786942319317919,-0.786942319317919,-0.786942319317919,-0.786942319317919,-0.786942319317919,-0.786942319317919,-0.786942319317919,28.8544238709372,21.8514186637591,15.9922169019208,11.1823849151852,7.3274890333157,4.33309558607527,2.10477090322712,0.548081314534373,-0.431406850239783,-0.928127261332223,-1.0365135889798,-0.850999503419366,-0.466018674887749,0.0239952263781902,0.524608530141577,0.941387566165588,1.17989866421334,1.14570815404807,0.744382365432813,-0.118512371869199,-0.118512371869199,-0.118512371869199,-0.118512371869199,-0.118512371869199,-0.118512371869199,-0.118512371869199,-0.118512371869199,-0.118512371869199,-0.118512371869199,-0.118512371869199,-0.118512371869199,-0.118512371869199,-0.118512371869199,-0.118512371869199,-0.118512371869199,-0.118512371869199,-0.118512371869199,-0.118512371869199,-0.118512371869199,-0.118512371869199,8.369663382872,7.34407156323428,6.31847974359658,5.29288792395887,4.26729610432116,3.24170428468345,2.21412962006919,1.19721400009099,0.300663804489588,-0.327465489897914,-0.631378512262962,-0.672417095447864,-0.553082812066753,-0.366416172935415,-0.180590410834682,0.00105053269867206,0.240289546495401,0.565130081510057,0.914371881368893,1.23405594360037,1.23405594360037,1.23405594360037,1.23405594360037,1.23405594360037,1.23405594360037,1.23405594360037,1.23405594360037,1.23405594360037,1.23405594360037,1.23405594360037,1.23405594360037,1.23405594360037,1.23405594360037,1.23405594360037,1.23405594360037,1.23405594360037,1.23405594360037,1.23405594360037,1.23405594360037,1.23405594360037,1,1,1,1,1,1,1,1,1,1,1,1,1,1,1,1,1,1,1,1,1,1,1,1,1,1,1,1,1,1,1,1,1,1,1,1,1,1,1,1
1.17267167419229,3.07246567561023,-0.883073799314253,-2.11600675926557,1.73073511510342,-0.760265653135128,-0.469482629916405,0.89622553983887,2.13017645782496,-0.612262444055627,3.27321869105266,0.75170744783764,2.09538855040079,1.95287277494824,-1.66626090217682,-0.429500289085961,0.551256916414237,-0.914386144370587,-3.50774649301532,-1.134167890411,-0.216527174043486,-0.482926010843352,0.585113261754099,-2.17657107933606,1.40931722628652,-0.674415630282132,-1.11761553307834,0.888839950637086,1.02045573967121,-0.658726863585306,-0.403082127827465,-0.51501992979189,-1.66281466678644,-0.859626981440085,0.292376981784422,0.243088809423403,-1.33967365930932,-1.78492594500704,0.913365123721476,0.164388553104589,-1.18001248603523,-1.02500372620941,-0.869994966383598,-0.714986206557786,-0.559977446731971,-0.404968686906158,-0.249959927080345,-0.0949511672545311,0.0600575925712832,0.215066352397093,0.370075112222908,0.525083872048725,0.680092631874537,0.83510139170035,0.990110151526162,1.14511891135198,1.30012767117779,1.4551364310036,1.61014519082942,1.76515395065523,1.76515395065523,1.76515395065523,1.76515395065523,1.76515395065523,1.76515395065523,1.76515395065523,1.76515395065523,1.76515395065523,1.76515395065523,1.76515395065523,1.76515395065523,1.76515395065523,1.76515395065523,1.76515395065523,1.76515395065523,1.76515395065523,1.76515395065523,1.76515395065523,1.76515395065523,1.76515395065523,-27.3649025041251,-20.6816443195787,-15.0565162871207,-10.4044205449029,-6.64025923107727,-3.67893448379569,-1.43534844121009,0.175596758527626,1.23899897726555,1.83995607685177,2.06356591913439,1.99492636596148,1.71913527918115,1.32129052064148,0.886489952190551,0.499831435676473,0.246412832947316,0.211332005851185,0.479686816236187,1.13657512595034,1.13657512595034,1.13657512595034,1.13657512595034,1.13657512595034,1.13657512595034,1.13657512595034,1.13657512595034,1.13657512595034,1.13657512595034,1.13657512595034,1.13657512595034,1.13657512595034,1.13657512595034,1.13657512595034,1.13657512595034,1.13657512595034,1.13657512595034,1.13657512595034,1.13657512595034,1.13657512595034,-3.10507520135793,-2.69327505088141,-2.2814749004049,-1.86967474992839,-1.45787459945188,-1.04607444897537,-0.635874131703159,-0.235478842142856,0.143157133732522,0.481883687504991,0.760543125008109,0.96831777589569,1.10393463896555,1.17269581708163,1.19375876298595,1.19762959210339,1.20685439051592,1.22965608424365,1.26929438779356,1.32255216351686,1.32255216351686,1.32255216351686,1.32255216351686,1.32255216351686,1.32255216351686,1.32255216351686,1.32255216351686,1.32255216351686,1.32255216351686,1.32255216351686,1.32255216351686,1.32255216351686,1.32255216351686,1.32255216351686,1.32255216351686,1.32255216351686,1.32255216351686,1.32255216351686,1.32255216351686,1.32255216351686,1,1,1,1,1,1,1,1,1,1,1,1,1,1,1,1,1,1,1,1,1,1,1,1,1,1,1,1,1,1,1,1,1,1,1,1,1,1,1,1
-0.949127960705298,1.99936888459752,-0.435178525871746,0.76591628861657,0.24143506263396,1.27869877924845,2.52223358391265,-0.140267611813982,-2.29658311988906,-1.75147737850154,-1.04834807189214,-0.489857432253793,0.108080670945363,0.144558786712805,-0.0319019083086971,-1.52184925341025,0.159830066622629,-0.416191517306817,-1.02418477326994,-1.0559500669401,0.475349117732586,3.73758343848616,-0.663215169765758,-2.24799709858319,-0.476950604669241,-0.930938887979577,0.371177358044466,0.156672103146917,-0.415067447321254,-1.92914903813279,0.402167293857071,0.43691494965943,-2.00475628541663,-0.206471793842132,2.34933152325509,2.17268610216376,0.352682662513557,-0.843093862532596,1.12440750852097,1.01175052143806,-3.26592374626048,-3.03425746298559,-2.8025911797107,-2.5709248964358,-2.33925861316091,-2.10759232988602,-1.87592604661112,-1.64425976333623,-1.41259348006134,-1.18092719678644,-0.94926091351155,-0.717594630236658,-0.485928346961764,-0.25426206368687,-0.0225957804119741,0.209070502862918,0.44073678613781,0.672403069412702,0.904069352687598,1.13573563596249,1.13573563596249,1.13573563596249,1.13573563596249,1.13573563596249,1.13573563596249,1.13573563596249,1.13573563596249,1.13573563596249,1.13573563596249,1.13573563596249,1.13573563596249,1.13573563596249,1.13573563596249,1.13573563596249,1.13573563596249,1.13573563596249,1.13573563596249,1.13573563596249,1.13573563596249,1.13573563596249,44.4607609547568,32.4416156120639,22.4916320702499,14.4354653431884,8.09777044475289,3.30320238881697,-0.123583810745883,-2.35793314006204,-3.57519058525806,-3.95070113246041,-3.65980976779543,-2.8778614773897,-1.78020124736964,-0.542174063861724,0.660875087007589,1.65360121911186,2.26065934632459,2.30670448251936,1.61639164156968,0.0143758373491298,0.0143758373491298,0.0143758373491298,0.0143758373491298,0.0143758373491298,0.0143758373491298,0.0143758373491298,0.0143758373491298,0.0143758373491298,0.0143758373491298,0.0143758373491298,0.0143758373491298,0.0143758373491298,0.0143758373491298,0.0143758373491298,0.0143758373491298,0.0143758373491298,0.0143758373491298,0.0143758373491298,0.0143758373491298,0.0143758373491298,4.68006216433524,3.79801364335566,2.91596512237605,2.03391660139646,1.15186808041687,0.269819559437277,-0.603165875662421,-1.40889933623512,-2.03556759334745,-2.39800144010816,-2.45987157021892,-2.18066375860419,-1.56469245026848,-0.756930697938799,0.0239233711026596,0.633816937140178,1.03735681035026,1.27352940781877,1.43002020381223,1.57835321503256,1.57835321503256,1.57835321503256,1.57835321503256,1.57835321503256,1.57835321503256,1.57835321503256,1.57835321503256,1.57835321503256,1.57835321503256,1.57835321503256,1.57835321503256,1.57835321503256,1.57835321503256,1.57835321503256,1.57835321503256,1.57835321503256,1.57835321503256,1.57835321503256,1.57835321503256,1.57835321503256,1,1,1,1,1,1,1,1,1,1,1,1,1,1,1,1,1,1,1,1,1,1,1,1,1,1,1,1,1,1,1,1,1,1,1,1,1,1,1,1
0.270501490816998,1.7405572915792,0.382549365402216,-1.75660588669827,0.571579315609698,0.619872140525866,1.29246826480032,2.26398492693003,-0.236162013005966,-1.37950409070574,0.897267845540268,1.77259546731679,-0.253522069554913,2.77066757085064,-0.575942817706233,-0.506753198859933,1.17535190424948,-3.33382117528159,0.960468190472842,0.673037305637472,0.958975932627787,0.433464457326586,0.887493941150602,-0.69964279342943,0.867118155590246,1.87002133083019,0.643624265087906,-0.0674604722004801,0.814190146417534,-1.73648689271882,1.38939131223916,-1.81614004256464,-0.227843246371133,-2.58906496289689,-0.615846133883455,0.145196681359065,3.06711007200852,-2.59944539789977,-2.14043670050472,1.16420071454157,1.6656620020097,1.59596196387618,1.52626192574266,1.45656188760914,1.38686184947562,1.31716181134211,1.24746177320859,1.17776173507507,1.10806169694155,1.03836165880803,0.968661620674512,0.898961582540993,0.829261544407473,0.759561506273954,0.689861468140435,0.620161430006917,0.550461391873398,0.480761353739879,0.411061315606361,0.341361277472839,0.341361277472839,0.341361277472839,0.341361277472839,0.341361277472839,0.341361277472839,0.341361277472839,0.341361277472839,0.341361277472839,0.341361277472839,0.341361277472839,0.341361277472839,0.341361277472839,0.341361277472839,0.341361277472839,0.341361277472839,0.341361277472839,0.341361277472839,0.341361277472839,0.341361277472839,0.341361277472839,-10.0531840503024,-5.9831908781917,-2.84811500277306,-0.547234174676783,1.02017385546688,1.95483133702764,2.35746051937526,2.32878365187946,1.96952298390998,1.38040076483657,0.662139244028955,-0.0845393291431229,-0.75891270530993,-1.26025863510173,-1.48785486914881,-1.3409791580814,-0.718909252529741,0.479077096875825,2.3537021395051,5.00568812472782,5.00568812472782,5.00568812472782,5.00568812472782,5.00568812472782,5.00568812472782,5.00568812472782,5.00568812472782,5.00568812472782,5.00568812472782,5.00568812472782,5.00568812472782,5.00568812472782,5.00568812472782,5.00568812472782,5.00568812472782,5.00568812472782,5.00568812472782,5.00568812472782,5.00568812472782,5.00568812472782,3.84668256886953,3.48878414401865,3.13088571916776,2.77298729431688,2.41508886946599,2.05719044461511,1.70064383472557,1.35074750204434,1.00895800238245,0.679623719721759,0.375700960866457,0.119107664854166,-0.0495278660551968,-0.0754084227815479,0.070852026753446,0.366841415156177,0.764977635242191,1.22865086165247,1.73386691873032,2.25855096575238,2.25855096575238,2.25855096575238,2.25855096575238,2.25855096575238,2.25855096575238,2.25855096575238,2.25855096575238,2.25855096575238,2.25855096575238,2.25855096575238,2.25855096575238,2.25855096575238,2.25855096575238,2.25855096575238,2.25855096575238,2.25855096575238,2.25855096575238,2.25855096575238,2.25855096575238,2.25855096575238,1,1,1,1,1,1,1,1,1,1,1,1,1,1,1,1,1,1,1,1,1,1,1,1,1,1,1,1,1,1,1,1,1,1,1,1,1,1,1,1
1.15054889075822,-0.0683795360395267,0.373697507658505,0.93865453708182,0.263909084603029,0.0547232587872895,-1.73255144402254,-1.08214340221373,1.61508267157919,-3.56989060966966,0.622120916078821,-3.76328977926208,3.08647778295144,0.340739129428835,-0.838938635031035,-0.197804640462035,0.112801831418574,-0.352067076433523,-0.900959770199105,-2.76612856491916,2.45726642107811,0.0978805840377568,-0.66032079368523,1.96224288434255,-0.745282719810463,1.34396044005544,-0.792698081275887,-1.38764445924722,1.39842647425955,-0.61226542850299,1.21561455684708,0.748849112143223,-0.0401672192945473,-0.189090521390934,-1.58014008441502,-3.56256637702817,1.89124973458497,0.840122917054012,-1.3862977313782,1.13248818509768,-0.0288693401439799,-0.0458576914076927,-0.0628460426714064,-0.0798343939351147,-0.0968227451988293,-0.11381109646254,-0.13079944772625,-0.147787798989965,-0.164776150253676,-0.181764501517391,-0.198752852781102,-0.215741204044813,-0.232729555308527,-0.249717906572236,-0.266706257835949,-0.283694609099662,-0.300682960363371,-0.317671311627084,-0.334659662890797,-0.35164801415451,-0.35164801415451,-0.35164801415451,-0.35164801415451,-0.35164801415451,-0.35164801415451,-0.35164801415451,-0.35164801415451,-0.35164801415451,-0.35164801415451,-0.35164801415451,-0.35164801415451,-0.35164801415451,-0.35164801415451,-0.35164801415451,-0.35164801415451,-0.35164801415451,-0.35164801415451,-0.35164801415451,-0.35164801415451,-0.35164801415451,-6.69213319628244,-4.68179624481091,-3.08516294813381,-1.86032387062734,-0.965369576667721,-0.358390630631158,0.00252240310613683,0.159278960167951,0.153788476178075,0.0279603867603146,-0.176295872461562,-0.417070865863764,-0.652455157822487,-0.840539312713943,-0.939413894914367,-0.907169468799937,-0.701896598746879,-0.281685849131401,0.395372215670303,1.371187031282,1.371187031282,1.371187031282,1.371187031282,1.371187031282,1.371187031282,1.371187031282,1.371187031282,1.371187031282,1.371187031282,1.371187031282,1.371187031282,1.371187031282,1.371187031282,1.371187031282,1.371187031282,1.371187031282,1.371187031282,1.371187031282,1.371187031282,1.371187031282,-0.0249399866262179,-0.0424736436305562,-0.0600073006348927,-0.0775409576392301,-0.0950746146435666,-0.112608271647905,-0.130132210330512,-0.147605659202194,-0.165011460754412,-0.18234371789614,-0.199582172563865,-0.216717006724419,-0.233755526402042,-0.250689617861456,-0.267490394322811,-0.284131036369706,-0.300599371305246,-0.316914176683641,-0.333134914382057,-0.349324794366145,-0.349324794366145,-0.349324794366145,-0.349324794366145,-0.349324794366145,-0.349324794366145,-0.349324794366145,-0.349324794366145,-0.349324794366145,-0.349324794366145,-0.349324794366145,-0.349324794366145,-0.349324794366145,-0.349324794366145,-0.349324794366145,-0.349324794366145,-0.349324794366145,-0.349324794366145,-0.349324794366145,-0.349324794366145,-0.349324794366145,1,1,1,1,1,1,1,1,1,1,1,1,1,1,1,1,1,1,1,1,1,1,1,1,1,1,1,1,1,1,1,1,1,1,1,1,1,1,1,1
0.583322188539633,1.1419989714011,0.268221898629708,1.72879239084206,3.60480608474522,0.976145888632285,-2.16530500799598,1.67306209195426,-0.20443738500567,0.749774274794165,-1.86932423216372,0.00655114004571189,-0.247434388858382,-0.435197142713962,-1.41293537098775,-0.796514814223011,0.0361015930969302,-0.673544198430749,2.43741277055137,1.54788008470905,2.45467285577094,2.89480152972912,-1.42390668915706,1.17078128154612,-0.829832419405864,0.672271079033459,-1.66774914557637,1.04443206656124,0.790534343304342,0.723794251907014,1.21149534478664,0.637933815835346,-0.682082379980391,0.391539460861003,-4.09313917367503,-0.263181174088842,0.481057756680972,-0.199712969399133,1.27951129701479,0.77634999459473,1.07054363405594,0.954747946498181,0.838952258940419,0.723156571382658,0.607360883824897,0.491565196267135,0.375769508709375,0.259973821151615,0.144178133593853,0.0283824460360922,-0.0874132415216682,-0.203208929079432,-0.319004616637192,-0.434800304194953,-0.550595991752713,-0.666391679310474,-0.782187366868236,-0.897983054425996,-1.01377874198376,-1.12957442954152,-1.12957442954152,-1.12957442954152,-1.12957442954152,-1.12957442954152,-1.12957442954152,-1.12957442954152,-1.12957442954152,-1.12957442954152,-1.12957442954152,-1.12957442954152,-1.12957442954152,-1.12957442954152,-1.12957442954152,-1.12957442954152,-1.12957442954152,-1.12957442954152,-1.12957442954152,-1.12957442954152,-1.12957442954152,-1.12957442954152,1.67266687201727,1.85036592329268,1.87904477913921,1.78096298213587,1.57838007486167,1.2935555998956,0.948749099816663,0.566220117203866,0.168228194636217,-0.222967125307276,-0.585106300047626,-0.895929787005821,-1.13317804360286,-1.27459152725973,-1.29791069539744,-1.18087600543698,-0.901227914799362,-0.436706880905557,0.234946638823436,1.13599218696656,1.13599218696656,1.13599218696656,1.13599218696656,1.13599218696656,1.13599218696656,1.13599218696656,1.13599218696656,1.13599218696656,1.13599218696656,1.13599218696656,1.13599218696656,1.13599218696656,1.13599218696656,1.13599218696656,1.13599218696656,1.13599218696656,1.13599218696656,1.13599218696656,1.13599218696656,1.13599218696656,1.14700958693737,1.02214078251215,0.897271978086931,0.772403173661711,0.647534369236491,0.522665564811269,0.397706279140621,0.272278285431643,0.146317001470656,0.0203401238566343,-0.104648621592393,-0.227298441573321,-0.346272897311376,-0.460886631508721,-0.57144815837232,-0.67889048824941,-0.78412456867839,-0.887786976255512,-0.990407538098017,-1.09253741173777,-1.09253741173777,-1.09253741173777,-1.09253741173777,-1.09253741173777,-1.09253741173777,-1.09253741173777,-1.09253741173777,-1.09253741173777,-1.09253741173777,-1.09253741173777,-1.09253741173777,-1.09253741173777,-1.09253741173777,-1.09253741173777,-1.09253741173777,-1.09253741173777,-1.09253741173777,-1.09253741173777,-1.09253741173777,-1.09253741173777,1,1,1,1,1,1,1,1,1,1,1,1,1,1,1,1,1,1,1,1,1,1,1,1,1,1,1,1,1,1,1,1,1,1,1,1,1,1,1,1
0.291117037768814,-0.15511417141068,-0.571985668522631,1.1144998935657,0.898418302074068,-0.0336613706593685,1.05976108869608,-0.293194278717412,-1.65305654620651,-0.0562494791638652,-1.0432013635624,1.09569087113472,1.15499938003884,0.364203793676976,1.69911108280241,1.8317325965525,-2.420245112569,-0.696472739703331,0.431481405349565,-0.218961279371827,-1.45953327035712,-1.16956019239014,-0.501437457456158,2.4346699220326,-1.95642328930856,-0.509263309896269,2.45435683546156,-0.821445586164026,0.820115534728407,0.556184560945258,1.22226192187751,0.415365238090121,-0.390208373084905,-1.61053756258598,-0.714291076103118,1.77085232965252,-1.22935567254904,1.69146441076172,-1.72825771030493,0.994528885005783,0.232909158658253,0.181127432973474,0.129345707288696,0.0775639816039195,0.0257822559191432,-0.0259994697656349,-0.0777811954504131,-0.129562921135191,-0.181344646819968,-0.233126372504744,-0.284908098189522,-0.336689823874302,-0.388471549559078,-0.440253275243855,-0.492035000928633,-0.543816726613411,-0.595598452298187,-0.647380177982967,-0.69916190366774,-0.75094362935252,-0.75094362935252,-0.75094362935252,-0.75094362935252,-0.75094362935252,-0.75094362935252,-0.75094362935252,-0.75094362935252,-0.75094362935252,-0.75094362935252,-0.75094362935252,-0.75094362935252,-0.75094362935252,-0.75094362935252,-0.75094362935252,-0.75094362935252,-0.75094362935252,-0.75094362935252,-0.75094362935252,-0.75094362935252,-0.75094362935252,56.3040303475562,42.7974306500265,31.3659072033977,21.8517711274462,14.0973335419487,7.944905566682,3.2367983214226,-0.184677074052802,-2.47720949996759,-3.79848783654513,-4.30620096400879,-4.15803776258182,-3.5116871124877,-2.52483789394979,-1.35517898719141,-0.160399272435848,0.901812370093454,1.67376706017317,1.99777591757981,1.71615006209027,1.71615006209027,1.71615006209027,1.71615006209027,1.71615006209027,1.71615006209027,1.71615006209027,1.71615006209027,1.71615006209027,1.71615006209027,1.71615006209027,1.71615006209027,1.71615006209027,1.71615006209027,1.71615006209027,1.71615006209027,1.71615006209027,1.71615006209027,1.71615006209027,1.71615006209027,1.71615006209027,14.5613922529362,12.5743329229566,10.587273592977,8.60021426299746,6.61315493301788,4.62609560303829,2.66667900336571,0.855363224300197,-0.731400526351749,-2.02910980405461,-2.95440536072065,-3.47079065314852,-3.53966449597887,-3.08611911164492,-2.1789567585755,-1.09166669010959,-0.0463764255466188,0.930717136627969,1.86581111320239,2.76409226551753,2.76409226551753,2.76409226551753,2.76409226551753,2.76409226551753,2.76409226551753,2.76409226551753,2.76409226551753,2.76409226551753,2.76409226551753,2.76409226551753,2.76409226551753,2.76409226551753,2.76409226551753,2.76409226551753,2.76409226551753,2.76409226551753,2.76409226551753,2.76409226551753,2.76409226551753,2.76409226551753,1,1,1,1,1,1,1,1,1,1,1,0,0,0,1,1,1,1,1,1,1,1,1,1,1,1,1,1,1,1,1,1,1,1,1,1,1,1,1,1
-3.73352794487188,-0.0677636424293029,-0.373994383226723,-1.66505355416863,-1.515922974081,-0.622203067173829,-0.287718808591791,-1.56447305926387,0.121820080484465,0.331705728903204,-0.678409973009886,-3.67528125812318,-0.788104663612051,-1.9769703851128,0.921919722845956,-1.07517108211193,-0.266316836970127,-0.540726162894646,1.09069931081036,1.25058201949129,-0.456193375539829,0.533380309000437,-1.1627503570833,-0.418403413057302,-0.55783847923917,-1.46034184211265,0.292412130008055,3.3049685398382,1.47196012250904,-0.782005385840231,-1.27191755074329,1.55055733287921,2.78929796306846,-0.128814692375791,1.3341251765208,-0.134220215400155,-2.86049239585913,1.2789105427309,0.866980570829634,-0.695191279726437,1.44916294794159,1.35483255933584,1.26050217073008,1.16617178212432,1.07184139351857,0.977511004912813,0.883180616307055,0.7888502277013,0.694519839095545,0.600189450489788,0.505859061884033,0.411528673278278,0.317198284672521,0.222867896066765,0.128537507461008,0.0342071188552531,-0.0601232697505019,-0.154453658356259,-0.248784046962014,-0.34311443556777,-0.34311443556777,-0.34311443556777,-0.34311443556777,-0.34311443556777,-0.34311443556777,-0.34311443556777,-0.34311443556777,-0.34311443556777,-0.34311443556777,-0.34311443556777,-0.34311443556777,-0.34311443556777,-0.34311443556777,-0.34311443556777,-0.34311443556777,-0.34311443556777,-0.34311443556777,-0.34311443556777,-0.34311443556777,-0.34311443556777,-6.9705393139452,-4.32463533969031,-2.27011650044513,-0.744453313024531,0.314883705756628,0.970424039083481,1.28469717014118,1.32023258211488,1.13955975818971,0.805208181550814,0.379707335383332,-0.0744132971275864,-0.494624232796793,-0.818395988439176,-0.983199080869554,-0.926504026902796,-0.58578134335376,0.1014984529627,1.19786484523169,2.7658473166384,2.7658473166384,2.7658473166384,2.7658473166384,2.7658473166384,2.7658473166384,2.7658473166384,2.7658473166384,2.7658473166384,2.7658473166384,2.7658473166384,2.7658473166384,2.7658473166384,2.7658473166384,2.7658473166384,2.7658473166384,2.7658473166384,2.7658473166384,2.7658473166384,2.7658473166384,2.7658473166384,2.18918444510361,2.03082403455278,1.87246362400193,1.71410321345109,1.55574280290025,1.3973823923494,1.23926866520757,1.07799839960022,0.890239362252073,0.644706909141881,0.326949847907812,-0.0433489367662716,-0.401670397240345,-0.654958014224675,-0.727640338153874,-0.586817499753844,-0.232434547019746,0.302654596361199,0.948796775122636,1.63442361881711,1.63442361881711,1.63442361881711,1.63442361881711,1.63442361881711,1.63442361881711,1.63442361881711,1.63442361881711,1.63442361881711,1.63442361881711,1.63442361881711,1.63442361881711,1.63442361881711,1.63442361881711,1.63442361881711,1.63442361881711,1.63442361881711,1.63442361881711,1.63442361881711,1.63442361881711,1.63442361881711,1,1,1,1,1,1,1,1,1,1,1,1,1,1,1,1,1,1,1,1,1,1,1,1,1,1,1,1,1,1,1,1,1,1,1,1,1,1,1,1
0.859045804664164,1.09538953393918,-0.635776198071452,-0.553520632608134,1.76159025708626,-0.867215535192873,0.349447769933148,-0.115323217742612,0.32282221383543,2.59010645134402,-4.45957666550539,-0.766501030837027,1.29127565974081,1.25320417233507,-2.06738121116573,-0.280237436579393,2.6812695707714,-0.0157393315726075,-0.939986003250144,3.30606040296179,-0.297673557682883,-1.8650870597224,0.242313592326783,-0.313041219733263,0.0961082809184663,-0.319220373971536,0.311042103882,-0.611103692294908,1.32190127105319,-1.35369298465832,1.36693357315361,3.85379390367344,0.467097158873017,0.501841250026509,-0.0627026287638497,0.953481741534743,0.575577267973824,2.72348273514658,-0.912862228343625,-1.11203305851222,1.04751111041852,0.876100955350935,0.704690800283348,0.533280645215762,0.361870490148175,0.190460335080587,0.0190501800130018,-0.152359975054585,-0.323770130122172,-0.495180285189759,-0.666590440257345,-0.838000595324932,-1.00941075039252,-1.18082090546011,-1.35223106052769,-1.52364121559528,-1.69505137066287,-1.86646152573045,-2.03787168079804,-2.20928183586562,-2.20928183586562,-2.20928183586562,-2.20928183586562,-2.20928183586562,-2.20928183586562,-2.20928183586562,-2.20928183586562,-2.20928183586562,-2.20928183586562,-2.20928183586562,-2.20928183586562,-2.20928183586562,-2.20928183586562,-2.20928183586562,-2.20928183586562,-2.20928183586562,-2.20928183586562,-2.20928183586562,-2.20928183586562,-2.20928183586562,-3.00832074266411,-1.3199515884887,-0.125820712864456,0.633511318656638,1.01748394052261,1.08553658718148,0.89710869308127,0.51163969267,-0.0114309796043059,-0.612663889293632,-1.23261960194995,-1.81185868312524,-2.29094169837148,-2.61042921324065,-2.71088179328473,-2.53286000405569,-2.01692441110551,-1.10363557998619,0.266445923750318,2.15275953455203,2.15275953455203,2.15275953455203,2.15275953455203,2.15275953455203,2.15275953455203,2.15275953455203,2.15275953455203,2.15275953455203,2.15275953455203,2.15275953455203,2.15275953455203,2.15275953455203,2.15275953455203,2.15275953455203,2.15275953455203,2.15275953455203,2.15275953455203,2.15275953455203,2.15275953455203,2.15275953455203,2.32706479462246,1.9936605105277,1.66025622643294,1.32685194233817,0.993447658243404,0.660043374148643,0.32810837252101,0.00145228933726393,-0.327764512442728,-0.661362927661493,-0.976969835812817,-1.24425294506446,-1.44557599814576,-1.57383066114668,-1.62695621264313,-1.61181727171341,-1.54321478871611,-1.43641557992899,-1.30486167571565,-1.16158841423846,-1.16158841423846,-1.16158841423846,-1.16158841423846,-1.16158841423846,-1.16158841423846,-1.16158841423846,-1.16158841423846,-1.16158841423846,-1.16158841423846,-1.16158841423846,-1.16158841423846,-1.16158841423846,-1.16158841423846,-1.16158841423846,-1.16158841423846,-1.16158841423846,-1.16158841423846,-1.16158841423846,-1.16158841423846,-1.16158841423846,1,1,1,1,1,1,1,1,1,1,1,1,1,1,1,1,1,1,1,1,1,1,1,1,1,1,1,1,1,1,1,1,1,1,1,1,1,1,1,1
2.03992399316668,1.81791816866339,-1.37616572469318,-1.11229906140231,0.863629035661319,2.30222276803078,-0.302280531688728,1.07765834111013,0.326620784288684,2.49019360216277,-0.0369455614707395,0.0731666899633669,-1.91983777328031,-0.814442389078929,-0.635091237010993,-1.73103379324579,-0.699407359890111,1.50390706381689,-0.0845844608226063,2.5465111514364,-2.14332141484578,-0.0829750747774511,-0.680653337966284,-0.868981699715558,0.945711313866813,-0.337712196427832,0.213755582022246,1.28753042866265,-0.664729533838235,-0.942319622815289,1.00520560532093,1.4602290826094,0.377640860585755,1.25108917612742,-0.37776075769202,-1.14924689847799,1.64085076606564,-2.51967270602853,0.24314696265616,-2.40800023016479,3.78886583513908,3.54937127260636,3.30987671007363,3.07038214754091,2.83088758500818,2.59139302247546,2.35189845994273,2.11240389741001,1.87290933487728,1.63341477234456,1.39392020981184,1.15442564727911,0.914931084746387,0.675436522213658,0.435941959680935,0.196447397148212,-0.0430471653845128,-0.282541727917238,-0.522036290449964,-0.761530852982688,-0.761530852982688,-0.761530852982688,-0.761530852982688,-0.761530852982688,-0.761530852982688,-0.761530852982688,-0.761530852982688,-0.761530852982688,-0.761530852982688,-0.761530852982688,-0.761530852982688,-0.761530852982688,-0.761530852982688,-0.761530852982688,-0.761530852982688,-0.761530852982688,-0.761530852982688,-0.761530852982688,-0.761530852982688,-0.761530852982688,-14.076548291062,-9.14262706517439,-5.21682860359801,-2.20072143740009,0.0041259023521425,1.49614488459145,2.37376697825058,2.73542365226232,2.67954637555942,2.30456661707464,1.70891584574075,0.991025530490516,0.249327140256703,-0.417747856027944,-0.911767989430638,-1.1343017910186,-0.986917791859156,-0.371184523019428,0.811329484433283,2.65905569943177,2.65905569943177,2.65905569943177,2.65905569943177,2.65905569943177,2.65905569943177,2.65905569943177,2.65905569943177,2.65905569943177,2.65905569943177,2.65905569943177,2.65905569943177,2.65905569943177,2.65905569943177,2.65905569943177,2.65905569943177,2.65905569943177,2.65905569943177,2.65905569943177,2.65905569943177,2.65905569943177,7.53995726161652,6.79175777157304,6.04355828152955,5.29535879148608,4.5471593014426,3.79895981139912,3.06113751774462,2.37198762672859,1.72552463000586,1.11357698433441,0.575515207232904,0.143130568733961,-0.189299639843975,-0.404929438357216,-0.446624323198908,-0.283904420083589,0.0486694024471959,0.482148281835642,0.954666854091501,1.4333531045277,1.4333531045277,1.4333531045277,1.4333531045277,1.4333531045277,1.4333531045277,1.4333531045277,1.4333531045277,1.4333531045277,1.4333531045277,1.4333531045277,1.4333531045277,1.4333531045277,1.4333531045277,1.4333531045277,1.4333531045277,1.4333531045277,1.4333531045277,1.4333531045277,1.4333531045277,1.4333531045277,1,1,1,1,1,1,1,0,0,1,1,1,1,1,1,1,1,1,1,1,1,1,1,1,1,1,1,1,1,1,1,1,1,1,1,1,1,1,1,1
1.14474962110969,1.40503080218852,-1.73811810248526,2.0520201856477,-1.27166426162414,1.65568631549745,1.11058738960184,0.288739298473315,0.196990314672057,-0.317732923343899,-1.27972414622859,-2.26732949262658,-0.993081455211323,-2.23545612599196,0.758365605813406,-1.49151014668296,-0.218895457622638,-2.68242897872856,0.171952763994293,2.16065545441574,-1.70424719772781,1.84620911382978,-2.68372984809396,0.946512249893203,0.356623211997448,-0.967662486407844,1.75284855332796,-0.241757452647958,1.48500537413849,0.104009439891392,2.27127819963275,1.07640729793779,-1.3879660606673,0.788252274566439,3.27641764924721,1.0747179004483,-0.347907287022014,-0.0986966986114979,0.827117439836663,2.50541331765076,-1.14411009453079,-1.05142311315877,-0.958736131786758,-0.86604915041474,-0.773362169042722,-0.680675187670704,-0.587988206298686,-0.495301224926669,-0.402614243554652,-0.309927262182633,-0.217240280810618,-0.124553299438601,-0.0318663180665819,0.0608206633054351,0.153507644677452,0.246194626049469,0.338881607421486,0.431568588793505,0.524255570165524,0.616942551537541,0.616942551537541,0.616942551537541,0.616942551537541,0.616942551537541,0.616942551537541,0.616942551537541,0.616942551537541,0.616942551537541,0.616942551537541,0.616942551537541,0.616942551537541,0.616942551537541,0.616942551537541,0.616942551537541,0.616942551537541,0.616942551537541,0.616942551537541,0.616942551537541,0.616942551537541,0.616942551537541,-10.3016534995585,-8.02550589576325,-6.09281471310703,-4.47580048580796,-3.14668374808412,-2.07768503415365,-1.24102487823464,-0.608923814545188,-0.153602377303432,0.152718899272564,0.337819480964669,0.429478833554763,0.45547642282477,0.4435917145566,0.421604174532089,0.417293268533127,0.458438462341661,0.57281922173958,0.78821501250879,1.13240530043108,1.13240530043108,1.13240530043108,1.13240530043108,1.13240530043108,1.13240530043108,1.13240530043108,1.13240530043108,1.13240530043108,1.13240530043108,1.13240530043108,1.13240530043108,1.13240530043108,1.13240530043108,1.13240530043108,1.13240530043108,1.13240530043108,1.13240530043108,1.13240530043108,1.13240530043108,1.13240530043108,-3.75754572001758,-3.31074458905124,-2.86394345808493,-2.41714232711861,-1.97034119615232,-1.52354006518599,-1.0713949741647,-0.601746787776568,-0.168842602475719,0.125138954897242,0.277141115974754,0.400479496466616,0.493927820612969,0.37005115480453,-0.0114089693376069,-0.322181477315411,-0.184954534823245,0.422155268749794,1.23802481255543,2.06608332499395,2.06608332499395,2.06608332499395,2.06608332499395,2.06608332499395,2.06608332499395,2.06608332499395,2.06608332499395,2.06608332499395,2.06608332499395,2.06608332499395,2.06608332499395,2.06608332499395,2.06608332499395,2.06608332499395,2.06608332499395,2.06608332499395,2.06608332499395,2.06608332499395,2.06608332499395,2.06608332499395,1,1,1,1,1,1,1,1,1,1,1,1,1,1,1,1,1,1,1,1,1,1,1,1,1,1,1,1,1,1,1,1,1,1,1,1,1,1,1,1
1.61001099358189,0.702643277328863,-2.83781575193362,1.25137974128078,1.61697822327178,0.131957608676363,0.276918138507861,0.534186616253811,0.90933454896671,-0.703994033505326,-1.52828561033783,-1.26353708605748,-1.45396048430712,-0.665602105793457,-0.598651729870747,0.15937791794093,0.966670431304522,1.48516318395061,0.674218856354175,0.717518093734135,1.39169589563286,-0.0616923701234491,-0.357317868585241,-2.01462110476477,-1.73158610271392,-0.43759763295331,-1.08355427713499,-0.945755444858007,1.69462486343103,-0.175198190848006,-0.391942383963611,0.30177461994567,0.777993888415354,-1.11852697128015,-1.13894526075952,-0.626715031274903,2.88591504095168,-1.55233667591968,-0.170932195876102,-0.374033107324856,0.889576359524537,0.785927950949389,0.68227954237424,0.578631133799091,0.474982725223944,0.371334316648793,0.267685908073645,0.164037499498495,0.0603890909233478,-0.0432593176518026,-0.146907726226948,-0.250556134802098,-0.354204543377248,-0.457852951952395,-0.561501360527545,-0.665149769102694,-0.768798177677843,-0.872446586252991,-0.976094994828141,-1.07974340340329,-1.07974340340329,-1.07974340340329,-1.07974340340329,-1.07974340340329,-1.07974340340329,-1.07974340340329,-1.07974340340329,-1.07974340340329,-1.07974340340329,-1.07974340340329,-1.07974340340329,-1.07974340340329,-1.07974340340329,-1.07974340340329,-1.07974340340329,-1.07974340340329,-1.07974340340329,-1.07974340340329,-1.07974340340329,-1.07974340340329,13.8301720645143,11.312099509032,9.00131184012753,6.89918482243001,5.00709422056847,3.32641579917196,1.85852532286951,0.604798556290156,-0.433388735937047,-1.25466078918306,-1.85764183881885,-2.24095612021537,-2.40322786874358,-2.34308131977443,-2.0591407086789,-1.55003027082793,-0.814374241592484,0.14920314365648,1.342077649548,2.76562504071112,2.76562504071112,2.76562504071112,2.76562504071112,2.76562504071112,2.76562504071112,2.76562504071112,2.76562504071112,2.76562504071112,2.76562504071112,2.76562504071112,2.76562504071112,2.76562504071112,2.76562504071112,2.76562504071112,2.76562504071112,2.76562504071112,2.76562504071112,2.76562504071112,2.76562504071112,2.76562504071112,4.55778443145442,3.96809940070857,3.3784143699627,2.78872933921684,2.19904430847097,1.60935927772512,1.02153719181497,0.445512859747089,-0.105099922607334,-0.616364040323838,-1.0613202614253,-1.39520874384772,-1.5796986477421,-1.59516919830073,-1.42385636716084,-1.06282705876979,-0.567371174467553,-0.0360813014210617,0.464528440139389,0.933589054873499,0.933589054873499,0.933589054873499,0.933589054873499,0.933589054873499,0.933589054873499,0.933589054873499,0.933589054873499,0.933589054873499,0.933589054873499,0.933589054873499,0.933589054873499,0.933589054873499,0.933589054873499,0.933589054873499,0.933589054873499,0.933589054873499,0.933589054873499,0.933589054873499,0.933589054873499,0.933589054873499,1,1,1,1,1,1,1,1,1,1,1,1,1,1,1,1,1,1,1,1,1,1,1,1,1,1,1,1,1,1,1,1,1,1,1,1,1,1,1,1
1.10412461581324,0.0506850372359056,-1.52291653919286,-3.21251278157412,0.678507522810084,0.0938180820010164,0.466838202954368,-0.00600761213015133,2.2674115520048,-0.0228500720313392,1.2613539146407,1.87626815237665,2.6743062714193,-3.51272379945413,-0.528600233111638,2.46865161359943,0.559879718723431,-2.72566809779549,-1.74603622855122,0.372748531426685,0.82876295896993,-0.341367332428261,0.472396108912193,-1.26136209810667,0.440279953991244,-0.726453091909695,0.209789635682913,-4.37777713312852,1.60229075269626,-1.09398858440006,-0.674068064557382,-1.15710425958502,-1.63369585685421,-1.54768504996516,-2.57404559663836,-0.668140884600314,-0.163370858401709,-1.25924592175041,0.0754769575621665,0.41628265458148,3.28386696137169,3.0319075635007,2.77994816562972,2.52798876775874,2.27602936988776,2.02406997201677,1.77211057414579,1.52015117627481,1.26819177840382,1.01623238053284,0.76427298266186,0.512313584790876,0.260354186919894,0.00839478904891244,-0.243564608822069,-0.495524006693055,-0.747483404564038,-0.99944280243502,-1.251402200306,-1.50336159817699,-1.50336159817699,-1.50336159817699,-1.50336159817699,-1.50336159817699,-1.50336159817699,-1.50336159817699,-1.50336159817699,-1.50336159817699,-1.50336159817699,-1.50336159817699,-1.50336159817699,-1.50336159817699,-1.50336159817699,-1.50336159817699,-1.50336159817699,-1.50336159817699,-1.50336159817699,-1.50336159817699,-1.50336159817699,-1.50336159817699,6.78274806277365,5.25660028307731,4.02293183761233,3.05003869149507,2.30621680984188,1.75976215776913,1.37897070039315,1.13213840283032,0.987561230196993,0.913535147609512,0.878356120184234,0.850320113037533,0.797723091285745,0.688861020045238,0.492029864432357,0.175525589563467,-0.292355839445076,-0.943318457476929,-1.80906629941572,-2.92130340014508,-2.92130340014508,-2.92130340014508,-2.92130340014508,-2.92130340014508,-2.92130340014508,-2.92130340014508,-2.92130340014508,-2.92130340014508,-2.92130340014508,-2.92130340014508,-2.92130340014508,-2.92130340014508,-2.92130340014508,-2.92130340014508,-2.92130340014508,-2.92130340014508,-2.92130340014508,-2.92130340014508,-2.92130340014508,-2.92130340014508,3.12739662079387,2.89586276757109,2.66432891434832,2.43279506112554,2.20126120790277,1.96972735468,1.738054839308,1.50555459687145,1.27139676214457,1.0345895480819,0.793802220862259,0.548020044874008,0.297404843057949,0.0427316395089754,-0.215968845730481,-0.479160295385645,-0.746223993917745,-1.01530789275226,-1.28483790455849,-1.55430931480941,-1.55430931480941,-1.55430931480941,-1.55430931480941,-1.55430931480941,-1.55430931480941,-1.55430931480941,-1.55430931480941,-1.55430931480941,-1.55430931480941,-1.55430931480941,-1.55430931480941,-1.55430931480941,-1.55430931480941,-1.55430931480941,-1.55430931480941,-1.55430931480941,-1.55430931480941,-1.55430931480941,-1.55430931480941,-1.55430931480941,1,1,1,1,1,1,1,1,1,1,1,1,1,1,1,1,1,1,1,1,1,1,1,1,1,1,1,1,1,1,1,1,1,1,1,1,1,1,1,1
-1.57598644104871,0.21285609662795,0.140556567615589,-0.289325398966798,0.179962263716938,-1.03521421824299,-0.920997398236286,1.16476696310531,-1.29756421958664,0.415232816530548,0.751977145114124,-0.0318932776855085,-3.13942680605166,-0.690912166937586,0.774405652269646,0.757767963843154,0.461565364141954,0.79067208648349,-2.79412417680545,-2.39615304621573,-0.394706041618758,1.96864535756886,0.662930153287586,2.45466704525491,-0.184332633260752,0.339587272977781,-0.873455864635382,-2.41405669790939,1.77771357494664,0.50547197296893,-0.724734641714655,-2.12919267114916,-1.14339527136928,-1.11953443356803,-1.01377325355083,0.917143816346105,-0.0865273085152101,0.645239789747832,-1.77464440146208,-1.30897658579903,-0.223749378889418,-0.316058044970296,-0.408366711051172,-0.500675377132049,-0.592984043212926,-0.685292709293802,-0.777601375374678,-0.869910041455555,-0.962218707536429,-1.05452737361731,-1.14683603969818,-1.23914470577906,-1.33145337185994,-1.42376203794081,-1.51607070402169,-1.60837937010257,-1.70068803618345,-1.79299670226432,-1.8853053683452,-1.97761403442608,-1.97761403442608,-1.97761403442608,-1.97761403442608,-1.97761403442608,-1.97761403442608,-1.97761403442608,-1.97761403442608,-1.97761403442608,-1.97761403442608,-1.97761403442608,-1.97761403442608,-1.97761403442608,-1.97761403442608,-1.97761403442608,-1.97761403442608,-1.97761403442608,-1.97761403442608,-1.97761403442608,-1.97761403442608,-1.97761403442608,-0.0661126825263985,-0.304344198909114,-0.500943185050155,-0.660626604233204,-0.78811141974193,-0.888114594860022,-0.965353092871158,-1.02454387705902,-1.07040391070729,-1.10765015709964,-1.14099957951976,-1.17516914125132,-1.214875805578,-1.2648365357835,-1.32976829515147,-1.41438804696562,-1.52341275450961,-1.66155938106712,-1.83354488992185,-2.04408624435745,-2.04408624435745,-2.04408624435745,-2.04408624435745,-2.04408624435745,-2.04408624435745,-2.04408624435745,-2.04408624435745,-2.04408624435745,-2.04408624435745,-2.04408624435745,-2.04408624435745,-2.04408624435745,-2.04408624435745,-2.04408624435745,-2.04408624435745,-2.04408624435745,-2.04408624435745,-2.04408624435745,-2.04408624435745,-2.04408624435745,-0.228233949937741,-0.319894346571705,-0.411554743205664,-0.50321513983963,-0.594875536473588,-0.68653593310755,-0.778209488925872,-0.86995597127934,-0.961817271260831,-1.05380108584319,-1.14590708559008,-1.23813930814392,-1.33051157215617,-1.42304716929224,-1.51575187687683,-1.60858582778327,-1.70147584883777,-1.79435365132734,-1.88718517537913,-1.97998009435716,-1.97998009435716,-1.97998009435716,-1.97998009435716,-1.97998009435716,-1.97998009435716,-1.97998009435716,-1.97998009435716,-1.97998009435716,-1.97998009435716,-1.97998009435716,-1.97998009435716,-1.97998009435716,-1.97998009435716,-1.97998009435716,-1.97998009435716,-1.97998009435716,-1.97998009435716,-1.97998009435716,-1.97998009435716,-1.97998009435716,1,1,1,1,1,1,1,1,1,1,1,1,1,1,1,1,1,1,1,1,1,1,1,1,1,1,1,1,1,1,1,1,1,1,1,1,1,1,1,1
-3.14618267134906,1.42864971950592,0.217331524567832,0.100288253376879,-0.592607072719149,0.0802198987578393,0.186210651325217,-0.937936196232624,-0.426322769038411,0.270050763348575,-1.10972956927484,3.3195134721937,-0.856893984976681,0.770250931140353,-3.36504799072981,-2.85017316781223,1.71726318798501,1.31484340994548,-1.56907319877623,1.02982147929028,0.791574550958597,-0.584754609065119,-1.92642102364144,3.40909084284247,1.66569245002637,-1.35003712185903,1.48113621550653,0.816596210402709,0.238141479042481,-2.63237484356818,1.50413585803297,-0.833043602483782,0.522684498768115,-1.30033364462035,1.38809602031468,-1.26658789260836,-0.24238831549296,-0.148942729577655,0.650978282740438,-0.909743738808904,-2.35183574787037,-2.23285058296955,-2.11386541806873,-1.99488025316791,-1.87589508826709,-1.75690992336626,-1.63792475846545,-1.51893959356462,-1.3999544286638,-1.28096926376298,-1.16198409886216,-1.04299893396134,-0.924013769060521,-0.805028604159698,-0.686043439258878,-0.567058274358057,-0.448073109457237,-0.329087944556417,-0.210102779655594,-0.0911176147547756,-0.0911176147547756,-0.0911176147547756,-0.0911176147547756,-0.0911176147547756,-0.0911176147547756,-0.0911176147547756,-0.0911176147547756,-0.0911176147547756,-0.0911176147547756,-0.0911176147547756,-0.0911176147547756,-0.0911176147547756,-0.0911176147547756,-0.0911176147547756,-0.0911176147547756,-0.0911176147547756,-0.0911176147547756,-0.0911176147547756,-0.0911176147547756,-0.0911176147547756,-4.74342221641217,-3.86145360777441,-3.14541702617113,-2.57733816746114,-2.13924272750327,-1.81315640215631,-1.58110488727909,-1.42511387873042,-1.32720907236911,-1.26941616405396,-1.23376084964381,-1.20226882499745,-1.1569657859737,-1.07987742843138,-0.953029448229296,-0.758447541226262,-0.47815740328109,-0.0941847302525876,0.411444782000418,1.05670543761913,1.05670543761913,1.05670543761913,1.05670543761913,1.05670543761913,1.05670543761913,1.05670543761913,1.05670543761913,1.05670543761913,1.05670543761913,1.05670543761913,1.05670543761913,1.05670543761913,1.05670543761913,1.05670543761913,1.05670543761913,1.05670543761913,1.05670543761913,1.05670543761913,1.05670543761913,1.05670543761913,-0.646952842825804,-0.762735765255239,-0.878518687684679,-0.994301610114113,-1.11008453254355,-1.22586745497298,-1.33980039379155,-1.44114951784205,-1.5132477634069,-1.54656242700142,-1.53578209834326,-1.46706209018302,-1.32854077446779,-1.12482930230699,-0.865017109412182,-0.55615388426056,-0.219717532801587,0.113254939731311,0.43085344044021,0.741128898277521,0.741128898277521,0.741128898277521,0.741128898277521,0.741128898277521,0.741128898277521,0.741128898277521,0.741128898277521,0.741128898277521,0.741128898277521,0.741128898277521,0.741128898277521,0.741128898277521,0.741128898277521,0.741128898277521,0.741128898277521,0.741128898277521,0.741128898277521,0.741128898277521,0.741128898277521,0.741128898277521,1,1,1,1,1,1,1,1,1,1,1,1,1,1,1,1,1,1,1,1,1,1,1,1,1,1,1,1,1,1,1,1,1,1,1,1,1,1,1,1
-0.313513726888876,1.82947200876442,1.55815250023097,-0.547282418047213,-3.04389617843832,0.953821187386452,-0.241519847092309,0.417494310557956,-1.85594923118346,-3.87263901825788,1.77243981179817,-0.3058784312579,-1.34654535951136,-0.0375312856756498,-2.75501712700553,-1.43974854559017,-1.51719682850615,-1.54505006534587,0.253403583056109,1.1690389932798,1.47781647256196,-2.38165559232809,-0.74517571646683,-1.00714349370852,0.534262910755837,0.519460653103732,0.221331581511482,0.647233594641969,0.186255020545893,0.175600777707576,-1.55863768143707,0.811545853908127,-2.82478723217071,-0.759224083975083,-0.486515918116737,2.45933189021115,0.491267372915136,-0.362519242950034,1.9519280146004,-1.13159024242162,-2.50140664302307,-2.38588831617787,-2.27036998933267,-2.15485166248748,-2.03933333564228,-1.92381500879708,-1.80829668195188,-1.69277835510668,-1.57726002826148,-1.46174170141628,-1.34622337457108,-1.23070504772588,-1.11518672088068,-0.999668394035485,-0.884150067190284,-0.768631740345084,-0.653113413499884,-0.53759508665469,-0.422076759809487,-0.306558432964287,-0.306558432964287,-0.306558432964287,-0.306558432964287,-0.306558432964287,-0.306558432964287,-0.306558432964287,-0.306558432964287,-0.306558432964287,-0.306558432964287,-0.306558432964287,-0.306558432964287,-0.306558432964287,-0.306558432964287,-0.306558432964287,-0.306558432964287,-0.306558432964287,-0.306558432964287,-0.306558432964287,-0.306558432964287,-0.306558432964287,-5.76225573301526,-5.06372793959999,-4.42068505809773,-3.83164615426762,-3.29513029386881,-2.80965654266046,-2.37374396640173,-1.98591163085176,-1.64467860176969,-1.34856394491469,-1.09608672604592,-0.885766010922499,-0.716120865303607,-0.585670354948402,-0.492933545615998,-0.436429503065582,-0.414677293056293,-0.426195981347288,-0.469504633697705,-0.543122315866704,-0.543122315866704,-0.543122315866704,-0.543122315866704,-0.543122315866704,-0.543122315866704,-0.543122315866704,-0.543122315866704,-0.543122315866704,-0.543122315866704,-0.543122315866704,-0.543122315866704,-0.543122315866704,-0.543122315866704,-0.543122315866704,-0.543122315866704,-0.543122315866704,-0.543122315866704,-0.543122315866704,-0.543122315866704,-0.543122315866704,-5.49450894522254,-5.00003182698465,-4.50555470874675,-4.01107759050887,-3.51660047227097,-3.02212335403308,-2.53216913223527,-2.06085356051564,-1.59733207998539,-1.15076757342624,-0.771335874658849,-0.489488117462056,-0.298563378896858,-0.199339306135863,-0.198554104186814,-0.286086629221698,-0.46535951006369,-0.766860219956639,-1.19415822312124,-1.69461275305863,-1.69461275305863,-1.69461275305863,-1.69461275305863,-1.69461275305863,-1.69461275305863,-1.69461275305863,-1.69461275305863,-1.69461275305863,-1.69461275305863,-1.69461275305863,-1.69461275305863,-1.69461275305863,-1.69461275305863,-1.69461275305863,-1.69461275305863,-1.69461275305863,-1.69461275305863,-1.69461275305863,-1.69461275305863,-1.69461275305863,1,1,1,1,1,1,1,1,1,1,1,1,1,1,1,1,1,1,1,1,1,1,1,1,1,1,1,1,1,1,1,1,1,1,1,1,1,1,1,1
0.0473108910623989,3.41157464477674,0.733905875979988,0.476500999851087,0.827414274853208,1.12068331654807,-2.27064723463165,0.592905097350091,-1.20569345804742,1.7990964960401,0.0147324228824655,-0.39555563657701,1.99077098347725,-1.6297187646351,-0.455234189495053,1.80335448493105,-1.4668795869526,-2.18726879078818,-0.333405859699974,-1.14526472783663,0.937329877309205,-1.8500857459832,0.989684807137085,-1.63318367702929,-0.0969591949081945,0.453695652230659,0.432614888903414,0.62257944279507,1.16758108812342,-0.47247913970269,0.663812802205936,1.00994363631849,0.828854450477085,1.07790957573977,-1.61963378254542,-0.635345654940425,-0.657205259784361,-0.882573921736196,-2.3659608595563,0.63231482141647,-1.49111555771661,-1.41851541614557,-1.34591527457454,-1.27331513300351,-1.20071499143248,-1.12811484986145,-1.05551470829041,-0.982914566719382,-0.910314425148348,-0.837714283577316,-0.765114142006285,-0.692514000435251,-0.619913858864219,-0.547313717293187,-0.474713575722154,-0.402113434151122,-0.32951329258009,-0.256913151009057,-0.184313009438029,-0.111712867866995,-0.111712867866995,-0.111712867866995,-0.111712867866995,-0.111712867866995,-0.111712867866995,-0.111712867866995,-0.111712867866995,-0.111712867866995,-0.111712867866995,-0.111712867866995,-0.111712867866995,-0.111712867866995,-0.111712867866995,-0.111712867866995,-0.111712867866995,-0.111712867866995,-0.111712867866995,-0.111712867866995,-0.111712867866995,-0.111712867866995,8.58995194770182,4.77233820997979,1.87127697330663,-0.213626150547827,-1.58276554981373,-2.33653561272125,-2.57533072750053,-2.39954528238173,-1.909573665595,-1.20581026537051,-0.388649469938406,0.441514332471144,1.184286753628,1.73927340530197,2.00607989926294,1.88431184728074,1.27357486112519,0.0734745525661555,-1.8163834666265,-4.49639358468297,-4.49639358468297,-4.49639358468297,-4.49639358468297,-4.49639358468297,-4.49639358468297,-4.49639358468297,-4.49639358468297,-4.49639358468297,-4.49639358468297,-4.49639358468297,-4.49639358468297,-4.49639358468297,-4.49639358468297,-4.49639358468297,-4.49639358468297,-4.49639358468297,-4.49639358468297,-4.49639358468297,-4.49639358468297,-4.49639358468297,-5.32850095522513,-4.7972816843515,-4.26606241347787,-3.73484314260425,-3.20362387173061,-2.672404600857,-2.13179266762594,-1.56687918054267,-1.067907062802,-0.665961737251154,-0.252416903908337,0.200812670013713,0.569010312080373,0.772918595593627,0.824130789899465,0.684120068385907,0.275691821718679,-0.393613684300318,-1.23329114260307,-2.14618481180347,-2.14618481180347,-2.14618481180347,-2.14618481180347,-2.14618481180347,-2.14618481180347,-2.14618481180347,-2.14618481180347,-2.14618481180347,-2.14618481180347,-2.14618481180347,-2.14618481180347,-2.14618481180347,-2.14618481180347,-2.14618481180347,-2.14618481180347,-2.14618481180347,-2.14618481180347,-2.14618481180347,-2.14618481180347,-2.14618481180347,1,1,1,1,1,1,1,1,1,1,1,1,1,1,1,1,1,1,1,1,1,1,1,1,1,1,1,1,1,1,1,1,1,1,1,1,1,1,1,1
0.0632915061334884,1.08236192023029,2.96680156775895,-0.473559565382081,2.06571440854091,-1.94937936339846,1.21090155839636,0.892935972588176,-1.5583644907474,-2.4983376774078,-0.134320053228084,0.299004531294432,-0.363888243557401,-1.88145546635926,-0.0913390638237299,-0.0736831809516971,1.80666632003746,0.137436029036667,3.99272409531528,0.0511499467499146,1.58065955426334,0.569809147725708,-0.399441624153294,-1.24810409689445,-0.171232543249316,-1.0253176923799,1.5432703451079,0.514099287109763,-1.65131381908632,0.313933912443709,-1.38065471682354,-0.989892353796908,0.933714152052595,-1.04087386267975,3.12228515237462,2.03520186184315,-4.61270292236489,-1.13975824296591,-0.809702321201318,-1.46864412467808,0.854800162159927,0.759506299104985,0.664212436050043,0.568918572995103,0.47362470994016,0.378330846885218,0.283036983830277,0.187743120775336,0.0924492577203928,-0.00284460533454833,-0.0981384683894895,-0.193432331444431,-0.288726194499374,-0.384020057554316,-0.479313920609258,-0.574607783664199,-0.66990164671914,-0.765195509774083,-0.860489372829026,-0.955783235883969,-0.955783235883969,-0.955783235883969,-0.955783235883969,-0.955783235883969,-0.955783235883969,-0.955783235883969,-0.955783235883969,-0.955783235883969,-0.955783235883969,-0.955783235883969,-0.955783235883969,-0.955783235883969,-0.955783235883969,-0.955783235883969,-0.955783235883969,-0.955783235883969,-0.955783235883969,-0.955783235883969,-0.955783235883969,-0.955783235883969,6.72260484779024,5.02761603460069,3.61757026035041,2.46735475826872,1.55185676158492,0.845963503528309,0.324562217328199,-0.0374598637861059,-0.265215506585301,-0.383817477840084,-0.418378544321145,-0.394011472799182,-0.335829030044893,-0.268943982828972,-0.218469097922101,-0.209517142094988,-0.267200882118329,-0.416633084762802,-0.682926516799125,-1.09119394499799,-1.09119394499799,-1.09119394499799,-1.09119394499799,-1.09119394499799,-1.09119394499799,-1.09119394499799,-1.09119394499799,-1.09119394499799,-1.09119394499799,-1.09119394499799,-1.09119394499799,-1.09119394499799,-1.09119394499799,-1.09119394499799,-1.09119394499799,-1.09119394499799,-1.09119394499799,-1.09119394499799,-1.09119394499799,-1.09119394499799,1.56365463766191,1.37117383110227,1.17869302454264,0.986212217983001,0.793731411423365,0.601250604863729,0.408858798249812,0.218016300721619,0.0354281914598555,-0.12741529889764,-0.262384336493792,-0.370615972798058,-0.456427329321329,-0.520207421861853,-0.562436199499034,-0.588137601620023,-0.601846492746025,-0.60419702794095,-0.596719125651706,-0.584264150347302,-0.584264150347302,-0.584264150347302,-0.584264150347302,-0.584264150347302,-0.584264150347302,-0.584264150347302,-0.584264150347302,-0.584264150347302,-0.584264150347302,-0.584264150347302,-0.584264150347302,-0.584264150347302,-0.584264150347302,-0.584264150347302,-0.584264150347302,-0.584264150347302,-0.584264150347302,-0.584264150347302,-0.584264150347302,-0.584264150347302,1,1,1,1,1,1,1,1,1,1,1,1,1,1,1,1,1,1,1,1,1,1,1,1,1,1,1,1,1,1,1,1,1,1,1,1,1,1,1,1
0.239649187226668,-2.22207826348688,0.0140711989251106,0.48600945208999,0.746421294999916,-0.606190331700006,-1.90190342100236,0.861898942603376,0.74918789905589,1.54705387879808,-1.57822791096483,1.15593985998537,-3.0296428272011,0.791487413632156,-2.24937716839085,0.205123788105913,-1.64296427439059,1.732729061479,-2.2065336867936,-0.531005359430074,-1.0058652926567,-0.73996878517301,-1.92908894460228,-1.15661190931769,1.77664935110375,0.015994479986384,1.37589552571506,1.02261715806946,-0.445329811125971,1.1371595339734,1.35926681113773,-0.00530371071294766,0.481591515888569,-2.24151617736179,-1.73233866943213,-1.20223934889008,-0.260678332877843,-0.602709601291364,0.666613132637385,0.876196089793712,2.64599027778132,2.46632195904014,2.28665364029896,2.10698532155778,1.9273170028166,1.74764868407542,1.56798036533425,1.38831204659307,1.20864372785189,1.02897540911071,0.849307090369534,0.669638771628355,0.489970452887176,0.310302134145997,0.130633815404819,-0.0490345033363599,-0.228702822077539,-0.408371140818716,-0.588039459559896,-0.767707778301073,-0.767707778301073,-0.767707778301073,-0.767707778301073,-0.767707778301073,-0.767707778301073,-0.767707778301073,-0.767707778301073,-0.767707778301073,-0.767707778301073,-0.767707778301073,-0.767707778301073,-0.767707778301073,-0.767707778301073,-0.767707778301073,-0.767707778301073,-0.767707778301073,-0.767707778301073,-0.767707778301073,-0.767707778301073,-0.767707778301073,-7.19127632034451,-5.07097481564276,-3.29184448157297,-1.82926635667933,-0.658621479506031,0.244709111402742,0.905344377502795,1.34790328024993,1.59700478109998,1.67726784150874,1.61331142293204,1.42975448682567,1.15121599464544,0.80231490784718,0.407670187886701,-0.00809920378022078,-0.420374305697715,-0.804536156410025,-1.1359657944613,-1.39004425839576,-1.39004425839576,-1.39004425839576,-1.39004425839576,-1.39004425839576,-1.39004425839576,-1.39004425839576,-1.39004425839576,-1.39004425839576,-1.39004425839576,-1.39004425839576,-1.39004425839576,-1.39004425839576,-1.39004425839576,-1.39004425839576,-1.39004425839576,-1.39004425839576,-1.39004425839576,-1.39004425839576,-1.39004425839576,-1.39004425839576,2.6441462638689,2.46471698147552,2.28528769908215,2.10585841668877,1.92642913429539,1.74699985190201,1.5675689827027,1.38812840839955,1.20866707692086,1.02917262458132,0.849639937096734,0.670073064474799,0.490463336489697,0.310782433858353,0.13101554417406,-0.0488202307211232,-0.228701665806437,-0.408615833272439,-0.588547858925386,-0.768482792504347,-0.768482792504347,-0.768482792504347,-0.768482792504347,-0.768482792504347,-0.768482792504347,-0.768482792504347,-0.768482792504347,-0.768482792504347,-0.768482792504347,-0.768482792504347,-0.768482792504347,-0.768482792504347,-0.768482792504347,-0.768482792504347,-0.768482792504347,-0.768482792504347,-0.768482792504347,-0.768482792504347,-0.768482792504347,-0.768482792504347,1,1,1,1,1,1,1,1,1,1,1,1,1,1,1,1,1,1,1,1,1,1,1,1,1,1,1,1,1,1,1,1,1,1,1,1,1,1,1,1
-0.808882526708112,-1.55339907352617,0.117370990842144,1.49002731662417,2.93726437041667,-0.920082787320018,0.0356845453935861,0.761593848338867,-0.320024293087538,3.35496954886583,1.67088864355519,1.10992787815557,0.2740746853171,0.643234131686842,-0.308286745113694,0.681911692303116,-0.703327314762374,0.654761337633259,0.921134615324576,0.171903053827579,-2.49909048159996,-0.127836894715646,-1.09583686623166,0.796587336047484,-3.47510285922951,-0.721687770574059,1.20934804629817,-1.20729592217239,-1.21203809452733,-1.28354500955275,1.37162697892532,1.21553328722288,-1.47944610051219,1.08499646179356,1.03387735048891,-0.923717074200191,-0.759045702492967,1.02047512814616,-1.10221175010746,1.48585083519639,2.58985916215904,2.40743317912366,2.22500719608828,2.0425812130529,1.86015523001752,1.67772924698214,1.49530326394675,1.31287728091137,1.13045129787599,0.948025314840606,0.765599331805227,0.583173348769842,0.400747365734462,0.218321382699079,0.0358953996636977,-0.146530583371682,-0.328956566407069,-0.511382549442446,-0.693808532477828,-0.876234515513213,-0.876234515513213,-0.876234515513213,-0.876234515513213,-0.876234515513213,-0.876234515513213,-0.876234515513213,-0.876234515513213,-0.876234515513213,-0.876234515513213,-0.876234515513213,-0.876234515513213,-0.876234515513213,-0.876234515513213,-0.876234515513213,-0.876234515513213,-0.876234515513213,-0.876234515513213,-0.876234515513213,-0.876234515513213,-0.876234515513213,-21.8085818777538,-16.2424830735875,-11.5439645011049,-7.64865241449286,-4.49217306793791,-2.01015271562679,-0.138217611746163,1.18800598951726,2.03289183397683,2.46081366744585,2.53614523573763,2.32326028466549,1.88653256004278,1.29033580768278,0.599043773398815,-0.122969796995781,-0.811331157687702,-1.4016665628636,-1.82960226671021,-2.0307645234142,-2.0307645234142,-2.0307645234142,-2.0307645234142,-2.0307645234142,-2.0307645234142,-2.0307645234142,-2.0307645234142,-2.0307645234142,-2.0307645234142,-2.0307645234142,-2.0307645234142,-2.0307645234142,-2.0307645234142,-2.0307645234142,-2.0307645234142,-2.0307645234142,-2.0307645234142,-2.0307645234142,-2.0307645234142,-2.0307645234142,-3.00929188028108,-2.48951400539997,-1.96973613051887,-1.44995825563778,-0.930180380756675,-0.410402505875576,0.116403126432983,0.673571037421866,1.23073005649856,1.6915239753881,1.9585556129385,1.99813026691892,1.83992397456819,1.52937090653763,1.08868362245179,0.511419307195798,-0.208806414702671,-1.03778411338471,-1.90505576120386,-2.76457595751618,-2.76457595751618,-2.76457595751618,-2.76457595751618,-2.76457595751618,-2.76457595751618,-2.76457595751618,-2.76457595751618,-2.76457595751618,-2.76457595751618,-2.76457595751618,-2.76457595751618,-2.76457595751618,-2.76457595751618,-2.76457595751618,-2.76457595751618,-2.76457595751618,-2.76457595751618,-2.76457595751618,-2.76457595751618,-2.76457595751618,1,1,1,1,1,1,1,1,1,1,1,1,1,1,1,1,1,1,1,1,1,1,1,1,1,1,1,1,1,1,1,1,1,1,1,1,1,1,1,1
0.75271185339244,-0.593995511766738,-3.72770702104423,0.877438290772354,-0.84334859077061,-0.0604657068805912,1.27475922999733,-0.276102565499398,1.76005076928572,2.35057408510695,0.329229570692481,-1.4718810199843,-0.322954597761669,-1.38921481228485,1.49595771893068,-0.672330469833444,-0.801549971502261,-1.2632800289295,3.38504099587574,-0.50614761365779,-0.724537382134402,-2.29494911571445,0.584552555028157,-0.602650896402567,0.410821438682675,-1.4026345702692,-0.439083175637828,-1.15258847381899,2.09293061292683,-0.599152570577328,-3.05311070958693,-1.13492879530516,-2.37705118032115,2.12579355865932,-0.585861921969045,2.05898876688734,-0.568551110215717,2.82772097269832,1.67405414113071,3.52206140644697,0.726984616680864,0.595953251252584,0.464921885824303,0.333890520396022,0.20285915496774,0.0718277895394603,-0.0592035758888203,-0.190234941317101,-0.321266306745384,-0.452297672173666,-0.583329037601947,-0.714360403030227,-0.845391768458509,-0.976423133886788,-1.10745449931507,-1.23848586474335,-1.36951723017163,-1.50054859559991,-1.63157996102819,-1.76261132645648,-1.76261132645648,-1.76261132645648,-1.76261132645648,-1.76261132645648,-1.76261132645648,-1.76261132645648,-1.76261132645648,-1.76261132645648,-1.76261132645648,-1.76261132645648,-1.76261132645648,-1.76261132645648,-1.76261132645648,-1.76261132645648,-1.76261132645648,-1.76261132645648,-1.76261132645648,-1.76261132645648,-1.76261132645648,-1.76261132645648,-23.7353934398894,-17.5881310067671,-12.5016295014559,-8.38614385182095,-5.15192898572735,-2.70923983104035,-0.968331315625121,0.160541632653137,0.767124085929224,0.94116111633797,0.772397796014177,0.350579197092651,-0.234549608291815,-0.893243548004394,-1.53575754991028,-2.07234654187467,-2.41326545176275,-2.46876920743971,-2.14911273677065,-1.36455096762098,-1.36455096762098,-1.36455096762098,-1.36455096762098,-1.36455096762098,-1.36455096762098,-1.36455096762098,-1.36455096762098,-1.36455096762098,-1.36455096762098,-1.36455096762098,-1.36455096762098,-1.36455096762098,-1.36455096762098,-1.36455096762098,-1.36455096762098,-1.36455096762098,-1.36455096762098,-1.36455096762098,-1.36455096762098,-1.36455096762098,0.197352374317076,0.122578465054598,0.0478045557920792,-0.0269693534704389,-0.101743262732917,-0.176517171995425,-0.197302741864003,0.0171793230343216,0.302067347802033,0.284232960525223,-0.142380142112351,-0.77268980697545,-1.38354562840452,-1.87634836716782,-2.21173305072601,-2.33875188187044,-2.19488281223029,-1.75836492881731,-1.09221409977551,-0.313698915943728,-0.313698915943728,-0.313698915943728,-0.313698915943728,-0.313698915943728,-0.313698915943728,-0.313698915943728,-0.313698915943728,-0.313698915943728,-0.313698915943728,-0.313698915943728,-0.313698915943728,-0.313698915943728,-0.313698915943728,-0.313698915943728,-0.313698915943728,-0.313698915943728,-0.313698915943728,-0.313698915943728,-0.313698915943728,-0.313698915943728,1,1,1,1,1,1,1,1,1,1,1,1,1,1,1,1,1,1,1,1,1,1,1,1,1,1,1,1,1,1,1,1,1,1,1,1,1,1,1,1
-1.0047515590436,0.322015741931749,-1.87197402618989,-1.11020280970906,1.41183618770469,-3.39045309067511,-0.314167059758432,0.357061651905946,-1.61338626898139,-0.194884702452706,-4.0231181692755,3.28130795664808,-0.49940596483594,0.325414495200304,-2.24806614332511,-1.01330927224304,-1.76013656178229,0.516360240065572,1.2569437291741,0.734217455176063,-0.0650023866726261,0.167412354312816,-0.404350422666651,1.11510832441576,-0.210532410321594,-0.473706076425341,-0.262434593819631,0.131829768180497,-2.65368001201526,-0.819278226783153,0.170767107570232,-0.778445699731165,1.47169970316688,1.39597712933235,1.37233213456096,-1.86645324111205,0.655484970826679,0.933414529408308,0.986889695159306,1.29530587952083,-2.74730707398506,-2.57351737040243,-2.3997276668198,-2.22593796323717,-2.05214825965455,-1.87835855607192,-1.70456885248929,-1.53077914890666,-1.35698944532404,-1.18319974174141,-1.00941003815878,-0.83562033457615,-0.661830630993522,-0.488040927410895,-0.314251223828267,-0.140461520245641,0.0333281833369892,0.207117886919615,0.380907590502243,0.554697294084875,0.554697294084875,0.554697294084875,0.554697294084875,0.554697294084875,0.554697294084875,0.554697294084875,0.554697294084875,0.554697294084875,0.554697294084875,0.554697294084875,0.554697294084875,0.554697294084875,0.554697294084875,0.554697294084875,0.554697294084875,0.554697294084875,0.554697294084875,0.554697294084875,0.554697294084875,0.554697294084875,-7.19476841147089,-6.21825019865016,-5.30486606154289,-4.45613870205239,-3.67359082208193,-2.95874512353481,-2.31312430831433,-1.73825107832376,-1.23564813546641,-0.806838181645556,-0.453343918764489,-0.176688048726493,0.0216067265651319,0.140017705207082,0.17702218529608,0.131097464928835,0.000720842202076355,-0.215630384787525,-0.519478917943221,-0.912347459168332,-0.912347459168332,-0.912347459168332,-0.912347459168332,-0.912347459168332,-0.912347459168332,-0.912347459168332,-0.912347459168332,-0.912347459168332,-0.912347459168332,-0.912347459168332,-0.912347459168332,-0.912347459168332,-0.912347459168332,-0.912347459168332,-0.912347459168332,-0.912347459168332,-0.912347459168332,-0.912347459168332,-0.912347459168332,-0.912347459168332,-4.46453633478935,-4.06241446173399,-3.66029258867865,-3.2581707156233,-2.85604884256795,-2.45392696951259,-2.05531222636047,-1.67342792085838,-1.30609204934672,-0.943150741103302,-0.588645191891422,-0.269922092620996,-0.0378653104419087,0.0597011233173319,0.0259762451069694,-0.0843814192611525,-0.221718429036541,-0.368821089418805,-0.518091749911983,-0.66311566107043,-0.66311566107043,-0.66311566107043,-0.66311566107043,-0.66311566107043,-0.66311566107043,-0.66311566107043,-0.66311566107043,-0.66311566107043,-0.66311566107043,-0.66311566107043,-0.66311566107043,-0.66311566107043,-0.66311566107043,-0.66311566107043,-0.66311566107043,-0.66311566107043,-0.66311566107043,-0.66311566107043,-0.66311566107043,-0.66311566107043,1,1,1,1,1,1,1,1,1,1,1,1,1,1,1,1,1,1,1,1,1,1,1,1,1,1,1,1,1,1,1,1,1,1,1,1,1,1,1,1
-2.87414086308609,-1.71797709982617,-0.725119606344857,2.494208726865,2.32444713930729,-1.5683109137909,2.16877282653894,1.71992698903433,-0.54400471975654,-1.09825577174469,1.3307254946119,-1.12913969313853,0.865519724561306,0.791334919206843,2.6838753121823,1.45805075684052,-0.906311785901979,1.72437810462825,-0.27059340054099,2.37066460985672,2.33606288680393,0.0794595935427296,1.40255145124051,-0.532949209510912,-0.0797493164560539,2.05243381106314,2.37225138904223,-0.406581426664005,-0.496001258796545,0.471272240756756,0.570039909868056,-1.3221069179947,-0.893523093861027,-1.06085389083336,-1.67022942652928,0.0527546227650646,0.208161133357487,2.4834836938782,-0.685508350883298,-1.45915594872854,3.41549913733676,3.15690723248542,2.89831532763408,2.63972342278275,2.38113151793141,2.12253961308007,1.86394770822873,1.60535580337739,1.34676389852606,1.08817199367472,0.829580088823384,0.570988183972045,0.312396279120707,0.0538043742693688,-0.204787530581967,-0.463379435433303,-0.721971340284643,-0.980563245135977,-1.23915514998732,-1.49774705483865,-1.49774705483865,-1.49774705483865,-1.49774705483865,-1.49774705483865,-1.49774705483865,-1.49774705483865,-1.49774705483865,-1.49774705483865,-1.49774705483865,-1.49774705483865,-1.49774705483865,-1.49774705483865,-1.49774705483865,-1.49774705483865,-1.49774705483865,-1.49774705483865,-1.49774705483865,-1.49774705483865,-1.49774705483865,-1.49774705483865,6.50952598020852,5.39527916658976,4.44135930785172,3.63261671747153,2.95390170892634,2.39006459569328,1.92595569124951,1.54642530907215,1.23632376263836,0.980501365425267,0.763808430910018,0.571095272569737,0.387212203881601,0.197009538322719,-0.0146624106297519,-0.26295332949865,-0.563012904806881,-0.929990823077301,-1.37903677083272,-1.92530043459603,-1.92530043459603,-1.92530043459603,-1.92530043459603,-1.92530043459603,-1.92530043459603,-1.92530043459603,-1.92530043459603,-1.92530043459603,-1.92530043459603,-1.92530043459603,-1.92530043459603,-1.92530043459603,-1.92530043459603,-1.92530043459603,-1.92530043459603,-1.92530043459603,-1.92530043459603,-1.92530043459603,-1.92530043459603,-1.92530043459603,2.3851351184632,2.27332413491894,2.1615131513747,2.04970216783045,1.9378911842862,1.82608020074194,1.70115490135217,1.51391549445688,1.27806679929851,1.05688423388208,0.880280851521434,0.740676418415735,0.638727753933271,0.563698551734001,0.435159824894058,0.125160552198782,-0.444273449653297,-1.24961342708622,-2.20513491601849,-3.22407483398768,-3.22407483398768,-3.22407483398768,-3.22407483398768,-3.22407483398768,-3.22407483398768,-3.22407483398768,-3.22407483398768,-3.22407483398768,-3.22407483398768,-3.22407483398768,-3.22407483398768,-3.22407483398768,-3.22407483398768,-3.22407483398768,-3.22407483398768,-3.22407483398768,-3.22407483398768,-3.22407483398768,-3.22407483398768,-3.22407483398768,1,1,1,1,1,1,1,1,1,1,1,1,1,1,1,1,1,1,1,1,1,1,1,1,1,1,1,1,1,1,1,1,1,1,1,1,1,1,1,1
1.03815303761387,1.03300369585336,1.56155064421243,1.42153172037256,-1.59436987109491,-0.198578894472279,-2.98025955597354,-0.642001620406932,-0.471321475893051,-1.96535081820206,-2.96653895200254,0.198731944341249,0.375487811740701,1.17031180306813,1.71164933510699,1.4561388506909,1.50096500486626,-0.322221471919091,-1.08369658256864,-2.3298493815478,1.5908095158643,-1.3534194275306,0.0782193156305961,-1.39107303047894,0.0245261385676514,3.09915501270646,0.347916407281151,2.20397997230509,1.82090589121978,-0.29499003556518,-3.49300279875496,1.34880373594809,-1.41235136234141,1.42267678099154,-0.0638432173384942,-0.229837409684293,0.439560549356489,2.65722069280531,2.8603034899615,0.336161133566895,-2.61772889564963,-2.63401877728663,-2.65030865892364,-2.66659854056064,-2.68288842219765,-2.69917830383465,-2.71546818547166,-2.73175806710866,-2.74804794874567,-2.76433783038267,-2.78062771201968,-2.79691759365668,-2.81320747529369,-2.82949735693069,-2.8457872385677,-2.8620771202047,-2.8783670018417,-2.89465688347871,-2.91094676511572,-2.92723664675272,-2.92723664675272,-2.92723664675272,-2.92723664675272,-2.92723664675272,-2.92723664675272,-2.92723664675272,-2.92723664675272,-2.92723664675272,-2.92723664675272,-2.92723664675272,-2.92723664675272,-2.92723664675272,-2.92723664675272,-2.92723664675272,-2.92723664675272,-2.92723664675272,-2.92723664675272,-2.92723664675272,-2.92723664675272,-2.92723664675272,19.4432836123994,13.7042340765789,8.92798072002983,5.03495646798864,1.94559424569173,-0.419673021624442,-2.14041240872344,-3.29619099036884,-3.96657584132417,-4.23113403635301,-4.16943265021894,-3.8610387576855,-3.38551943351624,-2.82244175247473,-2.25137278932454,-1.75187961882926,-1.40352931575238,-1.28588895485748,-1.47852561090818,-2.06100635866799,-2.06100635866799,-2.06100635866799,-2.06100635866799,-2.06100635866799,-2.06100635866799,-2.06100635866799,-2.06100635866799,-2.06100635866799,-2.06100635866799,-2.06100635866799,-2.06100635866799,-2.06100635866799,-2.06100635866799,-2.06100635866799,-2.06100635866799,-2.06100635866799,-2.06100635866799,-2.06100635866799,-2.06100635866799,-2.06100635866799,-2.53600131849713,-2.5593304743037,-2.58265963011026,-2.60598878591682,-2.62931794172339,-2.65264709752995,-2.6672114809731,-2.64737597003604,-2.63472438774154,-2.68920663307307,-2.81906646344713,-3.00013941182852,-3.17923969559266,-3.26615398927397,-3.21007008782458,-3.05467032430859,-2.86681202549637,-2.67401189670617,-2.4907214743125,-2.32511582487494,-2.32511582487494,-2.32511582487494,-2.32511582487494,-2.32511582487494,-2.32511582487494,-2.32511582487494,-2.32511582487494,-2.32511582487494,-2.32511582487494,-2.32511582487494,-2.32511582487494,-2.32511582487494,-2.32511582487494,-2.32511582487494,-2.32511582487494,-2.32511582487494,-2.32511582487494,-2.32511582487494,-2.32511582487494,-2.32511582487494,1,1,1,1,1,1,1,1,0,0,1,0,0,1,1,1,1,1,1,1,1,1,1,1,1,1,1,1,1,1,1,1,1,1,1,1,1,1,1,1
-2.20688101617593,-0.0493422652390443,-0.288311573335402,-0.980416202058791,1.02921979411298,-0.372492356061295,2.160329549851,1.39429515995517,-0.794120465141772,-0.995334857456216,1.89217829998431,0.0670115369065876,0.286969611998162,-1.87612435264924,-1.15323220309076,-1.13844692414834,1.40797479272701,-1.33129661798645,-0.754162808304695,1.02108213148679,4.18280587242078,-0.100371260861252,-1.15423691250903,-0.292330050304644,0.312434997757919,0.244727379877007,-0.522779746910253,0.146050484241433,-0.272130968666946,1.46234648623326,-1.21037955831779,0.407200279601788,-0.542158032622019,-0.507611830650756,-1.50736194939733,1.22985128619463,-1.3059836216564,0.0553439186162095,2.01320502015032,0.259037001723767,0.402543501722829,0.274508056063346,0.146472610403862,0.0184371647443786,-0.109598280915105,-0.237633726574588,-0.365669172234073,-0.493704617893554,-0.621740063553037,-0.749775509212521,-0.877810954872004,-1.00584640053149,-1.13388184619097,-1.26191729185046,-1.38995273750994,-1.51798818316942,-1.6460236288289,-1.77405907448839,-1.90209452014787,-2.03012996580735,-2.03012996580735,-2.03012996580735,-2.03012996580735,-2.03012996580735,-2.03012996580735,-2.03012996580735,-2.03012996580735,-2.03012996580735,-2.03012996580735,-2.03012996580735,-2.03012996580735,-2.03012996580735,-2.03012996580735,-2.03012996580735,-2.03012996580735,-2.03012996580735,-2.03012996580735,-2.03012996580735,-2.03012996580735,-2.03012996580735,-19.7306143009857,-14.3602268686957,-9.9902988648716,-6.52924014439048,-3.88546056212918,-1.96736997296463,-0.683378231773742,0.0581048065665808,0.348669287179421,0.279905355187848,-0.0565968442850107,-0.569247166116108,-1.16645546518237,-1.75663159636064,-2.24818541452792,-2.54952677456104,-2.56906553133699,-2.21521153973264,-1.39637465462491,-0.0209647308907535,-0.0209647308907535,-0.0209647308907535,-0.0209647308907535,-0.0209647308907535,-0.0209647308907535,-0.0209647308907535,-0.0209647308907535,-0.0209647308907535,-0.0209647308907535,-0.0209647308907535,-0.0209647308907535,-0.0209647308907535,-0.0209647308907535,-0.0209647308907535,-0.0209647308907535,-0.0209647308907535,-0.0209647308907535,-0.0209647308907535,-0.0209647308907535,-0.0209647308907535,1.62523088271966,1.34932888867568,1.07342689463169,0.797524900587705,0.521622906543721,0.245720912499728,-0.0272663767134471,-0.292241148770296,-0.578304919661958,-0.910254047625978,-1.26632554709735,-1.60303354781483,-1.87817652171316,-2.03766448371172,-2.03289878197343,-1.86683992998608,-1.5861079352787,-1.22632439238772,-0.798585960303367,-0.325098811109964,-0.325098811109964,-0.325098811109964,-0.325098811109964,-0.325098811109964,-0.325098811109964,-0.325098811109964,-0.325098811109964,-0.325098811109964,-0.325098811109964,-0.325098811109964,-0.325098811109964,-0.325098811109964,-0.325098811109964,-0.325098811109964,-0.325098811109964,-0.325098811109964,-0.325098811109964,-0.325098811109964,-0.325098811109964,-0.325098811109964,1,1,1,1,1,1,1,1,1,1,1,1,1,1,1,1,1,1,1,1,1,1,1,1,1,1,1,1,1,1,1,1,1,1,1,1,1,1,1,1
0.270018897625492,-0.461404534643359,-3.36055221514734,-0.291741694212653,0.599741546300663,1.37140059135741,-0.670731192322959,1.18543471915727,-1.86361125761058,-0.0439595382681901,-0.904450195075778,0.558177719218923,0.939681491122386,-0.935270331895437,2.09945540029154,0.609252624413779,-0.202816955583003,1.81823187545576,-0.348743999924581,-1.84493288077084,1.02746940676128,0.691972129195506,1.04938953583345,1.72404060621789,0.956340846393102,0.216305400857447,-1.39391788586629,-0.21488662094243,-0.194308585356758,-0.34191558153791,-0.192090525071597,-0.151363048153128,0.0268336568568994,0.761310320827166,-1.44002344068386,-0.937345147760166,0.00636283247356673,0.695487505105735,0.192349575716399,0.0177939422023083,-1.36136442418217,-1.33942861235997,-1.31749280053777,-1.29555698871557,-1.27362117689337,-1.25168536507117,-1.22974955324898,-1.20781374142678,-1.18587792960458,-1.16394211778238,-1.14200630596018,-1.12007049413798,-1.09813468231578,-1.07619887049358,-1.05426305867138,-1.03232724684918,-1.01039143502698,-0.988455623204784,-0.966519811382586,-0.944583999560386,-0.944583999560386,-0.944583999560386,-0.944583999560386,-0.944583999560386,-0.944583999560386,-0.944583999560386,-0.944583999560386,-0.944583999560386,-0.944583999560386,-0.944583999560386,-0.944583999560386,-0.944583999560386,-0.944583999560386,-0.944583999560386,-0.944583999560386,-0.944583999560386,-0.944583999560386,-0.944583999560386,-0.944583999560386,-0.944583999560386,25.5979301097671,18.310341757112,12.3320108803102,7.54578164420228,3.83449821362915,1.0810047534316,-0.831854571549552,-2.02123559647351,-2.60429415649948,-2.69818608678662,-2.42006722249415,-1.88709339878124,-1.21642045080711,-0.525204213730923,0.0693994772881119,0.450234787090793,0.500145880517952,0.101976922410396,-0.861427922391101,-2.5072244890457,-2.5072244890457,-2.5072244890457,-2.5072244890457,-2.5072244890457,-2.5072244890457,-2.5072244890457,-2.5072244890457,-2.5072244890457,-2.5072244890457,-2.5072244890457,-2.5072244890457,-2.5072244890457,-2.5072244890457,-2.5072244890457,-2.5072244890457,-2.5072244890457,-2.5072244890457,-2.5072244890457,-2.5072244890457,-2.5072244890457,0.738849775045445,0.460821887928048,0.182794000810657,-0.0952338863067341,-0.373261773424124,-0.651289660541515,-0.926919295179686,-1.18602845774435,-1.40252510352376,-1.54662259777779,-1.60288140443537,-1.57925250199548,-1.4917772191102,-1.35200747408718,-1.1749834739781,-0.978098121686804,-0.765375115760396,-0.533554979335673,-0.291228265332089,-0.0501816677073172,-0.0501816677073172,-0.0501816677073172,-0.0501816677073172,-0.0501816677073172,-0.0501816677073172,-0.0501816677073172,-0.0501816677073172,-0.0501816677073172,-0.0501816677073172,-0.0501816677073172,-0.0501816677073172,-0.0501816677073172,-0.0501816677073172,-0.0501816677073172,-0.0501816677073172,-0.0501816677073172,-0.0501816677073172,-0.0501816677073172,-0.0501816677073172,-0.0501816677073172,1,1,1,1,1,1,1,1,1,1,1,1,1,1,1,1,1,1,1,1,1,1,1,1,1,1,1,1,1,1,1,1,1,1,1,1,1,1,1,1
-1.4797460707618,0.144366038415359,1.43030463731067,0.32513373903001,-1.88354521855557,-1.04077522768927,-1.28514202235146,1.30160959303736,1.15930754014642,-0.449119271974112,0.410464036217874,0.86712810518334,3.88030784267272,1.32143341019794,0.972839211830928,1.2412187588958,1.13595694049579,2.37781470807813,-0.217203849042722,2.21906339787729,1.48770404502926,-0.274920833419408,-1.73014642424431,-0.220831569572621,-1.55370213684773,-0.52566277234564,-2.8448465482261,-0.833584325512257,-0.577164221967077,1.0578660857195,0.766909170234921,-2.35218250060111,-2.60761480278904,0.962296212805054,0.358224659015288,0.970104673282988,0.988182389794119,0.315663817946662,2.5501906397168,-0.49798411402114,-1.22812116214179,-0.824375348302636,-0.420629534463483,-0.01688372062433,0.386862093214823,0.790607907053975,1.19435372089313,1.59809953473228,2.00184534857144,2.40559116241059,2.80933697624974,3.2130827900889,3.61682860392805,4.0205744177672,4.42432023160636,4.82806604544551,5.23181185928467,5.63555767312382,6.03930348696297,6.44304930080212,6.44304930080212,6.44304930080212,6.44304930080212,6.44304930080212,6.44304930080212,6.44304930080212,6.44304930080212,6.44304930080212,6.44304930080212,6.44304930080212,6.44304930080212,6.44304930080212,6.44304930080212,6.44304930080212,6.44304930080212,6.44304930080212,6.44304930080212,6.44304930080212,6.44304930080212,6.44304930080212,-1.90870767743792,-2.02134044056391,-1.90724072766145,-1.59790064750123,-1.12481230885396,-0.51946782049033,0.186640708818956,0.962021170303203,1.77518145519171,2.59462945471378,3.38887306009871,4.12642016257579,4.77577865337435,5.30545642372367,5.68396136485307,5.87980136799183,5.86148432436926,5.59751812521466,5.0564106617573,4.20666982522657,4.20666982522657,4.20666982522657,4.20666982522657,4.20666982522657,4.20666982522657,4.20666982522657,4.20666982522657,4.20666982522657,4.20666982522657,4.20666982522657,4.20666982522657,4.20666982522657,4.20666982522657,4.20666982522657,4.20666982522657,4.20666982522657,4.20666982522657,4.20666982522657,4.20666982522657,4.20666982522657,-3.73210584936209,-3.00603430194106,-2.27996275452004,-1.55389120709901,-0.827819659677987,-0.101748112256962,0.623822497011846,1.34219966154789,2.03195456909339,2.68189742376869,3.29550565001912,3.85245400093199,4.3048148541425,4.63120577496624,4.86355621574575,5.04903137558539,5.21181396639532,5.3574080559379,5.49050491783228,5.61826290621117,5.61826290621117,5.61826290621117,5.61826290621117,5.61826290621117,5.61826290621117,5.61826290621117,5.61826290621117,5.61826290621117,5.61826290621117,5.61826290621117,5.61826290621117,5.61826290621117,5.61826290621117,5.61826290621117,5.61826290621117,5.61826290621117,5.61826290621117,5.61826290621117,5.61826290621117,5.61826290621117,1,1,1,1,1,1,1,1,1,1,1,1,0,0,1,1,1,1,1,1,1,1,1,1,1,1,1,1,1,1,1,1,1,1,1,1,1,1,1,1
-1.67907823347124,-0.183239678007897,-0.341602428156095,1.97756584415802,-0.390385644211153,-1.65652973128845,-0.433819100234876,-0.240496096885902,0.657975588653034,-2.61111875663082,-0.631924423933132,0.217562143081627,0.190962460632358,1.37180452888091,2.12522644782885,-1.02277115365638,0.464766162279364,-1.43077170035634,-1.88826306005465,0.551328258880025,-1.77706175477706,0.171852084721825,2.24629956868886,1.2685655260536,-2.38653281213241,-1.62817548707396,3.01286614905973,-0.823837756596312,-0.949602722957819,-0.934102061634734,0.00826260825344605,0.864042244597897,0.595192322197247,-0.0677332769986343,-0.941527355287965,-0.627475202902719,-0.0798896069015029,-2.51924310834499,4.80171396924736,1.55615405789331,-2.17914346150479,-2.00610468867779,-1.8330659158508,-1.66002714302381,-1.48698837019682,-1.31394959736983,-1.14091082454283,-0.967872051715842,-0.794833278888849,-0.621794506061857,-0.448755733234865,-0.275716960407872,-0.10267818758088,0.0703605852461138,0.243399358073106,0.416438130900097,0.589476903727087,0.762515676554083,0.935554449381074,1.10859322220807,1.10859322220807,1.10859322220807,1.10859322220807,1.10859322220807,1.10859322220807,1.10859322220807,1.10859322220807,1.10859322220807,1.10859322220807,1.10859322220807,1.10859322220807,1.10859322220807,1.10859322220807,1.10859322220807,1.10859322220807,1.10859322220807,1.10859322220807,1.10859322220807,1.10859322220807,1.10859322220807,19.31982699178,13.1301526697462,8.17373918247615,4.33358281645388,1.49267985816337,-0.465973405911394,-1.65938068928641,-2.2045457054777,-2.21847216800129,-1.81816379037315,-1.12062428610931,-0.242857368725778,0.698133248261433,1.5853438513363,2.30177072698285,2.73041016168503,2.75425844192687,2.25631185419231,1.1195666849654,-0.772980779269902,-0.772980779269902,-0.772980779269902,-0.772980779269902,-0.772980779269902,-0.772980779269902,-0.772980779269902,-0.772980779269902,-0.772980779269902,-0.772980779269902,-0.772980779269902,-0.772980779269902,-0.772980779269902,-0.772980779269902,-0.772980779269902,-0.772980779269902,-0.772980779269902,-0.772980779269902,-0.772980779269902,-0.772980779269902,-0.772980779269902,2.19310813918396,1.71009472072316,1.22708130226237,0.74406788380159,0.261054465340793,-0.221958953119994,-0.730216049807131,-1.35534528399667,-2.02170963230376,-2.38979645379749,-2.07879168396008,-1.03785064369659,0.343972970100092,1.55014545311586,2.31051850603437,2.62569122208656,2.52614858647342,1.95600880167208,0.907533930209144,-0.440476824124916,-0.440476824124916,-0.440476824124916,-0.440476824124916,-0.440476824124916,-0.440476824124916,-0.440476824124916,-0.440476824124916,-0.440476824124916,-0.440476824124916,-0.440476824124916,-0.440476824124916,-0.440476824124916,-0.440476824124916,-0.440476824124916,-0.440476824124916,-0.440476824124916,-0.440476824124916,-0.440476824124916,-0.440476824124916,-0.440476824124916,1,1,1,1,1,1,1,1,1,0,0,1,1,1,1,1,1,1,1,1,1,1,1,1,1,1,1,1,1,1,1,1,1,1,1,1,1,1,1,1
1.01622905109995,0.020883879047922,0.129120284019567,-1.5026009903247,0.0501524675422678,1.71277188733229,-1.40675413135073,1.54469904380554,-0.506721517303715,0.96538595564083,-2.33977177304206,-0.968655027559629,-0.547506518517849,-0.608340880630129,-0.585194142383008,-1.18134980055505,0.649586162111923,0.556942676188983,-0.123512751558492,-0.95901694379163,0.0727640308023751,3.07610790308811,0.138953977034342,-4.83532289166141,-0.490238763699162,0.475789045667355,-0.203216617544511,0.390984483412964,-0.127535218275158,-1.60464291574343,1.85396392618472,-0.690985735112932,0.63153835164718,-0.418780208115761,-1.13434447019047,-1.70266015773953,1.08311190560422,-1.35567547908625,0.219783783125928,-0.892620243033203,0.113144642264221,0.15295418522392,0.192763728183619,0.232573271143318,0.272382814103016,0.312192357062715,0.352001900022416,0.391811442982116,0.431620985941812,0.471430528901513,0.511240071861209,0.551049614820908,0.59085915778061,0.630668700740308,0.670478243700005,0.710287786659705,0.750097329619404,0.789906872579104,0.829716415538803,0.8695259584985,0.8695259584985,0.8695259584985,0.8695259584985,0.8695259584985,0.8695259584985,0.8695259584985,0.8695259584985,0.8695259584985,0.8695259584985,0.8695259584985,0.8695259584985,0.8695259584985,0.8695259584985,0.8695259584985,0.8695259584985,0.8695259584985,0.8695259584985,0.8695259584985,0.8695259584985,0.8695259584985,11.3010895534191,7.93339729500557,5.24840421404781,3.17891455534279,1.65773256368747,0.617662483878854,-0.00849143928611529,-0.287924961010447,-0.287833836497176,-0.0754138209493274,0.282139330430075,0.717629862437988,1.1638620198714,1.55364004752727,1.81976819020258,1.89505069269431,1.71229179979942,1.20429575631488,0.303866807037666,-1.05619080323524,-1.05619080323524,-1.05619080323524,-1.05619080323524,-1.05619080323524,-1.05619080323524,-1.05619080323524,-1.05619080323524,-1.05619080323524,-1.05619080323524,-1.05619080323524,-1.05619080323524,-1.05619080323524,-1.05619080323524,-1.05619080323524,-1.05619080323524,-1.05619080323524,-1.05619080323524,-1.05619080323524,-1.05619080323524,-1.05619080323524,-0.17834790796584,-0.102497082923238,-0.0266462578806328,0.0492045671619676,0.125055392204572,0.200906217247175,0.276750597401711,0.352340272345808,0.426426394698575,0.497196201775308,0.563566643870262,0.625021340802331,0.679644308711964,0.723716744514963,0.754025258487525,0.769395472254748,0.770374998210288,0.759650090264941,0.7422377677055,0.722787567533256,0.722787567533256,0.722787567533256,0.722787567533256,0.722787567533256,0.722787567533256,0.722787567533256,0.722787567533256,0.722787567533256,0.722787567533256,0.722787567533256,0.722787567533256,0.722787567533256,0.722787567533256,0.722787567533256,0.722787567533256,0.722787567533256,0.722787567533256,0.722787567533256,0.722787567533256,0.722787567533256,1,1,1,1,1,1,1,1,1,1,1,1,1,1,1,1,1,1,1,1,1,1,1,1,1,1,1,1,1,1,1,1,1,1,1,1,1,1,1,1
-2.13479942440792,0.900006774622988,-0.472388794927524,-0.240496463489425,1.84079610630933,2.77567099164539,0.371820578793844,0.85764835395663,-1.11701726660132,1.82830002970879,-1.34607404726532,1.07368077552092,0.219414333329214,0.69079627026918,-0.820479082386541,-1.20590900376743,-0.838593442844317,2.82381029367492,-0.944538490134484,1.0817453392456,0.475023772813634,0.510323941251304,2.20457631271031,1.24442787668274,2.20719390713474,-3.50943721266176,-1.30017500051407,-1.42214883144359,0.0298541282371101,1.11760995599333,0.986304698714155,0.306170767565034,2.61610904687926,1.38021548158184,1.67965927431439,1.25811840914797,1.90842785211369,-0.401419671616326,-0.628457521516678,1.66814245441253,6.56334585365285,6.21717366742078,5.87100148118872,5.52482929495665,5.17865710872458,4.83248492249251,4.48631273626044,4.14014055002838,3.79396836379631,3.44779617756424,3.10162399133217,2.75545180510011,2.40927961886804,2.06310743263597,1.7169352464039,1.37076306017184,1.02459087393977,0.678418687707703,0.332246501475634,-0.0139256847564333,-0.0139256847564333,-0.0139256847564333,-0.0139256847564333,-0.0139256847564333,-0.0139256847564333,-0.0139256847564333,-0.0139256847564333,-0.0139256847564333,-0.0139256847564333,-0.0139256847564333,-0.0139256847564333,-0.0139256847564333,-0.0139256847564333,-0.0139256847564333,-0.0139256847564333,-0.0139256847564333,-0.0139256847564333,-0.0139256847564333,-0.0139256847564333,-0.0139256847564333,11.7938427763869,9.82584791607221,8.17931835083463,6.82367857962486,5.72835310139355,4.86276641509136,4.19634301966892,3.69850741407691,3.33868409726597,3.08629756818676,2.91077232578991,2.7815328690261,2.66800369684599,2.53960930820019,2.36577420203939,2.11592287731423,1.75947983297536,1.26586956797345,0.604516581259157,-0.255154628216918,-0.255154628216918,-0.255154628216918,-0.255154628216918,-0.255154628216918,-0.255154628216918,-0.255154628216918,-0.255154628216918,-0.255154628216918,-0.255154628216918,-0.255154628216918,-0.255154628216918,-0.255154628216918,-0.255154628216918,-0.255154628216918,-0.255154628216918,-0.255154628216918,-0.255154628216918,-0.255154628216918,-0.255154628216918,-0.255154628216918,4.97302188795363,4.85093621097802,4.72885053400241,4.60676485702681,4.4846791800512,4.36259350307559,4.24033392915051,4.1157702915539,3.97931920324547,3.81105637772481,3.59130169924323,3.31393002879719,2.98053702623784,2.58667424022467,2.1270879036632,1.60985943861877,1.0522477154333,0.465986638886092,-0.143383554856177,-0.766751602431688,-0.766751602431688,-0.766751602431688,-0.766751602431688,-0.766751602431688,-0.766751602431688,-0.766751602431688,-0.766751602431688,-0.766751602431688,-0.766751602431688,-0.766751602431688,-0.766751602431688,-0.766751602431688,-0.766751602431688,-0.766751602431688,-0.766751602431688,-0.766751602431688,-0.766751602431688,-0.766751602431688,-0.766751602431688,-0.766751602431688,1,1,1,1,1,1,1,1,1,1,1,1,1,1,1,1,1,1,1,1,1,1,1,1,1,1,1,1,1,1,1,1,1,1,1,1,1,1,1,1
2.2320058614354,-0.1242100676461,0.2488965709371,1.00648908193696,-0.494340489219789,0.540267276903469,0.19016418371031,0.688411593490153,0.862904528827502,-1.0601716180665,-1.41450485768876,-1.13373051382258,-0.701813871056435,-1.73423241108225,-1.25870830017465,0.923473808591778,1.13735639685216,-0.403654585250333,1.29301523894257,-0.968020473432993,-1.12844088080081,0.0355515211732449,-1.50991172285161,-1.38053036542987,1.96120340173403,-0.897891630403835,0.721921679503311,1.42279152194584,-0.666842481958993,0.540102205317174,1.4802546623683,0.655165236363304,-0.612174229670774,0.797575438939127,1.45575882823157,-0.0372524976310036,0.596975905051622,0.588045659350914,0.0075650577717834,0.388300926107117,-2.74587370452465,-2.55009830897481,-2.35432291342496,-2.15854751787512,-1.96277212232527,-1.76699672677543,-1.57122133122558,-1.37544593567574,-1.17967054012589,-0.983895144576044,-0.788119749026199,-0.592344353476353,-0.396568957926508,-0.200793562376662,-0.00501816682681877,0.190757228723028,0.386532624272874,0.582308019822719,0.778083415372564,0.973858810922406,0.973858810922406,0.973858810922406,0.973858810922406,0.973858810922406,0.973858810922406,0.973858810922406,0.973858810922406,0.973858810922406,0.973858810922406,0.973858810922406,0.973858810922406,0.973858810922406,0.973858810922406,0.973858810922406,0.973858810922406,0.973858810922406,0.973858810922406,0.973858810922406,0.973858810922406,0.973858810922406,9.60291277104465,6.6650747297373,4.23894991273864,2.28340519106935,0.757307435750098,-0.380476482198429,-1.17107969175556,-1.65563532190061,-1.87527650161293,-1.8711363598718,-1.68434802565658,-1.35604462794656,-0.927359295721077,-0.439425157959452,0.0666246563589556,0.549657018254882,0.968538798748991,1.28213686886194,1.44931809961439,1.42894936202709,1.42894936202709,1.42894936202709,1.42894936202709,1.42894936202709,1.42894936202709,1.42894936202709,1.42894936202709,1.42894936202709,1.42894936202709,1.42894936202709,1.42894936202709,1.42894936202709,1.42894936202709,1.42894936202709,1.42894936202709,1.42894936202709,1.42894936202709,1.42894936202709,1.42894936202709,1.42894936202709,-2.18374271628442,-2.05268618141901,-1.9216296465536,-1.79057311168819,-1.65951657682278,-1.52846004195736,-1.39830778076535,-1.27480492913043,-1.16715166512436,-1.07272472281414,-0.972348013751926,-0.847728796972504,-0.691789784362829,-0.499107403995033,-0.259400692602735,0.0358095881640565,0.384616305123618,0.770814953342304,1.17024819047692,1.56814159043473,1.56814159043473,1.56814159043473,1.56814159043473,1.56814159043473,1.56814159043473,1.56814159043473,1.56814159043473,1.56814159043473,1.56814159043473,1.56814159043473,1.56814159043473,1.56814159043473,1.56814159043473,1.56814159043473,1.56814159043473,1.56814159043473,1.56814159043473,1.56814159043473,1.56814159043473,1.56814159043473,1,1,1,1,1,1,1,1,1,1,1,1,1,1,1,1,1,1,1,1,1,1,1,1,1,1,1,1,1,1,1,1,1,1,1,1,1,1,1,1
-0.220160047904613,-1.17206594184494,1.6271243647131,1.41437580638379,-0.208061003021348,-2.0284880812876,-0.0122093152428544,0.825149869492673,-0.0896574915491914,-0.331858148946351,-0.25265939403838,1.59281342268589,4.23089420286876,-1.45461057110554,0.82659138072051,0.841494551920226,-0.271037109282828,-1.85786134983461,1.89065861161182,-1.7603241148858,0.135491986068036,0.75724816156132,-2.87513023873495,0.795031626029695,3.50425124933282,-0.782442077697137,-1.26814995557702,-0.698322812309014,0.709130131456883,0.493362988051505,0.113749560320541,0.40151429362154,1.8233891607913,-0.934628094358379,-3.18460157517411,1.53426098572539,0.0975131282548265,1.42903776601375,0.555910724497574,-0.809364564952954,7.06966373035226,6.51745920547229,5.96525468059231,5.41305015571234,4.86084563083236,4.30864110595239,3.75643658107241,3.20423205619244,2.65202753131246,2.09982300643249,1.54761848155251,0.995413956672538,0.443209431792562,-0.108995093087414,-0.661199617967389,-1.21340414284736,-1.76560866772734,-2.31781319260731,-2.87001771748729,-3.42222224236726,-3.42222224236726,-3.42222224236726,-3.42222224236726,-3.42222224236726,-3.42222224236726,-3.42222224236726,-3.42222224236726,-3.42222224236726,-3.42222224236726,-3.42222224236726,-3.42222224236726,-3.42222224236726,-3.42222224236726,-3.42222224236726,-3.42222224236726,-3.42222224236726,-3.42222224236726,-3.42222224236726,-3.42222224236726,-3.42222224236726,5.72708805477404,4.86299295189333,4.19154673358115,3.68309885080099,3.30799875451636,3.03659589569077,2.8392397252877,2.68627969427066,2.54806525360318,2.39494585424872,2.19727094717081,1.92538998333294,1.5496524136986,1.04040768923134,0.368005260894593,-0.497205420348081,-1.58487490353321,-2.92465373769729,-4.54619247187683,-6.47914165510829,-6.47914165510829,-6.47914165510829,-6.47914165510829,-6.47914165510829,-6.47914165510829,-6.47914165510829,-6.47914165510829,-6.47914165510829,-6.47914165510829,-6.47914165510829,-6.47914165510829,-6.47914165510829,-6.47914165510829,-6.47914165510829,-6.47914165510829,-6.47914165510829,-6.47914165510829,-6.47914165510829,-6.47914165510829,-6.47914165510829,5.80103556476852,5.41282621031535,5.02461685586217,4.636407501409,4.24819814695582,3.85998879250265,3.46997246142105,3.07093288645616,2.66115618880485,2.2383490628925,1.78972379594344,1.30131626253555,0.771352884966271,0.203021792652903,-0.408089885317665,-1.0647597271196,-1.7536924524729,-2.45569585224582,-3.1634212418614,-3.87643147445245,-3.87643147445245,-3.87643147445245,-3.87643147445245,-3.87643147445245,-3.87643147445245,-3.87643147445245,-3.87643147445245,-3.87643147445245,-3.87643147445245,-3.87643147445245,-3.87643147445245,-3.87643147445245,-3.87643147445245,-3.87643147445245,-3.87643147445245,-3.87643147445245,-3.87643147445245,-3.87643147445245,-3.87643147445245,-3.87643147445245,1,1,1,1,1,1,1,1,1,1,1,1,1,1,1,1,1,1,1,1,1,1,1,1,1,1,1,1,1,1,1,1,1,1,1,1,1,1,1,1
0.0963748607851516,-2.60825346306489,-3.26749026172798,0.463936503107147,0.181107557602283,1.8509020063051,-2.63566268268008,2.15714301345692,-1.39483420686614,1.3716617073352,1.2164627272028,1.59472226401132,0.418907036507498,-0.554029005357396,-0.482173462183582,-2.32818362311204,2.40323413722235,1.07364455899906,-1.79174794806174,-1.15183060857614,0.385517545800603,0.826485413667154,0.425881171383091,-0.272111980930461,-0.688012170999016,-0.203391598991576,0.643959713361612,-1.20277136394268,-0.620167994867636,0.446326489299864,2.57849675770074,0.0215653510789817,4.03469012042603,-2.00251435921707,0.926987036665771,0.180744463480233,-1.88694984567233,-0.174777620330358,1.34450053314725,-0.217735588365651,-2.44394487303063,-2.27716036340209,-2.11037585377356,-1.94359134414502,-1.77680683451648,-1.61002232488795,-1.44323781525942,-1.27645330563088,-1.10966879600234,-0.942884286373804,-0.776099776745269,-0.609315267116731,-0.442530757488196,-0.27574624785966,-0.108961738231125,0.0578227713974133,0.22460728102595,0.391391790654485,0.558176300283019,0.724960809911556,0.724960809911556,0.724960809911556,0.724960809911556,0.724960809911556,0.724960809911556,0.724960809911556,0.724960809911556,0.724960809911556,0.724960809911556,0.724960809911556,0.724960809911556,0.724960809911556,0.724960809911556,0.724960809911556,0.724960809911556,0.724960809911556,0.724960809911556,0.724960809911556,0.724960809911556,0.724960809911556,-7.39712599041176,-6.39065487056432,-5.43590046783148,-4.53685502363116,-3.69751077938124,-2.92185997649964,-2.21389485640424,-1.57760766051294,-1.01699063024365,-0.536036007014264,-0.138736032242679,0.170917052653191,0.388931006255463,0.511313587146237,0.534072553907613,0.453215665121673,0.264750679370536,-0.0353146447636927,-0.450972548698928,-0.986215273853057,-0.986215273853057,-0.986215273853057,-0.986215273853057,-0.986215273853057,-0.986215273853057,-0.986215273853057,-0.986215273853057,-0.986215273853057,-0.986215273853057,-0.986215273853057,-0.986215273853057,-0.986215273853057,-0.986215273853057,-0.986215273853057,-0.986215273853057,-0.986215273853057,-0.986215273853057,-0.986215273853057,-0.986215273853057,-0.986215273853057,-3.7137932000087,-3.39015215716708,-3.06651111432545,-2.74287007148384,-2.41922902864221,-2.0955879858006,-1.77201303481282,-1.44911870871239,-1.12851066475963,-0.812180058802292,-0.508713768504716,-0.240985292227712,-0.0358965758244292,0.0996377477471224,0.183246187526516,0.233192100942796,0.25205287426853,0.240195195271166,0.210187434130502,0.176373047687422,0.176373047687422,0.176373047687422,0.176373047687422,0.176373047687422,0.176373047687422,0.176373047687422,0.176373047687422,0.176373047687422,0.176373047687422,0.176373047687422,0.176373047687422,0.176373047687422,0.176373047687422,0.176373047687422,0.176373047687422,0.176373047687422,0.176373047687422,0.176373047687422,0.176373047687422,0.176373047687422,1,1,1,1,1,1,1,1,1,1,1,1,1,1,1,1,1,1,1,1,1,1,1,1,1,1,1,1,1,1,1,1,1,1,1,1,1,1,1,1
-2.75783917666629,-1.11235160190414,0.275179926439296,-1.04628964800053,2.70363508688978,-1.69860336743586,-0.245205509552784,-0.0698172738126228,-1.88047618084505,0.671648653676641,1.10778486130476,-1.30285570762432,-0.0815689964437407,-3.01618451354497,0.557180887083852,0.533010186628388,1.11417950248552,0.367955641265532,-0.995611532003446,-2.41011349158236,0.0330748324666263,1.18677895715421,0.287614368498732,-0.419647354364876,1.4832158078459,0.606369178099733,-1.15370804792787,0.864868470225964,1.20650315149354,-1.52002794094085,1.58133735115419,-3.06108567335493,0.173097529445949,0.444488401656947,-0.423739320522202,-1.85337874812364,-1.30924237985526,1.06737325891683,-1.23475237135444,-0.477427741914022,-4.05051365121405,-3.67182940450022,-3.29314515778639,-2.91446091107256,-2.53577666435873,-2.1570924176449,-1.77840817093107,-1.39972392421723,-1.0210396775034,-0.642355430789568,-0.263671184075738,0.115013062638091,0.493697309351925,0.872381556065756,1.25106580277959,1.62975004949342,2.00843429620725,2.38711854292108,2.76580278963491,3.14448703634875,3.14448703634875,3.14448703634875,3.14448703634875,3.14448703634875,3.14448703634875,3.14448703634875,3.14448703634875,3.14448703634875,3.14448703634875,3.14448703634875,3.14448703634875,3.14448703634875,3.14448703634875,3.14448703634875,3.14448703634875,3.14448703634875,3.14448703634875,3.14448703634875,3.14448703634875,3.14448703634875,6.5386409663375,3.06702078862966,0.4804136647052,-1.31747057364696,-2.42292209463792,-2.93223106647877,-2.94168765738062,-2.54758203555454,-1.84620436921163,-0.933844826563002,0.0932064241802735,1.13865921480709,2.10622337710636,2.89960874286699,3.42252514387788,3.57868241192795,3.27179037880608,2.4055588763012,0.883697736202214,-1.390083209702,-1.390083209702,-1.390083209702,-1.390083209702,-1.390083209702,-1.390083209702,-1.390083209702,-1.390083209702,-1.390083209702,-1.390083209702,-1.390083209702,-1.390083209702,-1.390083209702,-1.390083209702,-1.390083209702,-1.390083209702,-1.390083209702,-1.390083209702,-1.390083209702,-1.390083209702,-1.390083209702,-5.92893689907861,-5.35217301937526,-4.77540913967191,-4.19864525996857,-3.62188138026522,-3.04511750056187,-2.46232854689602,-1.84552144958398,-1.17570322535413,-0.468398363267109,0.227094601302234,0.852483170370242,1.36879710509039,1.76017533768987,2.01799568588368,2.13942264174731,2.14374527301721,2.07288170395428,1.96854951672868,1.8550015775728,1.8550015775728,1.8550015775728,1.8550015775728,1.8550015775728,1.8550015775728,1.8550015775728,1.8550015775728,1.8550015775728,1.8550015775728,1.8550015775728,1.8550015775728,1.8550015775728,1.8550015775728,1.8550015775728,1.8550015775728,1.8550015775728,1.8550015775728,1.8550015775728,1.8550015775728,1.8550015775728,1,1,1,1,1,1,1,1,1,1,1,1,1,1,1,1,1,1,1,1,1,1,1,1,1,1,1,1,1,1,1,1,1,1,1,1,1,1,1,1
-2.88195594762616,-0.636943572767636,1.03861256000375,0.454564805635922,-1.36617492179049,-1.45174879833864,0.509346155872037,2.02378365549934,-0.564885699515592,-2.20564069541004,-2.8907415037282,-0.598974570248778,-0.421124563919992,-0.889902946835923,1.21163718930824,-0.143276438325993,-1.94185158608411,-0.357680792781117,1.42722675385889,-0.515422029316792,-1.323500376954,2.02230970808695,-1.52161035039749,-1.60490102302629,0.278613983096497,0.0700681781915922,-0.498546035058546,-1.15199234430338,3.49395233516113,0.617320736015971,-0.883302969260898,0.269111478954171,-0.145717264300613,0.203414301587076,0.269151957507191,-0.396837848257297,-2.34987474036743,-0.0745749898565453,-0.793933979776707,-0.322359539472295,3.9096875833092,3.57136119911171,3.23303481491422,2.89470843071673,2.55638204651924,2.21805566232175,1.87972927812426,1.54140289392677,1.20307650972928,0.864750125531792,0.5264237413343,0.188097357136812,-0.150229027060677,-0.488555411258167,-0.826881795455657,-1.16520817965315,-1.50353456385064,-1.84186094804813,-2.18018733224562,-2.51851371644311,-2.51851371644311,-2.51851371644311,-2.51851371644311,-2.51851371644311,-2.51851371644311,-2.51851371644311,-2.51851371644311,-2.51851371644311,-2.51851371644311,-2.51851371644311,-2.51851371644311,-2.51851371644311,-2.51851371644311,-2.51851371644311,-2.51851371644311,-2.51851371644311,-2.51851371644311,-2.51851371644311,-2.51851371644311,-2.51851371644311,29.4493090599073,22.8985870900022,17.3016460044018,12.5885418007557,8.68933047671322,5.53406802992395,3.05281045803736,1.17561375870296,-0.167466070429786,-1.04637303171134,-1.53105112749223,-1.69144436012295,-1.59749673195403,-1.31915224533593,-0.926354902619217,-0.489048706154341,-0.0771776582918147,0.239314238617826,0.390482982224155,0.30638457017651,0.30638457017651,0.30638457017651,0.30638457017651,0.30638457017651,0.30638457017651,0.30638457017651,0.30638457017651,0.30638457017651,0.30638457017651,0.30638457017651,0.30638457017651,0.30638457017651,0.30638457017651,0.30638457017651,0.30638457017651,0.30638457017651,0.30638457017651,0.30638457017651,0.30638457017651,0.30638457017651,1.63990982345663,1.88873349544719,2.13755716743789,2.38638083942854,2.63520451141921,2.88402818340985,3.01622468852861,2.51863881188834,1.20326543755334,-0.353634041245263,-1.3610728909639,-1.62312706484796,-1.4585132021169,-1.13018166842782,-0.798178913555002,-0.642222858905864,-0.619348211878528,-0.457774219230469,-0.065507404974289,0.41777991645729,0.41777991645729,0.41777991645729,0.41777991645729,0.41777991645729,0.41777991645729,0.41777991645729,0.41777991645729,0.41777991645729,0.41777991645729,0.41777991645729,0.41777991645729,0.41777991645729,0.41777991645729,0.41777991645729,0.41777991645729,0.41777991645729,0.41777991645729,0.41777991645729,0.41777991645729,0.41777991645729,1,1,1,1,1,1,0,1,1,1,1,1,1,1,1,1,1,1,1,1,1,1,1,1,1,1,1,1,1,1,1,1,1,1,1,1,1,1,1,1
0.0971536195288851,1.36678758468357,-2.69417485439112,-0.896017741981718,0.86508201217335,-0.320901991869206,-0.416134848270227,0.0115492714340704,-1.49168096826977,-0.445574279257017,1.46128542883386,-0.168011137147351,-0.158377168691672,0.309431535545672,0.364031504893623,0.42897989036131,-2.12116675403987,0.0371278996570457,-1.1921481312636,0.150006806927076,1.44683434264753,1.57180561742396,1.35259906542017,0.776933837165187,-1.2114705447531,-0.00398352714510253,-2.92659931336713,0.824279177539967,-2.89357932972763,-2.05073597800365,0.688363295755465,1.41997042086596,-1.57719021610313,-0.888982898936748,1.57460736674518,-0.0805727307286475,-0.360433595827951,0.729569790503009,1.91652373669267,0.5342257809021,2.92806724302717,2.57960805601152,2.23114886899586,1.8826896819802,1.53423049496455,1.18577130794889,0.837312120933232,0.488852933917576,0.140393746901919,-0.208065440113741,-0.556524627129395,-0.904983814145055,-1.25344300116071,-1.60190218817637,-1.95036137519202,-2.29882056220768,-2.64727974922334,-2.995738936239,-3.34419812325465,-3.69265731027031,-3.69265731027031,-3.69265731027031,-3.69265731027031,-3.69265731027031,-3.69265731027031,-3.69265731027031,-3.69265731027031,-3.69265731027031,-3.69265731027031,-3.69265731027031,-3.69265731027031,-3.69265731027031,-3.69265731027031,-3.69265731027031,-3.69265731027031,-3.69265731027031,-3.69265731027031,-3.69265731027031,-3.69265731027031,-3.69265731027031,-10.4202248322276,-6.70568810946268,-3.80822553799982,-1.64690797024715,-0.140806258612796,0.791008744495089,1.22946618666837,1.25549521549891,0.950024978578551,0.393984623499163,-0.331696702147388,-1.14608985076927,-1.9682656747746,-2.71729502657153,-3.31224875856823,-3.67219772317279,-3.71621277279337,-3.36336475983814,-2.53272453671522,-1.14336295583274,-1.14336295583274,-1.14336295583274,-1.14336295583274,-1.14336295583274,-1.14336295583274,-1.14336295583274,-1.14336295583274,-1.14336295583274,-1.14336295583274,-1.14336295583274,-1.14336295583274,-1.14336295583274,-1.14336295583274,-1.14336295583274,-1.14336295583274,-1.14336295583274,-1.14336295583274,-1.14336295583274,-1.14336295583274,-1.14336295583274,3.18835234269305,2.80727127199271,2.42619020129237,2.04510913059203,1.6640280598917,1.28294698919136,0.90213061626655,0.522793767504121,0.145792650884067,-0.228896188865425,-0.601288041758336,-0.970003879422368,-1.33187720286462,-1.68340976747602,-2.02277603780949,-2.3501192599242,-2.66618095289844,-2.9716882628845,-3.26852403357638,-3.56059291269116,-3.56059291269116,-3.56059291269116,-3.56059291269116,-3.56059291269116,-3.56059291269116,-3.56059291269116,-3.56059291269116,-3.56059291269116,-3.56059291269116,-3.56059291269116,-3.56059291269116,-3.56059291269116,-3.56059291269116,-3.56059291269116,-3.56059291269116,-3.56059291269116,-3.56059291269116,-3.56059291269116,-3.56059291269116,-3.56059291269116,1,1,1,1,1,1,1,1,1,1,1,1,1,1,1,1,0,0,1,1,1,1,1,1,1,1,1,1,1,1,1,1,1,1,1,1,1,1,1,1
1.11061539535911,1.69591238259549,-0.47874894495571,0.383150719391568,-1.62005126589302,1.48208611618183,1.37087062599798,-1.91779818247396,-2.1815494501513,1.07547492664635,2.24581750431267,0.25409878289941,0.644572998119914,-2.87975852792721,0.747395828331085,-1.57366360735634,-0.421310454630989,0.735038423784804,-1.93577842965235,1.11011617320852,-3.0018817964556,1.15963030826963,-0.447588198667102,-0.701830801177366,-0.744224596100668,3.33758730072214,-0.567127898765149,-0.197220184784946,-1.74292405615166,-2.51381794367971,2.51583378951119,-1.41435968395056,-0.0457644402080195,1.63990579139021,1.22350298251178,0.0972956323748306,1.41806908668345,-0.867988130503026,1.88413569041332,1.24120326238547,0.964936782750454,0.966294705406938,0.967652628063425,0.96901055071991,0.970368473376391,0.97172639603288,0.973084318689361,0.974442241345844,0.975800164002331,0.977158086658816,0.9785160093153,0.979873931971785,0.98123185462827,0.982589777284755,0.983947699941238,0.985305622597723,0.98666354525421,0.988021467910693,0.989379390567176,0.990737313223661,0.990737313223661,0.990737313223661,0.990737313223661,0.990737313223661,0.990737313223661,0.990737313223661,0.990737313223661,0.990737313223661,0.990737313223661,0.990737313223661,0.990737313223661,0.990737313223661,0.990737313223661,0.990737313223661,0.990737313223661,0.990737313223661,0.990737313223661,0.990737313223661,0.990737313223661,0.990737313223661,5.36106509261333,5.25520682522385,4.95417363590823,4.49406131280661,3.9109656440591,3.24098241780584,2.52020742218695,1.78473644534257,1.07066527541282,0.414089700537827,-0.148894491142276,-0.582191511487364,-0.849705572357308,-0.915340885611986,-0.743001663111258,-0.296592116715006,0.459983541716905,1.5628211003246,3.0480163472482,4.95166507062784,4.95166507062784,4.95166507062784,4.95166507062784,4.95166507062784,4.95166507062784,4.95166507062784,4.95166507062784,4.95166507062784,4.95166507062784,4.95166507062784,4.95166507062784,4.95166507062784,4.95166507062784,4.95166507062784,4.95166507062784,4.95166507062784,4.95166507062784,4.95166507062784,4.95166507062784,4.95166507062784,2.87887739718055,2.77621638598321,2.67355537478587,2.57089436358854,2.46823335239122,2.36557234119389,2.21180977944858,1.81990337035692,1.25167303086189,0.699134542711167,0.19685163495976,-0.287180711046116,-0.67286479942824,-0.793333775829387,-0.492425115750029,0.23986098578245,1.1530352265407,1.90781020414487,2.3925825413131,2.72936332970724,2.72936332970724,2.72936332970724,2.72936332970724,2.72936332970724,2.72936332970724,2.72936332970724,2.72936332970724,2.72936332970724,2.72936332970724,2.72936332970724,2.72936332970724,2.72936332970724,2.72936332970724,2.72936332970724,2.72936332970724,2.72936332970724,2.72936332970724,2.72936332970724,2.72936332970724,2.72936332970724,1,1,1,1,1,1,1,1,1,1,1,1,1,1,1,1,1,1,1,1,1,1,1,1,1,1,1,1,1,1,1,1,1,1,1,1,1,1,1,1
-1.55511316696498,0.0122074414245836,-0.506859663183825,-0.0721897856248663,1.54418676740451,2.27782287823251,-1.587632137948,-0.39804423002642,-0.0741801875834494,2.20479458137569,-0.124336331184162,-1.62475962427563,-0.920601533507634,-1.91956176334529,-0.0593842414339356,-1.07046704200852,0.8398474072293,0.611174700590857,-2.10893989437713,0.353143024675447,-0.147169560882496,-2.77085335402584,2.27529818951844,-2.12793840723117,1.81549529993078,-0.419382892554138,0.0767163246381202,-2.73633208252614,-1.49977297311732,1.32596466564496,1.36927048323652,0.951825344080289,0.68623729172924,-0.101638987712953,-0.539226939946431,1.87592443284023,0.696160516744445,2.08348248401483,1.36505696185096,-1.95111361167698,4.62567697266105,4.17671885343021,3.72776073419936,3.27880261496851,2.82984449573767,2.38088637650683,1.93192825727598,1.48297013804513,1.03401201881429,0.585053899583443,0.136095780352598,-0.312862338878249,-0.761820458109092,-1.21077857733994,-1.65973669657079,-2.10869481580163,-2.55765293503248,-3.00661105426332,-3.45556917349417,-3.90452729272501,-3.90452729272501,-3.90452729272501,-3.90452729272501,-3.90452729272501,-3.90452729272501,-3.90452729272501,-3.90452729272501,-3.90452729272501,-3.90452729272501,-3.90452729272501,-3.90452729272501,-3.90452729272501,-3.90452729272501,-3.90452729272501,-3.90452729272501,-3.90452729272501,-3.90452729272501,-3.90452729272501,-3.90452729272501,-3.90452729272501,8.01219269410362,7.69829529296459,7.15870138001713,6.43052068376264,5.55086293270248,4.55683785533807,3.48555518017077,2.37412463570199,1.2596559504331,0.179258852865507,-0.829956928499422,-1.73088166516028,-2.48640562861569,-3.05941909036427,-3.41281232190462,-3.50947559473535,-3.31229918035508,-2.78417335026241,-1.88798837595598,-0.586634528934367,-0.586634528934367,-0.586634528934367,-0.586634528934367,-0.586634528934367,-0.586634528934367,-0.586634528934367,-0.586634528934367,-0.586634528934367,-0.586634528934367,-0.586634528934367,-0.586634528934367,-0.586634528934367,-0.586634528934367,-0.586634528934367,-0.586634528934367,-0.586634528934367,-0.586634528934367,-0.586634528934367,-0.586634528934367,-0.586634528934367,9.97494280701859,8.86185252432463,7.74876224163067,6.63567195893672,5.52258167624276,4.4094913935488,3.2990468064965,2.20497032663928,1.1461919286455,0.141542317527874,-0.804143393551131,-1.69001991706796,-2.46178028269336,-2.99908453396539,-3.20929705380964,-3.10882485641448,-2.78932368542534,-2.34718287344704,-1.85734335271029,-1.36170474199068,-1.36170474199068,-1.36170474199068,-1.36170474199068,-1.36170474199068,-1.36170474199068,-1.36170474199068,-1.36170474199068,-1.36170474199068,-1.36170474199068,-1.36170474199068,-1.36170474199068,-1.36170474199068,-1.36170474199068,-1.36170474199068,-1.36170474199068,-1.36170474199068,-1.36170474199068,-1.36170474199068,-1.36170474199068,-1.36170474199068,1,1,1,1,0,0,1,1,1,1,1,1,1,0,0,1,1,1,1,1,1,1,1,1,1,1,1,1,1,1,1,1,1,1,1,1,1,1,1,1
-0.717253000138284,0.0963985274224592,-0.211703621640781,2.55918540517677,-0.517679196899169,-1.79506798863539,2.81107418404664,-0.222880284910454,-0.72337642388606,2.90971429250111,0.600406264862404,1.08311126234875,1.23608030843935,-2.86536337749586,2.4092970526154,0.723689676852924,-2.47290935502603,-2.08891021033762,-1.04666937036647,-0.225096617238789,1.92242629592936,-1.36058096199468,1.88463816033747,-1.74534104060108,-0.205755005484411,0.222290391037623,0.381052162919495,-0.0371930996741856,0.783218006264734,-3.23188025397349,1.33556528369833,-1.39256790349858,2.24804170755859,-1.80974173042417,-3.38292799184666,-2.31984089987154,-1.09496338367938,0.0131734096542147,-1.42515726620367,1.13354926473869,3.72271607260248,3.4609049110992,3.19909374959592,2.93728258809264,2.67547142658936,2.41366026508608,2.1518491035828,1.89003794207952,1.62822678057624,1.36641561907296,1.10460445756968,0.8427932960664,0.58098213456312,0.319170973059842,0.0573598115565641,-0.204451349946718,-0.466262511449997,-0.728073672953277,-0.989884834456559,-1.25169599595984,-1.25169599595984,-1.25169599595984,-1.25169599595984,-1.25169599595984,-1.25169599595984,-1.25169599595984,-1.25169599595984,-1.25169599595984,-1.25169599595984,-1.25169599595984,-1.25169599595984,-1.25169599595984,-1.25169599595984,-1.25169599595984,-1.25169599595984,-1.25169599595984,-1.25169599595984,-1.25169599595984,-1.25169599595984,-1.25169599595984,8.65959093873323,5.95773273350644,3.91187354241586,2.44418738285376,1.47684827221238,0.932030227884018,0.731907267260926,0.798653407735369,1.05444266669961,1.42144906154593,1.82184660966659,2.17780932845385,2.41151123529998,2.44512634759725,2.20082868273792,1.60079225811425,0.567191091118529,-0.977800800856995,-3.11200940042004,-5.91326069017836,-5.91326069017836,-5.91326069017836,-5.91326069017836,-5.91326069017836,-5.91326069017836,-5.91326069017836,-5.91326069017836,-5.91326069017836,-5.91326069017836,-5.91326069017836,-5.91326069017836,-5.91326069017836,-5.91326069017836,-5.91326069017836,-5.91326069017836,-5.91326069017836,-5.91326069017836,-5.91326069017836,-5.91326069017836,-5.91326069017836,-0.243901387987938,-0.0604953951258773,0.122910597736188,0.306316590598247,0.489722583460315,0.673128576322376,0.869324758115274,1.13351715852274,1.48391979389919,1.86391859555381,2.17758227146333,2.33793848533548,2.27862128869563,1.94977919435269,1.33032344642025,0.441299762974179,-0.650944608554152,-1.83793468194675,-3.00980180651563,-4.13120678392774,-4.13120678392774,-4.13120678392774,-4.13120678392774,-4.13120678392774,-4.13120678392774,-4.13120678392774,-4.13120678392774,-4.13120678392774,-4.13120678392774,-4.13120678392774,-4.13120678392774,-4.13120678392774,-4.13120678392774,-4.13120678392774,-4.13120678392774,-4.13120678392774,-4.13120678392774,-4.13120678392774,-4.13120678392774,-4.13120678392774,1,1,1,1,1,1,1,1,1,1,1,0,1,1,1,1,1,1,1,1,1,1,1,1,1,1,1,1,1,1,1,1,1,1,1,1,1,1,1,1
1.80604968296326,-0.325264125164662,-0.191376290689595,2.02369657240697,-1.84675312015932,-2.12407188369261,0.163979566565066,1.97139922428519,-1.17873122115886,2.08668600004377,-0.518195329583696,0.926704937122759,-2.50586169935394,0.933064403981408,0.944457926984256,-1.88536793915498,-0.657295986226881,-0.0447202227692411,-0.0260632440183652,-0.720611152971459,1.0055898742173,2.89153225645073,0.373846717265449,0.45773519035445,-0.889197757846045,-1.5965095240231,2.30745953478846,0.853665224684574,-1.65242289720906,-2.17701928066916,1.0090925081381,2.85643081158282,-2.31007429021939,1.64841614015752,-1.26260785369488,-1.44656993361432,-0.0380896227100198,-2.97784419066295,2.34677181235073,2.68137894501356,-2.88014822616251,-2.62566214910111,-2.3711760720397,-2.1166899949783,-1.8622039179169,-1.60771784085549,-1.35323176379409,-1.09874568673268,-0.844259609671278,-0.589773532609872,-0.335287455548469,-0.0808013784870649,0.173684698574336,0.428170775635744,0.682656852697148,0.937142929758553,1.19162900681996,1.44611508388136,1.70060116094277,1.95508723800417,1.95508723800417,1.95508723800417,1.95508723800417,1.95508723800417,1.95508723800417,1.95508723800417,1.95508723800417,1.95508723800417,1.95508723800417,1.95508723800417,1.95508723800417,1.95508723800417,1.95508723800417,1.95508723800417,1.95508723800417,1.95508723800417,1.95508723800417,1.95508723800417,1.95508723800417,1.95508723800417,-13.247697527746,-9.87672367075631,-7.12903232490555,-4.942837542067,-3.25635337411393,-2.00779387291964,-1.1353730903574,-0.577305078300506,-0.271803888622228,-0.157083573195862,-0.171358183894675,-0.252841772591982,-0.33974839116102,-0.370292091475102,-0.282686925407521,-0.0151469448315389,0.494113798379551,1.30688125235248,2.48494136521396,4.09008008509068,4.09008008509068,4.09008008509068,4.09008008509068,4.09008008509068,4.09008008509068,4.09008008509068,4.09008008509068,4.09008008509068,4.09008008509068,4.09008008509068,4.09008008509068,4.09008008509068,4.09008008509068,4.09008008509068,4.09008008509068,4.09008008509068,4.09008008509068,4.09008008509068,4.09008008509068,4.09008008509068,-2.63823988184149,-2.41456898109946,-2.19089808035743,-1.9672271796154,-1.74355627887337,-1.51988537813134,-1.29632767813859,-1.07298083968932,-0.848024977211738,-0.61885299120611,-0.384046135403654,-0.142642409509669,0.107265579814287,0.367279903326628,0.636647032051753,0.912830406424316,1.19331575058309,1.47574688453087,1.75777486667219,2.03855096398807,2.03855096398807,2.03855096398807,2.03855096398807,2.03855096398807,2.03855096398807,2.03855096398807,2.03855096398807,2.03855096398807,2.03855096398807,2.03855096398807,2.03855096398807,2.03855096398807,2.03855096398807,2.03855096398807,2.03855096398807,2.03855096398807,2.03855096398807,2.03855096398807,2.03855096398807,2.03855096398807,1,1,1,1,1,1,1,1,1,1,1,1,1,1,1,1,1,1,1,1,1,1,1,1,1,1,1,1,1,1,1,1,1,1,1,1,1,1,1,1
-0.600664940940919,1.42786781748439,-0.470628259588407,0.081120648591499,1.3183262959121,0.0919117896561676,-0.441403116361041,-1.26003893663158,1.56911739676699,-0.508813588103882,-0.558891114964302,-1.33448009016268,0.456506629829606,0.582244725792391,-1.07326734372435,1.79493672805267,1.03942650656334,0.0217690696176298,-2.30907012551686,-0.812659312931556,0.371355171773512,1.34107503691355,0.389384333126747,1.67999012377506,3.15873645992072,-1.6364875361009,1.20354970123736,-0.517727229479373,0.145418537437362,3.3626470115728,-0.643101855660918,0.740006690014219,1.12354260237443,-2.03428226259038,0.485477307666839,-2.3842871961084,-2.13041232839552,1.72845861457453,1.56265930461164,4.06240043988155,4.17003028479634,3.75619346831308,3.34235665182983,2.92851983534657,2.51468301886331,2.10084620238006,1.6870093858968,1.27317256941355,0.85933575293029,0.445498936447034,0.0316621199637783,-0.382174696519476,-0.796011513002732,-1.20984832948599,-1.62368514596924,-2.0375219624525,-2.45135877893576,-2.86519559541901,-3.27903241190227,-3.69286922838553,-3.69286922838553,-3.69286922838553,-3.69286922838553,-3.69286922838553,-3.69286922838553,-3.69286922838553,-3.69286922838553,-3.69286922838553,-3.69286922838553,-3.69286922838553,-3.69286922838553,-3.69286922838553,-3.69286922838553,-3.69286922838553,-3.69286922838553,-3.69286922838553,-3.69286922838553,-3.69286922838553,-3.69286922838553,-3.69286922838553,5.35704403813017,3.9310120108532,2.81850644217365,1.98021125692606,1.37681037994497,0.968987736064937,0.717427250120496,0.582812846946201,0.525828451376588,0.507157988246201,0.487485382389595,0.427494558641303,0.287869441835891,0.0292939568078605,-0.387547971608221,-1.00197241857778,-1.8532954592663,-2.98083316883924,-4.42390162246207,-6.22181689530017,-6.22181689530017,-6.22181689530017,-6.22181689530017,-6.22181689530017,-6.22181689530017,-6.22181689530017,-6.22181689530017,-6.22181689530017,-6.22181689530017,-6.22181689530017,-6.22181689530017,-6.22181689530017,-6.22181689530017,-6.22181689530017,-6.22181689530017,-6.22181689530017,-6.22181689530017,-6.22181689530017,-6.22181689530017,-6.22181689530017,2.37722451586424,2.14085113997188,1.90447776407949,1.66810438818713,1.43173101229476,1.19535763640239,0.953848119168658,0.694434211651854,0.455815022435488,0.301940233596765,0.262854391097761,0.311911988380439,0.347488734948818,0.212332351605692,-0.214165589861496,-0.95833896718195,-1.98291292814704,-3.20615170343775,-4.50826062361474,-5.80698664574685,-5.80698664574685,-5.80698664574685,-5.80698664574685,-5.80698664574685,-5.80698664574685,-5.80698664574685,-5.80698664574685,-5.80698664574685,-5.80698664574685,-5.80698664574685,-5.80698664574685,-5.80698664574685,-5.80698664574685,-5.80698664574685,-5.80698664574685,-5.80698664574685,-5.80698664574685,-5.80698664574685,-5.80698664574685,-5.80698664574685,1,1,1,1,1,1,1,1,1,1,1,1,1,1,1,1,1,0,0,1,1,1,1,1,1,1,1,1,1,1,1,1,1,1,1,1,1,1,1,1
0.764743637228698,-1.54768194955512,1.02596761641418,-0.641219444734118,-2.49234336227412,-0.0406296386710494,0.15237312420463,-0.0595242314532189,-1.08432929835448,-0.335676685956056,-2.30327923741927,-0.132814260857078,-0.0542126804514638,4.07395433033059,-0.697081444624299,2.39111953371704,0.628085957401298,-1.13080480212112,1.40810627468874,0.370885805909735,1.08981359736248,-0.536307471691218,1.04666228933265,-0.509596506105149,0.191705298211195,0.766904344085837,0.448605675465544,0.0834634770721561,-2.69050003884594,-0.0820837028437644,0.503527154237082,-0.926123534993541,1.16747825497381,0.0461979785077808,1.27119134747077,0.243396505452953,-0.884117148418857,-1.20151191350055,-0.636884551306892,-0.870668272954072,-0.623583420858088,-0.59831739768985,-0.573051374521614,-0.547785351353375,-0.522519328185139,-0.497253305016903,-0.471987281848664,-0.446721258680428,-0.421455235512191,-0.396189212343952,-0.370923189175716,-0.345657166007479,-0.320391142839242,-0.295125119671004,-0.269859096502767,-0.24459307333453,-0.219327050166294,-0.194061026998057,-0.168795003829819,-0.14352898066158,-0.14352898066158,-0.14352898066158,-0.14352898066158,-0.14352898066158,-0.14352898066158,-0.14352898066158,-0.14352898066158,-0.14352898066158,-0.14352898066158,-0.14352898066158,-0.14352898066158,-0.14352898066158,-0.14352898066158,-0.14352898066158,-0.14352898066158,-0.14352898066158,-0.14352898066158,-0.14352898066158,-0.14352898066158,-0.14352898066158,-3.43831629914612,-3.83910325089647,-3.91589506838471,-3.72019306390881,-3.30349854976671,-2.71731283825639,-2.01313724167579,-1.24247307232289,-0.45682164249564,0.292315735507996,0.953437749390055,1.47504308685258,1.8056304355976,1.89369848332718,1.68774591774333,1.13627142654811,0.187773697443552,-1.20924858186831,-3.10629672368544,-5.55487204030578,-5.55487204030578,-5.55487204030578,-5.55487204030578,-5.55487204030578,-5.55487204030578,-5.55487204030578,-5.55487204030578,-5.55487204030578,-5.55487204030578,-5.55487204030578,-5.55487204030578,-5.55487204030578,-5.55487204030578,-5.55487204030578,-5.55487204030578,-5.55487204030578,-5.55487204030578,-5.55487204030578,-5.55487204030578,-5.55487204030578,-4.73420625557403,-4.18300142529158,-3.63179659500912,-3.08059176472667,-2.52938693444422,-1.97818210416176,-1.42776505972688,-0.882395645920766,-0.351532151281425,0.142920081294115,0.581702238378821,0.956675530254003,1.22389672732644,1.27374981653486,1.00629221737816,0.423944624816142,-0.38865631315058,-1.34921649473086,-2.40585583867642,-3.51219422115955,-3.51219422115955,-3.51219422115955,-3.51219422115955,-3.51219422115955,-3.51219422115955,-3.51219422115955,-3.51219422115955,-3.51219422115955,-3.51219422115955,-3.51219422115955,-3.51219422115955,-3.51219422115955,-3.51219422115955,-3.51219422115955,-3.51219422115955,-3.51219422115955,-3.51219422115955,-3.51219422115955,-3.51219422115955,-3.51219422115955,1,1,1,1,1,1,1,1,1,1,1,1,1,1,1,1,1,1,1,1,1,1,1,1,1,1,1,1,1,1,1,1,1,1,1,1,1,1,1,1
-1.22786324861282,0.0161667120557718,-0.0621946304223302,0.978567189155844,0.868857808104579,-0.285506288281308,1.91018788495703,0.604331970292826,-1.11654979676161,-0.648693106001479,-1.90671427519711,-0.712308828567007,2.9711946988083,-0.337132639098485,0.343694203614742,0.243781595746798,0.487080552612614,-2.24058574797787,-1.05547764004514,-0.180189802744209,-1.07070157194828,-0.787934795643256,0.724199385534128,0.256043966677831,-1.26663823896772,-2.18806472262252,1.23441085100468,-0.709997708706638,0.346136087376156,0.860327298030253,-0.280392451321003,0.616213946814424,-1.01153823135592,-1.58249355223512,-0.104002003292335,2.38366030079811,-0.159486613733177,1.72346179707774,0.439882176695926,0.184173797439037,2.16578007190001,1.86654381855806,1.56730756521611,1.26807131187415,0.968835058532202,0.669598805190249,0.370362551848295,0.0711262985063446,-0.22810995483561,-0.527346208177562,-0.826582461519514,-1.12581871486147,-1.42505496820342,-1.72429122154537,-2.02352747488733,-2.32276372822928,-2.62199998157123,-2.92123623491318,-3.22047248825514,-3.51970874159709,-3.51970874159709,-3.51970874159709,-3.51970874159709,-3.51970874159709,-3.51970874159709,-3.51970874159709,-3.51970874159709,-3.51970874159709,-3.51970874159709,-3.51970874159709,-3.51970874159709,-3.51970874159709,-3.51970874159709,-3.51970874159709,-3.51970874159709,-3.51970874159709,-3.51970874159709,-3.51970874159709,-3.51970874159709,-3.51970874159709,3.10160427163115,1.69638465069057,0.653522609211879,-0.0730098996039901,-0.529240922556103,-0.761198506443522,-0.814910698065312,-0.736405544220531,-0.57171109170825,-0.366855387327545,-0.167866477877444,-0.0207724101570683,0.0283987690345739,-0.0663809871016099,-0.351139725364659,-0.871905492553712,-1.67470633546775,-2.80557030090585,-4.31052543566711,-6.23559978655059,-6.23559978655059,-6.23559978655059,-6.23559978655059,-6.23559978655059,-6.23559978655059,-6.23559978655059,-6.23559978655059,-6.23559978655059,-6.23559978655059,-6.23559978655059,-6.23559978655059,-6.23559978655059,-6.23559978655059,-6.23559978655059,-6.23559978655059,-6.23559978655059,-6.23559978655059,-6.23559978655059,-6.23559978655059,-6.23559978655059,-3.07592971921572,-2.66712614374795,-2.2583225682802,-1.84951899281243,-1.44071541734466,-1.0319118418769,-0.6422661419778,-0.350806202523088,-0.174748684976707,-0.0653964263344626,0.000271178090144986,-0.0217380771848372,-0.208950110950818,-0.601482005445821,-1.15829446149907,-1.80834607803928,-2.52698721551693,-3.30934098377107,-4.11171868033174,-4.89580830008199,-4.89580830008199,-4.89580830008199,-4.89580830008199,-4.89580830008199,-4.89580830008199,-4.89580830008199,-4.89580830008199,-4.89580830008199,-4.89580830008199,-4.89580830008199,-4.89580830008199,-4.89580830008199,-4.89580830008199,-4.89580830008199,-4.89580830008199,-4.89580830008199,-4.89580830008199,-4.89580830008199,-4.89580830008199,-4.89580830008199,1,1,1,1,1,1,1,1,1,1,1,1,1,1,1,1,1,1,0,0,0,0,0,0,0,0,0,0,0,0,0,0,0,0,0,0,0,0,0,0
-1.12992353498135,-0.346997189751115,-2.59387198480454,-1.24884485537116,1.08960645700153,-0.241141150477256,0.848887049209202,-0.183853661717974,0.785748935344788,0.510669627572122,0.493120420731927,-0.747158048631201,-2.84672713152148,1.11746541039619,1.8427248967911,-2.00926760438423,-1.00223722855711,-1.11241550123657,1.83558540344716,0.803875838402735,-1.34529596502435,0.478692897210554,1.11484380522931,-0.826716716850886,-0.556162789538361,2.38118743457823,-1.49961541550673,1.31146842260542,-0.336917677880093,-0.851803609343303,-2.82082285686562,1.13266005318652,0.11403160426562,-0.676399256902709,0.349883407895891,-0.843877612184837,-0.92388199118461,-2.24048184993887,1.1720821624982,2.52740951574957,0.902437664766755,0.874764434598593,0.847091204430432,0.81941797426227,0.791744744094108,0.764071513925946,0.736398283757785,0.708725053589623,0.681051823421461,0.653378593253301,0.625705363085139,0.598032132916975,0.570358902748815,0.542685672580651,0.515012442412491,0.487339212244329,0.459665982076167,0.431992751908004,0.404319521739843,0.376646291571683,0.376646291571683,0.376646291571683,0.376646291571683,0.376646291571683,0.376646291571683,0.376646291571683,0.376646291571683,0.376646291571683,0.376646291571683,0.376646291571683,0.376646291571683,0.376646291571683,0.376646291571683,0.376646291571683,0.376646291571683,0.376646291571683,0.376646291571683,0.376646291571683,0.376646291571683,0.376646291571683,-19.3903202879638,-13.9661046728714,-9.52464337396865,-5.97573083039567,-3.22916148129244,-1.19472976579893,0.217769876944862,1.09854300779893,1.53779518762328,1.62573197727793,1.45255893762288,1.10848162951812,0.683705613823673,0.268436451399559,-0.0471202968942404,-0.172759070197742,-0.018274307650918,0.506539551606272,1.49188806843378,3.02797680369165,3.02797680369165,3.02797680369165,3.02797680369165,3.02797680369165,3.02797680369165,3.02797680369165,3.02797680369165,3.02797680369165,3.02797680369165,3.02797680369165,3.02797680369165,3.02797680369165,3.02797680369165,3.02797680369165,3.02797680369165,3.02797680369165,3.02797680369165,3.02797680369165,3.02797680369165,3.02797680369165,4.46643620916525,3.81405277191328,3.1616693346613,2.50928589740933,1.85690246015737,1.20451902290541,0.583563449356427,0.176942917153989,0.218635866944002,0.57025392392228,0.838591702635668,0.960892941596111,1.053490904701,0.83993998960006,0.0415062445039851,-0.82583853697186,-0.826364971185141,0.326344061013446,2.12804788221769,4.05483203383836,4.05483203383836,4.05483203383836,4.05483203383836,4.05483203383836,4.05483203383836,4.05483203383836,4.05483203383836,4.05483203383836,4.05483203383836,4.05483203383836,4.05483203383836,4.05483203383836,4.05483203383836,4.05483203383836,4.05483203383836,4.05483203383836,4.05483203383836,4.05483203383836,4.05483203383836,4.05483203383836,1,1,1,1,1,1,1,1,1,1,1,1,1,1,1,1,1,1,1,1,1,1,1,1,1,1,1,1,1,1,1,1,1,1,1,1,1,1,1,1
0.684870234856044,2.09707604898822,0.975433067041898,-1.9398066166813,-0.699474880021262,0.682249747976614,-2.63730867565432,0.84686926723354,-1.05511341767088,-0.23193630855995,0.570629959541659,-0.0339909933241831,-1.30952463096455,0.757361173811347,-1.81579999573305,-0.77618249458374,0.369356343677531,0.178251760501718,-1.28062896066396,-1.04456232702426,-0.449947917836379,-0.329099800010898,1.09193458090667,-2.4255050160863,-1.96949673945811,-1.80896814935051,-1.39902576614058,-1.69465356393223,0.207366477863358,1.17279649052845,-0.155370340800264,1.5295043938246,2.55035126899978,-1.38230916834148,2.8706555074773,0.267802779889868,0.448682132860467,-0.958647274834913,-0.717882382813446,0.772276138348216,1.20127471596748,0.976884457859727,0.752494199751979,0.528103941644231,0.303713683536484,0.0793234254287363,-0.145066832679012,-0.36945709078676,-0.593847348894508,-0.818237607002256,-1.04262786511,-1.26701812321775,-1.4914083813255,-1.71579863943325,-1.940188897541,-2.16457915564874,-2.38896941375649,-2.61335967186424,-2.83774992997199,-3.06214018807973,-3.06214018807973,-3.06214018807973,-3.06214018807973,-3.06214018807973,-3.06214018807973,-3.06214018807973,-3.06214018807973,-3.06214018807973,-3.06214018807973,-3.06214018807973,-3.06214018807973,-3.06214018807973,-3.06214018807973,-3.06214018807973,-3.06214018807973,-3.06214018807973,-3.06214018807973,-3.06214018807973,-3.06214018807973,-3.06214018807973,-7.49054338598185,-4.97183510474093,-3.04039774877426,-1.63417516374004,-0.691111195296493,-0.149149689101816,0.0537655091857738,-0.0203094460919218,-0.309318400593115,-0.75120519997602,-1.28391368989884,-1.84538771601978,-2.37357112399707,-2.80640775948889,-3.08184146815344,-3.13781609564898,-2.91227548763366,-2.34316348976573,-1.36842394770338,0.07399929289517,0.07399929289517,0.07399929289517,0.07399929289517,0.07399929289517,0.07399929289517,0.07399929289517,0.07399929289517,0.07399929289517,0.07399929289517,0.07399929289517,0.07399929289517,0.07399929289517,0.07399929289517,0.07399929289517,0.07399929289517,0.07399929289517,0.07399929289517,0.07399929289517,0.07399929289517,0.07399929289517,3.46122371189332,2.97498670996982,2.4887497080463,2.00251270612279,1.51627570419928,1.03003870227578,0.526648866074869,-0.0573066676349097,-0.703467259567811,-1.34012833209661,-1.91078474304387,-2.3516143430851,-2.61355765028583,-2.72371246822901,-2.73223063514498,-2.62781644289596,-2.37123833415262,-1.9525824595545,-1.38818264387644,-0.730787367921886,-0.730787367921886,-0.730787367921886,-0.730787367921886,-0.730787367921886,-0.730787367921886,-0.730787367921886,-0.730787367921886,-0.730787367921886,-0.730787367921886,-0.730787367921886,-0.730787367921886,-0.730787367921886,-0.730787367921886,-0.730787367921886,-0.730787367921886,-0.730787367921886,-0.730787367921886,-0.730787367921886,-0.730787367921886,-0.730787367921886,1,1,1,1,1,1,1,1,1,1,1,1,1,1,1,0,0,1,1,1,1,1,1,1,1,1,1,1,1,1,1,1,1,1,1,1,1,1,1,1
-0.179489468579852,0.766269101546615,0.208894029955496,-0.188307137338978,0.607131873491834,-0.96038042229108,2.52844852441616,-1.51994405592237,-0.416084001549871,-1.78372042150938,0.115327692275484,0.21950419649416,3.89411694094874,-0.158366498697667,1.82300055397696,3.27664750073245,-2.88676211059747,2.44482245505768,0.94078841702834,-0.885822691442586,0.104172724974351,1.0389125011063,1.21528375642504,-0.981529187961588,0.167897370339603,2.16610532661053,-1.748608975056,-0.097364066887387,0.726960023437416,3.76297050984189,0.249322551817766,-1.74644257021458,0.524720338837932,-0.519087516869318,-0.685439780081541,0.684609312507639,0.603211240079652,-0.276758691765991,-0.354147957960416,-0.0348861510217393,1.73804182759502,1.6007421275671,1.46344242753918,1.32614272751126,1.18884302748334,1.05154332745542,0.914243627427501,0.776943927399579,0.63964422737166,0.502344527343739,0.365044827315817,0.227745127287896,0.0904454272599757,-0.0468542727679431,-0.184153972795864,-0.321453672823786,-0.458753372851708,-0.596053072879625,-0.733352772907548,-0.87065247293547,-0.87065247293547,-0.87065247293547,-0.87065247293547,-0.87065247293547,-0.87065247293547,-0.87065247293547,-0.87065247293547,-0.87065247293547,-0.87065247293547,-0.87065247293547,-0.87065247293547,-0.87065247293547,-0.87065247293547,-0.87065247293547,-0.87065247293547,-0.87065247293547,-0.87065247293547,-0.87065247293547,-0.87065247293547,-0.87065247293547,29.584747403347,22.097313718503,15.8904567656919,10.8526842401693,6.87250383719136,3.83842325201374,1.63895017989239,0.162592316083146,-0.702142644158101,-1.06674700557552,-1.04271307291324,-0.741533150915343,-0.274699544326051,0.246295442110554,0.709959503650303,1.00480033554912,1.01932563306284,0.642043091447283,-0.238539594041624,-1.73391472814799,-1.73391472814799,-1.73391472814799,-1.73391472814799,-1.73391472814799,-1.73391472814799,-1.73391472814799,-1.73391472814799,-1.73391472814799,-1.73391472814799,-1.73391472814799,-1.73391472814799,-1.73391472814799,-1.73391472814799,-1.73391472814799,-1.73391472814799,-1.73391472814799,-1.73391472814799,-1.73391472814799,-1.73391472814799,-1.73391472814799,11.9064213623608,10.1762323161569,8.44604326995313,6.71585422374932,4.98566517754548,3.25547613134167,1.56494046720343,0.119450454387081,-0.82008041314856,-1.07618300783465,-0.701763051477016,-0.0390558106805923,0.480826510906892,0.640330851230207,0.504891449245518,0.253278762457354,0.00918814159470926,-0.218423603994131,-0.490941315645223,-0.827658625783666,-0.827658625783666,-0.827658625783666,-0.827658625783666,-0.827658625783666,-0.827658625783666,-0.827658625783666,-0.827658625783666,-0.827658625783666,-0.827658625783666,-0.827658625783666,-0.827658625783666,-0.827658625783666,-0.827658625783666,-0.827658625783666,-0.827658625783666,-0.827658625783666,-0.827658625783666,-0.827658625783666,-0.827658625783666,-0.827658625783666,1,1,1,1,1,1,1,1,1,1,1,1,1,1,1,1,1,1,1,1,1,1,1,1,1,1,1,1,1,1,1,1,1,1,1,1,1,1,1,1
-0.92058663502493,1.41115703138328,0.699272781832208,-1.01720241411767,-1.17066391123254,-0.81330871029316,-2.41408284599257,0.807532666380357,-0.3435133565826,1.13539944110389,-0.485738567353792,0.553350549067302,-0.626392799623304,-1.82375812844811,-0.25236601222297,-1.06333566503243,-2.8487513883364,1.4944675634589,-0.535296491906102,1.64179352762514,0.926039107164261,0.784757449479118,-1.18873364920133,1.14019977097002,0.646254855353231,-0.174847050411987,0.318196297480197,0.474999637727763,-0.346226016661234,-0.298055071216648,-0.864672937958403,3.72062012072037,-2.25697265931884,2.11316959596414,-3.08009089466294,-2.03901098526078,-1.12858362621724,0.161341537197254,-0.075794433666923,-0.41671523234351,2.04521556070003,1.89593812452762,1.74666068835522,1.59738325218281,1.4481058160104,1.29882837983799,1.14955094366559,1.00027350749318,0.850996071320774,0.701718635148364,0.552441198975959,0.403163762803551,0.253886326631145,0.104608890458737,-0.0446685457136713,-0.193945981886078,-0.343223418058486,-0.492500854230892,-0.6417782904033,-0.79105572657571,-0.79105572657571,-0.79105572657571,-0.79105572657571,-0.79105572657571,-0.79105572657571,-0.79105572657571,-0.79105572657571,-0.79105572657571,-0.79105572657571,-0.79105572657571,-0.79105572657571,-0.79105572657571,-0.79105572657571,-0.79105572657571,-0.79105572657571,-0.79105572657571,-0.79105572657571,-0.79105572657571,-0.79105572657571,-0.79105572657571,-8.45329562499168,-5.62890640379603,-3.36514637742253,-1.60915210468867,-0.308060144411922,0.590992944590218,1.14087060350027,1.39443627350074,1.40455339577415,1.22408541150301,0.905895761869832,0.502847888057142,0.0678052312474335,-0.346368767376754,-0.686810666632939,-0.90065702533856,-0.935044402311151,-0.737109356368173,-0.253988446327121,0.567181768994537,0.567181768994537,0.567181768994537,0.567181768994537,0.567181768994537,0.567181768994537,0.567181768994537,0.567181768994537,0.567181768994537,0.567181768994537,0.567181768994537,0.567181768994537,0.567181768994537,0.567181768994537,0.567181768994537,0.567181768994537,0.567181768994537,0.567181768994537,0.567181768994537,0.567181768994537,0.567181768994537,1.56945548084518,1.48752178797543,1.40558809510568,1.32365440223593,1.24172070936618,1.15978701649643,1.07695874172718,0.988502054181833,0.888195823183436,0.77227960884804,0.641625792324717,0.499572502871938,0.347302370078753,0.183009692140002,0.0059419174123736,-0.181106593744916,-0.373679508021304,-0.567735777516287,-0.760334429445058,-0.95093162138935,-0.95093162138935,-0.95093162138935,-0.95093162138935,-0.95093162138935,-0.95093162138935,-0.95093162138935,-0.95093162138935,-0.95093162138935,-0.95093162138935,-0.95093162138935,-0.95093162138935,-0.95093162138935,-0.95093162138935,-0.95093162138935,-0.95093162138935,-0.95093162138935,-0.95093162138935,-0.95093162138935,-0.95093162138935,-0.95093162138935,1,1,1,1,1,1,1,1,1,1,1,1,1,1,1,1,1,1,1,1,1,1,1,1,1,1,1,1,1,1,1,1,1,1,1,1,1,1,1,1
0.182799815093593,-0.167097264764611,0.951843986973861,0.441083667398832,-0.527937746632536,1.51383496706824,-0.849005889604022,0.562827068626271,-1.03483307578317,-0.768639490503723,1.28575973416079,-1.69356921370917,0.091490862599688,0.300072809849073,0.399265833246666,-0.485725965207607,-0.845626260499371,-0.738190193505492,-0.544037332136112,0.567087670487151,-0.0322447936134491,0.4635799540655,-0.846542172873709,0.456301029189557,0.127365295635055,-0.356055225785816,0.0942482799571707,0.819077083058765,0.729824821708924,-1.49105519622086,-0.104268976502439,-0.379057924203856,-1.81439058792309,0.841612588193565,-0.195822013642855,-0.00143641221033342,0.293853519030865,-0.432470390248241,-0.812099217984457,2.53679730410764,-4.37465369440562,-3.97930236747231,-3.58395104053899,-3.18859971360567,-2.79324838667235,-2.39789705973903,-2.00254573280571,-1.6071944058724,-1.21184307893908,-0.816491752005762,-0.421140425072442,-0.0257890981391249,0.369562228794193,0.764913555727514,1.16026488266083,1.55561620959415,1.95096753652747,2.34631886346078,2.7416701903941,3.13702151732742,3.13702151732742,3.13702151732742,3.13702151732742,3.13702151732742,3.13702151732742,3.13702151732742,3.13702151732742,3.13702151732742,3.13702151732742,3.13702151732742,3.13702151732742,3.13702151732742,3.13702151732742,3.13702151732742,3.13702151732742,3.13702151732742,3.13702151732742,3.13702151732742,3.13702151732742,3.13702151732742,5.46272910086288,3.77691626878107,2.33610898259097,1.13109981357239,0.152681333005115,-0.608353887831032,-1.16121327765625,-1.51510426519074,-1.67923427915468,-1.66281074826828,-1.47504110125173,-1.12513276682522,-0.62229317370894,0.0242702493769027,0.805350073712122,1.71173887057652,2.73422921124991,3.86361366701209,5.09068480914287,6.40623520892205,6.40623520892205,6.40623520892205,6.40623520892205,6.40623520892205,6.40623520892205,6.40623520892205,6.40623520892205,6.40623520892205,6.40623520892205,6.40623520892205,6.40623520892205,6.40623520892205,6.40623520892205,6.40623520892205,6.40623520892205,6.40623520892205,6.40623520892205,6.40623520892205,6.40623520892205,6.40623520892205,-3.37527556838434,-3.12681666149897,-2.87835775461359,-2.62989884772822,-2.38143994084284,-2.13298103395747,-1.88246256045357,-1.61885287314027,-1.32691593661862,-0.995191266439839,-0.619482560151472,-0.202444695729218,0.247108833019103,0.719191103377884,1.21111978202568,1.72630360542991,2.26324049106328,2.81288775864317,3.36718871896534,3.92297330354874,3.92297330354874,3.92297330354874,3.92297330354874,3.92297330354874,3.92297330354874,3.92297330354874,3.92297330354874,3.92297330354874,3.92297330354874,3.92297330354874,3.92297330354874,3.92297330354874,3.92297330354874,3.92297330354874,3.92297330354874,3.92297330354874,3.92297330354874,3.92297330354874,3.92297330354874,3.92297330354874,1,1,1,1,1,1,1,1,1,1,1,1,1,1,1,1,1,1,1,1,1,1,1,1,1,1,1,1,1,1,1,1,1,1,1,1,1,1,1,1
0.465148584059482,2.2602019837238,0.807021656879718,-1.66475802511078,-0.661073324552083,0.455821188747873,-2.17256728838883,1.15030793998011,-1.12928293527303,0.92028153710779,1.06528274506912,-0.917436011839156,0.722872891559271,2.07471136502701,0.266047263801822,0.107962385938936,1.00193917555705,2.88395405356916,-0.499118996847228,-1.92093573952988,-0.890688173157768,0.403569280541245,-0.509956488310285,-0.601239534198815,0.346822807777347,0.500277634655012,0.71985860041981,0.257023777515073,-0.512478102577452,0.696560610414616,0.94434074492189,1.94401933090334,0.16507310394663,-0.357102933543215,-1.44503774742599,-1.52192498137397,1.86791188437869,0.58120861353596,-0.862384139910352,0.418264376983242,-3.11059846431458,-2.75167816506396,-2.39275786581334,-2.03383756656272,-1.6749172673121,-1.31599696806148,-0.957076668810862,-0.598156369560243,-0.239236070309625,0.119684228940994,0.478604528191614,0.83752482744223,1.19644512669285,1.55536542594347,1.91428572519409,2.27320602444471,2.63212632369532,2.99104662294595,3.34996692219656,3.70888722144718,3.70888722144718,3.70888722144718,3.70888722144718,3.70888722144718,3.70888722144718,3.70888722144718,3.70888722144718,3.70888722144718,3.70888722144718,3.70888722144718,3.70888722144718,3.70888722144718,3.70888722144718,3.70888722144718,3.70888722144718,3.70888722144718,3.70888722144718,3.70888722144718,3.70888722144718,3.70888722144718,32.2083309545748,22.7935025931204,15.1739841544996,9.18481397785605,4.66103040233347,1.43767176707548,-0.650223588774203,-1.76761732607195,-2.07947110567409,-1.75074658843693,-0.946405435216805,0.168590693129929,1.42928013574694,2.67070123177793,3.72789232036658,4.43589174065652,4.6297378317914,4.14446893291494,2.81512338317075,0.476739521702596,0.476739521702596,0.476739521702596,0.476739521702596,0.476739521702596,0.476739521702596,0.476739521702596,0.476739521702596,0.476739521702596,0.476739521702596,0.476739521702596,0.476739521702596,0.476739521702596,0.476739521702596,0.476739521702596,0.476739521702596,0.476739521702596,0.476739521702596,0.476739521702596,0.476739521702596,0.476739521702596,-0.0345626688805218,-0.133352347825066,-0.232142026769598,-0.33093170571414,-0.429721384658683,-0.528511063603222,-0.618227101307413,-0.652936282098507,-0.579531604985116,-0.368182996520035,-0.0286537923417605,0.396628337240879,0.869484959966737,1.3811247884797,1.9293802663522,2.48657088938647,3.00528862107786,3.44653425516874,3.80172613819311,4.10186503400368,4.10186503400368,4.10186503400368,4.10186503400368,4.10186503400368,4.10186503400368,4.10186503400368,4.10186503400368,4.10186503400368,4.10186503400368,4.10186503400368,4.10186503400368,4.10186503400368,4.10186503400368,4.10186503400368,4.10186503400368,4.10186503400368,4.10186503400368,4.10186503400368,4.10186503400368,4.10186503400368,1,1,1,1,1,1,1,1,1,1,1,1,1,1,1,1,1,0,1,1,1,1,1,1,1,1,1,1,1,1,1,1,1,1,1,1,1,1,1,1
1.09652196352045,-0.76935262609695,-0.404803678455944,0.33746946507442,-1.02247508431694,1.22793796835218,-0.790618231066217,2.2043241698766,0.376082144315541,1.5030279079407,-1.73546066000902,-2.38453000957971,1.86605758489893,-2.72397247349777,-1.66101131413776,-0.0962880971493227,-0.781425129293995,2.62719637308609,-1.13027730303895,-0.442024654658377,0.827035996430629,0.860439756357062,0.573799454652322,0.161512884414034,1.45095243667557,-0.0725770432314068,1.17522251635675,-0.0795614031440142,-0.24040944494608,-0.629150950244762,0.981523049351656,-0.354122213547797,2.12753704476131,-2.58858408819455,-2.83620472838221,-1.80313561741015,0.842381994787843,1.49791315648033,-1.20240204880854,-1.63278463691836,4.03193741613557,3.66649980796324,3.3010621997909,2.93562459161857,2.57018698344624,2.2047493752739,1.83931176710157,1.47387415892924,1.10843655075691,0.742998942584574,0.37756133441224,0.0121237262399081,-0.353313881932424,-0.718751490104756,-1.08418909827709,-1.44962670644942,-1.81506431462176,-2.18050192279408,-2.54593953096642,-2.91137713913876,-2.91137713913876,-2.91137713913876,-2.91137713913876,-2.91137713913876,-2.91137713913876,-2.91137713913876,-2.91137713913876,-2.91137713913876,-2.91137713913876,-2.91137713913876,-2.91137713913876,-2.91137713913876,-2.91137713913876,-2.91137713913876,-2.91137713913876,-2.91137713913876,-2.91137713913876,-2.91137713913876,-2.91137713913876,-2.91137713913876,-9.61242708243996,-6.1324538170451,-3.372754672202,-1.2658238724463,0.255844357686379,1.25975579366041,1.81341621094016,1.98433138499,1.84000709127432,1.44794910525747,0.875663202403814,0.190655158177755,-0.539569251956355,-1.24750425253416,-1.86564406809126,-2.32648292316328,-2.56251504228587,-2.50623464999465,-2.09013597082528,-1.24671322931332,-1.24671322931332,-1.24671322931332,-1.24671322931332,-1.24671322931332,-1.24671322931332,-1.24671322931332,-1.24671322931332,-1.24671322931332,-1.24671322931332,-1.24671322931332,-1.24671322931332,-1.24671322931332,-1.24671322931332,-1.24671322931332,-1.24671322931332,-1.24671322931332,-1.24671322931332,-1.24671322931332,-1.24671322931332,-1.24671322931332,9.63818492935193,8.35984095696147,7.08149698457098,5.80315301218052,4.52480903979007,3.24646506739958,2.03711251230324,1.17753787239899,0.712154968113815,0.439584571612926,0.175647805362839,-0.190928621088929,-0.701531997907251,-1.23904811810989,-1.60113129810975,-1.74637164006065,-1.81745993024846,-1.8910457894262,-1.88400770909202,-1.75611662829988,-1.75611662829988,-1.75611662829988,-1.75611662829988,-1.75611662829988,-1.75611662829988,-1.75611662829988,-1.75611662829988,-1.75611662829988,-1.75611662829988,-1.75611662829988,-1.75611662829988,-1.75611662829988,-1.75611662829988,-1.75611662829988,-1.75611662829988,-1.75611662829988,-1.75611662829988,-1.75611662829988,-1.75611662829988,-1.75611662829988,1,1,1,1,1,1,1,1,1,1,1,1,1,1,1,1,1,1,1,1,1,1,1,1,1,1,1,1,1,1,1,1,1,1,1,1,1,1,1,1
-2.01256569154873,0.991649046382738,1.10309228496403,-2.37840293596099,-0.850059507048305,-1.5417244301872,2.39749677538616,-0.422950985142855,0.723813986306938,0.839103724889004,-0.240662672465639,-0.665703683533486,-1.1651701014165,1.21017615971938,1.98753290807652,-2.35191910079082,0.0304476539202607,0.716763501634521,-0.609791001057788,-2.9065784575555,-1.78739249703993,1.08040114575965,-0.869522849015452,-1.12921686549183,1.23546042131276,1.12446766927701,0.994196642800908,1.30617150234728,1.12826004827987,-0.856004060130363,-0.639238727264111,-0.47519292914212,0.539457834303105,-1.51118992789722,-1.75442283110518,-0.510669615310974,0.84823751034194,-2.15565758421774,1.18877289169361,-0.319817680530619,0.302802446166077,0.210471542570646,0.118140638975212,0.0258097353797773,-0.0665211682156537,-0.15885207181109,-0.251182975406522,-0.343513879001955,-0.435844782597387,-0.528175686192819,-0.620506589788256,-0.712837493383688,-0.805168396979123,-0.897499300574555,-0.989830204169987,-1.08216110776542,-1.17449201136086,-1.26682291495629,-1.35915381855172,-1.45148472214716,-1.45148472214716,-1.45148472214716,-1.45148472214716,-1.45148472214716,-1.45148472214716,-1.45148472214716,-1.45148472214716,-1.45148472214716,-1.45148472214716,-1.45148472214716,-1.45148472214716,-1.45148472214716,-1.45148472214716,-1.45148472214716,-1.45148472214716,-1.45148472214716,-1.45148472214716,-1.45148472214716,-1.45148472214716,-1.45148472214716,10.5979021975849,6.76166254064535,3.79856864143656,1.61173417724472,0.104272825356,-0.820701736943413,-1.26007583236734,-1.3107357836296,-1.06956791344401,-0.633458544524395,-0.099293999584555,0.436039398661675,0.875655327500475,1.12266746421804,1.08018948610054,0.651335070434163,-0.26078210549491,-1.75304836440049,-3.92235002899642,-6.86557342199651,-6.86557342199651,-6.86557342199651,-6.86557342199651,-6.86557342199651,-6.86557342199651,-6.86557342199651,-6.86557342199651,-6.86557342199651,-6.86557342199651,-6.86557342199651,-6.86557342199651,-6.86557342199651,-6.86557342199651,-6.86557342199651,-6.86557342199651,-6.86557342199651,-6.86557342199651,-6.86557342199651,-6.86557342199651,-6.86557342199651,-1.83054964759339,-1.63528419012325,-1.44001873265306,-1.2447532751829,-1.04948781771273,-0.854222360242543,-0.702949109946802,-0.73741049335216,-0.811874613720255,-0.682513638067675,-0.32455179330543,0.149907754867549,0.565739538338388,0.649876301687494,0.255827210608922,-0.43542315995359,-1.17279455663637,-1.92807303272776,-2.78193269544344,-3.72451810918791,-3.72451810918791,-3.72451810918791,-3.72451810918791,-3.72451810918791,-3.72451810918791,-3.72451810918791,-3.72451810918791,-3.72451810918791,-3.72451810918791,-3.72451810918791,-3.72451810918791,-3.72451810918791,-3.72451810918791,-3.72451810918791,-3.72451810918791,-3.72451810918791,-3.72451810918791,-3.72451810918791,-3.72451810918791,-3.72451810918791,1,1,1,1,1,1,1,1,1,1,1,1,1,1,1,1,1,1,1,1,1,1,1,1,1,1,1,1,1,1,1,1,1,1,1,1,1,1,1,1
0.257492721935212,0.544038131718642,0.847963137479384,-1.19764774589119,1.16613782132439,0.567968955204772,0.448662875466654,-1.07256711611681,-0.876505030349945,0.848746677661339,-0.735897082974805,0.557849878098468,-2.06741644898298,0.597880827692226,1.17989812815257,0.941294011622658,-0.36213817733009,-0.105455511110295,2.00926026215899,1.68541713996851,1.21099402624021,-0.316292500589167,-1.45882442742652,1.13655027906868,-0.0560926577441787,0.944746906769053,-2.46248388641032,-0.452094304910494,-0.0569181878868275,1.41951836592358,0.0495652799532564,0.906951988314091,-0.435046588240937,-2.46629738895273,-0.394241845337779,0.404123784403394,0.600327408575549,-0.18044284533649,-0.299767162639878,-3.46536827663865,-2.57691918491895,-2.32130082508928,-2.0656824652596,-1.81006410542993,-1.55444574560026,-1.29882738577058,-1.04320902594091,-0.787590666111241,-0.53197230628157,-0.276353946451897,-0.020735586622223,0.234882773207447,0.490501133037121,0.746119492866793,1.00173785269646,1.25735621252614,1.51297457235581,1.76859293218548,2.02421129201515,2.27982965184483,2.27982965184483,2.27982965184483,2.27982965184483,2.27982965184483,2.27982965184483,2.27982965184483,2.27982965184483,2.27982965184483,2.27982965184483,2.27982965184483,2.27982965184483,2.27982965184483,2.27982965184483,2.27982965184483,2.27982965184483,2.27982965184483,2.27982965184483,2.27982965184483,2.27982965184483,2.27982965184483,20.3146081099546,14.2049019198866,9.26164282634311,5.37871383545729,2.44999795336239,0.369378186191632,-0.969262459921757,-1.67204097884456,-1.84507436444355,-1.59447961058549,-1.0263737111372,-0.246873659965372,0.637903549063124,1.52184092208155,2.29882146522314,2.86272818462111,3.10744408640871,2.92685217671912,2.2148354616856,0.86527694744132,0.86527694744132,0.86527694744132,0.86527694744132,0.86527694744132,0.86527694744132,0.86527694744132,0.86527694744132,0.86527694744132,0.86527694744132,0.86527694744132,0.86527694744132,0.86527694744132,0.86527694744132,0.86527694744132,0.86527694744132,0.86527694744132,0.86527694744132,0.86527694744132,0.86527694744132,0.86527694744132,0.468326000601659,0.233760256427765,-0.00080548774612943,-0.235371231920038,-0.469936976093934,-0.704502720267836,-0.924498498581911,-1.05140882649803,-0.986928669324731,-0.721516897920418,-0.360317454020901,-0.0059451740009262,0.335021662729311,0.699443653862806,1.08321307915127,1.45101446775463,1.79092812373916,2.12305281429039,2.46816973284775,2.82692578567888,2.82692578567888,2.82692578567888,2.82692578567888,2.82692578567888,2.82692578567888,2.82692578567888,2.82692578567888,2.82692578567888,2.82692578567888,2.82692578567888,2.82692578567888,2.82692578567888,2.82692578567888,2.82692578567888,2.82692578567888,2.82692578567888,2.82692578567888,2.82692578567888,2.82692578567888,2.82692578567888,1,1,1,1,1,1,1,1,1,1,1,1,1,1,1,1,1,1,1,1,1,1,1,1,1,1,1,1,1,1,1,1,1,1,1,1,1,1,1,1
0.105912408193317,-0.317758718558818,-1.0337765679588,0.632987038879613,1.52905025455214,-0.0414963177564589,0.403766862495914,0.561439252517603,-0.302789139466183,1.0168526380461,0.83791681186278,1.03980448043252,2.23905679080146,-2.1830660891949,-2.62789905423773,0.246562288916415,1.02134217073091,2.53453075046484,-2.56323684471408,0.0459878624203878,0.491535888880877,-0.187840338287428,0.192457934189903,-0.196536619546158,0.8795751025119,-2.27385008009177,-0.277080902652441,-1.65093230828368,-0.851844064111626,0.637935421614024,-1.08343278032346,-2.57764821792739,2.74049530152296,-1.1889216921286,-0.544532758369716,0.297790337237684,-0.896246761339549,1.52176596310459,-0.869822735936905,-0.910750409515609,0.814716942555664,0.777611763907727,0.740506585259789,0.703401406611853,0.666296227963915,0.629191049315978,0.592085870668042,0.554980692020104,0.517875513372166,0.48077033472423,0.443665156076293,0.406559977428355,0.369454798780419,0.332349620132483,0.295244441484545,0.258139262836607,0.22103408418867,0.183928905540734,0.146823726892796,0.10971854824486,0.10971854824486,0.10971854824486,0.10971854824486,0.10971854824486,0.10971854824486,0.10971854824486,0.10971854824486,0.10971854824486,0.10971854824486,0.10971854824486,0.10971854824486,0.10971854824486,0.10971854824486,0.10971854824486,0.10971854824486,0.10971854824486,0.10971854824486,0.10971854824486,0.10971854824486,0.10971854824486,8.03669249531858,5.11536225114871,2.88367958851501,1.26571480052025,0.185538180267232,-0.432779979141257,-0.665169384602443,-0.587559743013514,-0.275880761271686,0.193937853725801,0.745966395081773,1.30427515589898,1.79293442928026,2.13601450832834,2.25758568614607,2.08171825583618,1.53248251050153,0.53394874324484,-0.989812752831085,-3.11473168462345,-3.11473168462345,-3.11473168462345,-3.11473168462345,-3.11473168462345,-3.11473168462345,-3.11473168462345,-3.11473168462345,-3.11473168462345,-3.11473168462345,-3.11473168462345,-3.11473168462345,-3.11473168462345,-3.11473168462345,-3.11473168462345,-3.11473168462345,-3.11473168462345,-3.11473168462345,-3.11473168462345,-3.11473168462345,-3.11473168462345,-2.73778947975381,-2.40061501542963,-2.06344055110544,-1.72626608678125,-1.38909162245706,-1.05191715813287,-0.721200028752198,-0.410832947266814,-0.0602673878254514,0.424469636038717,1.06621207194984,1.76755268608789,2.32566173136592,2.53345796585235,2.31625287840558,1.72737902645867,0.825390715696388,-0.340556523635493,-1.66232955735638,-3.02459004393359,-3.02459004393359,-3.02459004393359,-3.02459004393359,-3.02459004393359,-3.02459004393359,-3.02459004393359,-3.02459004393359,-3.02459004393359,-3.02459004393359,-3.02459004393359,-3.02459004393359,-3.02459004393359,-3.02459004393359,-3.02459004393359,-3.02459004393359,-3.02459004393359,-3.02459004393359,-3.02459004393359,-3.02459004393359,-3.02459004393359,1,1,1,1,1,1,1,1,1,1,1,1,1,1,1,1,1,1,1,1,1,1,1,1,1,1,1,1,1,1,1,1,1,1,1,1,1,1,1,1
-2.56921249973663,-1.69881057064885,-3.48981842788811,-0.0835117716235967,0.176128490475211,-1.87798000730012,-1.43345035693537,3.14917633639583,-0.790160332487387,1.26028662297664,-0.977585182675881,0.243312762522494,0.010658091034399,-3.28650175645403,0.0472217752420967,-0.988995743184635,1.39496712491095,-3.00343291931529,-2.48215666060301,1.11712748990306,2.11731356576593,2.39547787544018,0.97530525981894,1.05382987514665,0.978326221293603,0.0438084489520065,-2.12605112428207,1.5884297953994,-0.203368443562512,-1.88848273090183,0.42564644237712,-1.36632577355313,-2.20259230576812,0.620987116731367,-0.270063744724432,-2.62144903141489,0.685386795473207,0.737267179385242,-1.69250652822574,3.34397708663946,1.54352680210428,1.45542800125803,1.36732920041178,1.27923039956553,1.19113159871929,1.10303279787304,1.01493399702679,0.926835196180544,0.838736395334298,0.750637594488049,0.662538793641803,0.574439992795554,0.486341191949306,0.398242391103059,0.310143590256811,0.222044789410566,0.133945988564317,0.0458471877180671,-0.042251613128176,-0.130350413974424,-0.130350413974424,-0.130350413974424,-0.130350413974424,-0.130350413974424,-0.130350413974424,-0.130350413974424,-0.130350413974424,-0.130350413974424,-0.130350413974424,-0.130350413974424,-0.130350413974424,-0.130350413974424,-0.130350413974424,-0.130350413974424,-0.130350413974424,-0.130350413974424,-0.130350413974424,-0.130350413974424,-0.130350413974424,-0.130350413974424,-12.4037467023628,-7.851320435078,-4.30378921148117,-1.65568906935567,0.198443953515127,1.36407381934786,1.94666449035917,2.05167992876568,1.78458409678405,1.25084095663089,0.555914470522854,-0.194731399323391,-0.895632690691262,-1.44132544136412,-1.72634568912529,-1.64522947175818,-1.09251282704609,0.0372682072275765,1.84957759327937,4.44987929332609,4.44987929332609,4.44987929332609,4.44987929332609,4.44987929332609,4.44987929332609,4.44987929332609,4.44987929332609,4.44987929332609,4.44987929332609,4.44987929332609,4.44987929332609,4.44987929332609,4.44987929332609,4.44987929332609,4.44987929332609,4.44987929332609,4.44987929332609,4.44987929332609,4.44987929332609,4.44987929332609,-3.56530739974344,-2.64920693863119,-1.73310647751893,-0.817006016406721,0.099094444705516,1.01519490581775,1.86810771388144,2.38054394775179,2.37718579694316,1.76544598364475,0.5472802704311,-0.902993979344517,-1.93925938997478,-2.193351208132,-1.77244744224055,-0.934602325777451,0.126199316611507,1.21694752763847,2.16728613495744,2.96910483650816,2.96910483650816,2.96910483650816,2.96910483650816,2.96910483650816,2.96910483650816,2.96910483650816,2.96910483650816,2.96910483650816,2.96910483650816,2.96910483650816,2.96910483650816,2.96910483650816,2.96910483650816,2.96910483650816,2.96910483650816,2.96910483650816,2.96910483650816,2.96910483650816,2.96910483650816,2.96910483650816,1,1,1,1,1,1,1,0,0,1,1,1,1,1,1,1,1,1,1,1,1,1,1,1,1,1,1,1,1,1,1,1,1,1,1,1,1,1,1,1
0.49106479319052,-0.900272029914888,-0.744453145185995,-0.897136470791319,-2.01840223720593,-1.37886815537432,-2.30735673232591,-0.493571500452768,1.17958799038119,1.91008652895021,-2.93869833157391,-1.69887753990049,-0.799439611533112,1.96922069771736,-1.74568858866345,-1.11785652226015,-0.106509652582652,0.698593769468234,-0.388345278980632,1.24152000069517,-2.75064542104578,0.524971605141639,0.587732088465803,2.18115754721223,0.158641942021417,-0.274819529454589,-1.0295959735094,-0.211697646197893,2.33323984851179,2.00669773843999,1.44293718729314,-2.70013295983031,-0.644063091515651,-0.663863149114601,1.32680476643844,1.57069191791192,-1.71890172544965,-2.01273447668684,-0.292508126555074,-2.10300764322911,-1.4919808678025,-1.52443662358644,-1.55689237937037,-1.58934813515431,-1.62180389093825,-1.65425964672218,-1.68671540250612,-1.71917115829005,-1.75162691407399,-1.78408266985792,-1.81653842564186,-1.8489941814258,-1.88144993720973,-1.91390569299367,-1.9463614487776,-1.97881720456154,-2.01127296034548,-2.04372871612941,-2.07618447191335,-2.10864022769728,-2.10864022769728,-2.10864022769728,-2.10864022769728,-2.10864022769728,-2.10864022769728,-2.10864022769728,-2.10864022769728,-2.10864022769728,-2.10864022769728,-2.10864022769728,-2.10864022769728,-2.10864022769728,-2.10864022769728,-2.10864022769728,-2.10864022769728,-2.10864022769728,-2.10864022769728,-2.10864022769728,-2.10864022769728,-2.10864022769728,28.2440203173671,20.1057317801732,13.4292537460642,8.08258756945583,3.93373460476377,0.850696206403741,-1.29852627120853,-2.64593147365732,-3.3235180465269,-3.46328463540156,-3.19722988586559,-2.65735244350326,-1.97565095389883,-1.28412406263661,-0.714770415300878,-0.399588657475896,-0.470577434745946,-1.05973539269532,-2.29906117690828,-4.32055343296906,-4.32055343296906,-4.32055343296906,-4.32055343296906,-4.32055343296906,-4.32055343296906,-4.32055343296906,-4.32055343296906,-4.32055343296906,-4.32055343296906,-4.32055343296906,-4.32055343296906,-4.32055343296906,-4.32055343296906,-4.32055343296906,-4.32055343296906,-4.32055343296906,-4.32055343296906,-4.32055343296906,-4.32055343296906,-4.32055343296906,5.51288438326768,4.43531119533043,3.35773800739324,2.28016481945606,1.20259163151885,0.125018443581645,-0.894396159012656,-1.67836315985848,-2.41230719392084,-3.15331033584157,-3.54038920642492,-3.37863178923371,-2.75525057852467,-1.733319361755,-0.663804830986164,-0.247069610966598,-0.692096145948774,-1.51870288940547,-2.38241842195274,-3.29457886279139,-3.29457886279139,-3.29457886279139,-3.29457886279139,-3.29457886279139,-3.29457886279139,-3.29457886279139,-3.29457886279139,-3.29457886279139,-3.29457886279139,-3.29457886279139,-3.29457886279139,-3.29457886279139,-3.29457886279139,-3.29457886279139,-3.29457886279139,-3.29457886279139,-3.29457886279139,-3.29457886279139,-3.29457886279139,-3.29457886279139,1,1,1,1,1,1,1,1,1,1,1,1,1,1,1,1,1,1,1,1,1,1,1,1,1,1,1,1,1,1,1,1,1,1,1,1,1,1,1,1
0.542652250229084,1.04257097640229,-1.10841957380038,-1.41597401792471,-0.333255693061744,-0.995318749182294,-0.0449644722157148,-2.39090408008589,0.00778652809756508,0.71761338731231,-0.825136441393685,1.89283944966965,-0.777806269723904,1.27458690264866,0.655489150568679,1.96698810449303,0.697727805948665,0.0791957175491973,-1.62036098779825,-0.232834677473932,-0.683760371831543,-1.60171319502701,-1.05351116397571,0.246421167446185,1.50533995960859,0.0669508769053735,-0.286145082636006,-1.64207980389796,-3.55143693865031,0.443026923308478,0.180973906453008,0.127411137487677,-0.177102733484977,-0.536035020662704,-1.82569998172047,-1.09926731201875,-0.103246915137465,-0.285811299010982,-1.24315520115223,1.48617400441439,0.973528825839318,0.930719669949247,0.887910514059173,0.845101358169099,0.802292202279026,0.759483046388953,0.71667389049888,0.673864734608806,0.631055578718733,0.588246422828659,0.545437266938587,0.502628111048514,0.45981895515844,0.417009799268369,0.374200643378295,0.33139148748822,0.288582331598148,0.245773175708075,0.202964019818003,0.160154863927927,0.160154863927927,0.160154863927927,0.160154863927927,0.160154863927927,0.160154863927927,0.160154863927927,0.160154863927927,0.160154863927927,0.160154863927927,0.160154863927927,0.160154863927927,0.160154863927927,0.160154863927927,0.160154863927927,0.160154863927927,0.160154863927927,0.160154863927927,0.160154863927927,0.160154863927927,0.160154863927927,-9.11990125853882,-6.87610038419334,-4.95788935402279,-3.34285642342081,-2.00858984778102,-0.932677882497075,-0.0927087829625819,0.533729195428807,0.969047797283467,1.23565876720777,1.35597384980806,1.35240478969072,1.24736333146213,1.06326121972865,0.822510199096619,0.547522014172442,0.260708409562465,-0.0155188701269449,-0.258748080289401,-0.446567476318585,-0.446567476318585,-0.446567476318585,-0.446567476318585,-0.446567476318585,-0.446567476318585,-0.446567476318585,-0.446567476318585,-0.446567476318585,-0.446567476318585,-0.446567476318585,-0.446567476318585,-0.446567476318585,-0.446567476318585,-0.446567476318585,-0.446567476318585,-0.446567476318585,-0.446567476318585,-0.446567476318585,-0.446567476318585,-0.446567476318585,-3.35500839357298,-2.83606355467046,-2.31711871576794,-1.79817387686541,-1.27922903796289,-0.76028419906037,-0.239372645561114,0.287088547512308,0.79293564238762,1.21660818192201,1.48545119424483,1.55596065907727,1.44679877653573,1.21965278410503,0.921248519462326,0.568621481145083,0.183408137310062,-0.205772015781889,-0.59231687785139,-0.983237625336313,-0.983237625336313,-0.983237625336313,-0.983237625336313,-0.983237625336313,-0.983237625336313,-0.983237625336313,-0.983237625336313,-0.983237625336313,-0.983237625336313,-0.983237625336313,-0.983237625336313,-0.983237625336313,-0.983237625336313,-0.983237625336313,-0.983237625336313,-0.983237625336313,-0.983237625336313,-0.983237625336313,-0.983237625336313,-0.983237625336313,1,1,1,1,1,1,1,1,1,1,1,1,1,1,1,1,1,1,1,1,1,1,1,1,1,1,1,1,1,1,1,1,1,1,1,1,1,1,1,1
0.591632970921804,-1.19918693085768,-0.0485472299279222,-0.288699416511611,-0.327551644547694,1.62216171866835,0.181387892355746,-0.297749560268894,0.116505081806526,1.2858306487972,0.0524418396499602,2.00783449355712,-0.00439391100110065,-1.36861966108619,1.34425274782922,1.51379964549047,-0.241091801345874,-2.26119798558052,-0.215212727536773,0.970041304935574,-2.07409691932898,-1.05952183180129,-0.907948110956493,-0.645501311568761,0.498413830818377,-1.42805877152812,-0.718425805563921,-1.7815746771205,1.43682290450193,1.53792846553484,0.435529829338398,0.45623482079387,-1.08063299378437,-1.70832673371654,0.554678065984325,2.33369503460346,0.555049544313492,-0.450590855517774,-1.73559518137401,-0.855573910811664,0.372156031024523,0.376593774838345,0.381031518652167,0.385469262465989,0.389907006279811,0.394344750093632,0.398782493907456,0.40322023772128,0.407657981535101,0.412095725348923,0.416533469162745,0.420971212976569,0.425408956790392,0.429846700604212,0.434284444418036,0.438722188231855,0.443159932045678,0.447597675859502,0.452035419673324,0.456473163487145,0.456473163487145,0.456473163487145,0.456473163487145,0.456473163487145,0.456473163487145,0.456473163487145,0.456473163487145,0.456473163487145,0.456473163487145,0.456473163487145,0.456473163487145,0.456473163487145,0.456473163487145,0.456473163487145,0.456473163487145,0.456473163487145,0.456473163487145,0.456473163487145,0.456473163487145,0.456473163487145,18.7071559082019,13.3293492740168,8.99264447994881,5.59788999534349,3.04593428954642,1.23762583190313,0.0738130917591775,-0.544655461539879,-0.716931358648491,-0.542166130221133,-0.119511306912228,0.451881580623791,1.07286100173243,1.64427542575927,2.06697332204988,2.24180315994976,2.06961340880448,1.45125253795959,0.287569016760635,-1.52058868544682,-1.52058868544682,-1.52058868544682,-1.52058868544682,-1.52058868544682,-1.52058868544682,-1.52058868544682,-1.52058868544682,-1.52058868544682,-1.52058868544682,-1.52058868544682,-1.52058868544682,-1.52058868544682,-1.52058868544682,-1.52058868544682,-1.52058868544682,-1.52058868544682,-1.52058868544682,-1.52058868544682,-1.52058868544682,-1.52058868544682,3.37198271364101,2.87248834362919,2.37299397361737,1.87349960360555,1.37400523359373,0.87451086358191,0.388020967108417,-0.0161581692461006,-0.241505582989703,-0.214244803283448,0.0535142838771492,0.442075765254136,0.802722705431847,1.05411684022059,1.17614417153364,1.14782694869991,0.950285428386948,0.614389123326591,0.212518393849303,-0.201170164644191,-0.201170164644191,-0.201170164644191,-0.201170164644191,-0.201170164644191,-0.201170164644191,-0.201170164644191,-0.201170164644191,-0.201170164644191,-0.201170164644191,-0.201170164644191,-0.201170164644191,-0.201170164644191,-0.201170164644191,-0.201170164644191,-0.201170164644191,-0.201170164644191,-0.201170164644191,-0.201170164644191,-0.201170164644191,-0.201170164644191,1,1,1,1,1,1,1,1,1,1,1,1,1,1,1,1,1,1,1,1,1,1,1,1,1,1,1,1,1,1,1,1,1,1,1,1,1,1,1,1
0.649035192537895,-1.66153277880222,0.454833146289297,1.09104142164191,0.537887719347048,-0.732752131163042,1.46785164287952,-0.421720899863717,-1.36576205669988,-2.11249554053837,0.780817411525506,2.75564806752662,1.23082552280838,1.27157214596946,-1.83611579077977,0.0704082930406518,0.11063270202688,0.262858484558022,1.66631380192914,1.21357035520589,2.37556449344053,-1.7626610889052,-0.162623054305104,-0.00591547426905059,-0.142167910348729,1.23506542359909,0.00147891156685986,-1.08437227749842,0.0499303590763365,1.3388079953459,1.43581535691502,-0.57903158206916,-1.23346878245495,1.38197386407214,-0.51847062083672,0.15431729554545,1.47331857596272,1.51863867741828,1.41363534284566,-0.413202157285514,-0.993562526523697,-1.0031342521709,-1.0127059778181,-1.0222777034653,-1.0318494291125,-1.04142115475971,-1.0509928804069,-1.0605646060541,-1.07013633170131,-1.07970805734851,-1.08927978299571,-1.09885150864291,-1.10842323429011,-1.11799495993731,-1.12756668558451,-1.13713841123171,-1.14671013687891,-1.15628186252611,-1.16585358817331,-1.17542531382051,-1.17542531382051,-1.17542531382051,-1.17542531382051,-1.17542531382051,-1.17542531382051,-1.17542531382051,-1.17542531382051,-1.17542531382051,-1.17542531382051,-1.17542531382051,-1.17542531382051,-1.17542531382051,-1.17542531382051,-1.17542531382051,-1.17542531382051,-1.17542531382051,-1.17542531382051,-1.17542531382051,-1.17542531382051,-1.17542531382051,12.8021290970718,9.73270322348495,7.07027691380208,4.79121345549859,2.87187613604991,1.28862824293143,0.0178330636185891,-0.964146114413204,-1.68094600368857,-2.15620331673205,-2.41355476606823,-2.47663706422174,-2.36908692371713,-2.11454105707901,-1.73663617683192,-1.25900899550047,-0.705296225609299,-0.0991345796829126,0.535839229754028,1.17598849017701,1.17598849017701,1.17598849017701,1.17598849017701,1.17598849017701,1.17598849017701,1.17598849017701,1.17598849017701,1.17598849017701,1.17598849017701,1.17598849017701,1.17598849017701,1.17598849017701,1.17598849017701,1.17598849017701,1.17598849017701,1.17598849017701,1.17598849017701,1.17598849017701,1.17598849017701,1.17598849017701,1.83547954550969,1.45051015880994,1.0655407721102,0.680571385410447,0.295601998710701,-0.08936738798905,-0.472674199102906,-0.84337972543247,-1.17696492615899,-1.4431534923284,-1.62531829901721,-1.73064968734441,-1.77325026522253,-1.74946523750484,-1.63786027123776,-1.4210014602781,-1.10166342757508,-0.702559314412285,-0.25622322403026,0.208350839505595,0.208350839505595,0.208350839505595,0.208350839505595,0.208350839505595,0.208350839505595,0.208350839505595,0.208350839505595,0.208350839505595,0.208350839505595,0.208350839505595,0.208350839505595,0.208350839505595,0.208350839505595,0.208350839505595,0.208350839505595,0.208350839505595,0.208350839505595,0.208350839505595,0.208350839505595,0.208350839505595,1,1,1,1,1,1,1,1,1,1,1,1,1,1,1,1,1,1,1,1,1,1,1,1,1,1,1,1,1,1,1,1,1,1,1,1,1,1,1,1
1.15641783566068,-0.969665244660825,0.657626761994383,1.51340016686423,-1.2138372235326,0.128456572322927,0.0882278734392123,0.369701564000565,0.0871721388950988,4.11444672887621,0.748871324366739,1.52804243923173,-1.53722760944538,-0.287195637613992,0.0977551371412062,0.59633600691347,2.41734807718457,-0.239847953866311,-0.541757549085849,-2.16610695829879,0.613668460018447,1.13869653995868,1.32895866057196,0.598535166082307,0.0405567421202857,0.866697452100466,-0.0156377164957302,1.09445673743306,-0.377078359107246,-0.847845659743697,-0.688654791382257,-1.82308544607081,-0.445469905083486,-0.320659959471103,-0.797041139109837,-1.28476150479467,-0.0223881680218181,3.23050093312793,-2.09740264558588,-1.24989132425169,4.61878754156121,4.27915677647289,3.93952601138457,3.59989524629624,3.26026448120792,2.9206337161196,2.58100295103127,2.24137218594295,1.90174142085463,1.5621106557663,1.22247989067797,0.882849125589651,0.54321836050133,0.203587595413003,-0.13604316967532,-0.475673934763643,-0.815304699851968,-1.15493546494029,-1.49456623002861,-1.83419699511694,-1.83419699511694,-1.83419699511694,-1.83419699511694,-1.83419699511694,-1.83419699511694,-1.83419699511694,-1.83419699511694,-1.83419699511694,-1.83419699511694,-1.83419699511694,-1.83419699511694,-1.83419699511694,-1.83419699511694,-1.83419699511694,-1.83419699511694,-1.83419699511694,-1.83419699511694,-1.83419699511694,-1.83419699511694,-1.83419699511694,-4.01600247470142,-2.6070891172061,-1.39485308838924,-0.371632784777084,0.470233397104128,1.13840706072815,1.64054980956875,1.98432324709967,2.17738897679469,2.22740860212755,2.14204372657203,1.92895595360188,1.59580688669085,1.15025812931269,0.599971284941185,-0.0473920429499124,-0.784170250886859,-1.60270173539587,-2.49532489300321,-3.45437812023514,-3.45437812023514,-3.45437812023514,-3.45437812023514,-3.45437812023514,-3.45437812023514,-3.45437812023514,-3.45437812023514,-3.45437812023514,-3.45437812023514,-3.45437812023514,-3.45437812023514,-3.45437812023514,-3.45437812023514,-3.45437812023514,-3.45437812023514,-3.45437812023514,-3.45437812023514,-3.45437812023514,-3.45437812023514,-3.45437812023514,4.19145981253414,3.86289392981347,3.53432804709282,3.20576216437216,2.87719628165151,2.54863039893085,2.22111012840714,1.90581321644434,1.63939188767024,1.45971549186959,1.36753032986014,1.31560413236391,1.22455321942932,1.01414915661459,0.637061610408233,0.0865554721948101,-0.62231428339731,-1.46144238757026,-2.38531835372623,-3.3441972393547,-3.3441972393547,-3.3441972393547,-3.3441972393547,-3.3441972393547,-3.3441972393547,-3.3441972393547,-3.3441972393547,-3.3441972393547,-3.3441972393547,-3.3441972393547,-3.3441972393547,-3.3441972393547,-3.3441972393547,-3.3441972393547,-3.3441972393547,-3.3441972393547,-3.3441972393547,-3.3441972393547,-3.3441972393547,-3.3441972393547,1,1,1,1,1,1,1,1,1,1,1,1,1,1,1,1,1,1,1,0,0,0,0,0,0,0,0,0,0,0,0,0,0,0,0,0,0,0,0,0
-0.632040461197831,-0.84599954007712,-0.318739840357291,-1.38245836799941,-0.641382749929778,-0.932879381380496,3.01352034868731,0.0887171574400512,1.09968423913863,-0.370135605842679,-1.79078510465319,0.737029610715762,-0.967232506097877,-0.846303250950175,0.131265358390589,-0.650507029755394,0.758709006922933,-0.349446149060048,0.413063969391347,0.196154840806738,-0.0584236260805557,0.225327697121553,0.0100616087899414,-1.68602068051127,1.87994321483295,-0.153994804867622,-1.0958161926432,-3.20256034460479,0.578136014523434,-1.04741269814865,1.36072744970555,-1.39660112947865,-0.223934761356624,0.228515342705579,-0.426496622695065,-0.306849535730729,0.0615623106814986,-0.18588242044847,-1.2079196883582,1.04798083462393,0.535850792251039,0.450103585180471,0.364356378109901,0.27860917103933,0.19286196396876,0.10711475689819,0.0213675498276213,-0.0643796572429487,-0.150126864313521,-0.235874071384089,-0.321621278454659,-0.407368485525229,-0.493115692595797,-0.578862899666369,-0.664610106736939,-0.750357313807505,-0.836104520878079,-0.921851727948649,-1.00759893501922,-1.09334614208979,-1.09334614208979,-1.09334614208979,-1.09334614208979,-1.09334614208979,-1.09334614208979,-1.09334614208979,-1.09334614208979,-1.09334614208979,-1.09334614208979,-1.09334614208979,-1.09334614208979,-1.09334614208979,-1.09334614208979,-1.09334614208979,-1.09334614208979,-1.09334614208979,-1.09334614208979,-1.09334614208979,-1.09334614208979,-1.09334614208979,22.1348987086941,16.2184156937736,11.3323916405448,7.38632707321823,4.28972251600426,1.95207849311342,0.28289552875618,-0.808325852856996,-1.4120851275156,-1.61888177100919,-1.51921525912725,-1.20358506765936,-0.762490672395012,-0.286431549123698,0.134092826364997,0.408582978281572,0.44653943083652,0.157462708240308,-0.54914666529662,-1.76378816556377,-1.76378816556377,-1.76378816556377,-1.76378816556377,-1.76378816556377,-1.76378816556377,-1.76378816556377,-1.76378816556377,-1.76378816556377,-1.76378816556377,-1.76378816556377,-1.76378816556377,-1.76378816556377,-1.76378816556377,-1.76378816556377,-1.76378816556377,-1.76378816556377,-1.76378816556377,-1.76378816556377,-1.76378816556377,-1.76378816556377,1.26808466519119,1.09857554832884,0.929066431466485,0.759557314604129,0.590048197741777,0.420539080879422,0.235095665616832,-0.0263054557784841,-0.348671333721491,-0.65273517000888,-0.86990355957874,-0.95681593316311,-0.907168393941497,-0.772893258266938,-0.623554653365201,-0.494333888071695,-0.402733279274736,-0.370308521573177,-0.397541288775587,-0.456239161620474,-0.456239161620474,-0.456239161620474,-0.456239161620474,-0.456239161620474,-0.456239161620474,-0.456239161620474,-0.456239161620474,-0.456239161620474,-0.456239161620474,-0.456239161620474,-0.456239161620474,-0.456239161620474,-0.456239161620474,-0.456239161620474,-0.456239161620474,-0.456239161620474,-0.456239161620474,-0.456239161620474,-0.456239161620474,-0.456239161620474,1,1,1,1,1,1,1,1,1,1,1,1,1,1,1,1,1,1,1,1,1,1,1,1,1,1,1,1,1,1,1,1,1,1,1,1,1,1,1,1
0.784218869534953,-1.38117057017747,-1.76830284894089,-0.186133390498196,0.0791586665489161,-2.54600466081494,-0.415613382686201,0.825310783416121,-0.413290905732518,0.107126402875913,0.746213316337295,0.301648445627084,-1.35791362896827,3.44147950946604,-0.49767087925974,-0.405267641259087,0.16502649115337,-0.982725502053313,-0.23659867731048,-0.663667466950223,5.43836582192075,-0.60600189121811,-3.40119738032294,0.876144510884258,1.27400600990999,0.466832856851456,3.48429939552104,-1.7172525747723,1.5509361242756,-0.585910271521213,0.277510594512355,0.225239345446074,1.82972753954621,-3.23514378050147,-0.994415361801178,1.04979100447658,-0.485584856462927,-0.492415705891665,-0.637818997698382,1.06502564510679,-2.09484039045611,-1.97981614838987,-1.86479190632362,-1.74976766425737,-1.63474342219113,-1.51971918012488,-1.40469493805863,-1.28967069599239,-1.17464645392614,-1.0596222118599,-0.94459796979365,-0.829573727727404,-0.714549485661156,-0.599525243594911,-0.484501001528669,-0.369476759462419,-0.254452517396173,-0.13942827532993,-0.0244040332636821,0.0906202088025623,0.0906202088025623,0.0906202088025623,0.0906202088025623,0.0906202088025623,0.0906202088025623,0.0906202088025623,0.0906202088025623,0.0906202088025623,0.0906202088025623,0.0906202088025623,0.0906202088025623,0.0906202088025623,0.0906202088025623,0.0906202088025623,0.0906202088025623,0.0906202088025623,0.0906202088025623,0.0906202088025623,0.0906202088025623,0.0906202088025623,-13.7052754407372,-10.2464223844526,-7.42858381560553,-5.19037296553986,-3.47040306559927,-2.20728734712749,-1.33963904146827,-0.806071379965333,-0.545197593962438,-0.495630914803307,-0.59598457383167,-0.784871802391283,-1.00090583182589,-1.18269989347918,-1.26886721869495,-1.1980210388169,-0.908774585188784,-0.339741089154343,0.570466217942698,1.8832341047586,1.8832341047586,1.8832341047586,1.8832341047586,1.8832341047586,1.8832341047586,1.8832341047586,1.8832341047586,1.8832341047586,1.8832341047586,1.8832341047586,1.8832341047586,1.8832341047586,1.8832341047586,1.8832341047586,1.8832341047586,1.8832341047586,1.8832341047586,1.8832341047586,1.8832341047586,1.8832341047586,-1.95660282017943,-1.85913537100693,-1.76166792183444,-1.66420047266194,-1.56673302348944,-1.46926557431695,-1.37174270690152,-1.27392027657542,-1.1754667270337,-1.07527296499921,-0.97163292659658,-0.863668589054729,-0.751530455690853,-0.635156438687465,-0.514039777028779,-0.388141063111995,-0.258137212114072,-0.125044978324578,0.00992871734429635,0.145643816180925,0.145643816180925,0.145643816180925,0.145643816180925,0.145643816180925,0.145643816180925,0.145643816180925,0.145643816180925,0.145643816180925,0.145643816180925,0.145643816180925,0.145643816180925,0.145643816180925,0.145643816180925,0.145643816180925,0.145643816180925,0.145643816180925,0.145643816180925,0.145643816180925,0.145643816180925,0.145643816180925,1,1,1,1,1,1,1,1,1,1,1,1,1,1,1,1,1,1,1,1,1,1,1,1,1,1,1,1,1,1,1,1,1,1,1,1,1,1,1,1
0.820565901827509,0.699966432618642,1.92213944337237,2.36598984412093,-0.414461020023802,-1.17304512986073,-1.56871704566895,0.693212583910746,-2.30454970707399,1.11271397119139,0.278774873499819,-0.325410203884999,-1.41312482406509,0.3471725054592,-2.26826688933062,1.09475122414468,2.66992559801377,1.13598994546442,1.76997101605824,-0.399077028131984,-1.42883226398345,0.199886352100354,-0.414495912300302,-0.163513035613638,-1.41936828003352,0.164158967900377,-1.75677040421299,-1.43743864626946,1.58928128268976,0.897206571276964,-1.124655499826,-1.60925990191314,1.45643041723046,-0.42477734418552,2.56413984155173,-0.0676464253929598,1.01000208058735,2.14411881281488,-1.45225304864676,-1.02886244836766,-2.07291342053485,-1.91254467503464,-1.75217592953443,-1.59180718403421,-1.431438438534,-1.27106969303379,-1.11070094753357,-0.950332202033358,-0.789963456533146,-0.629594711032931,-0.469225965532717,-0.308857220032504,-0.148488474532289,0.0118802709679233,0.172249016468136,0.332617761968349,0.492986507468565,0.653355252968778,0.813723998468989,0.974092743969205,0.974092743969205,0.974092743969205,0.974092743969205,0.974092743969205,0.974092743969205,0.974092743969205,0.974092743969205,0.974092743969205,0.974092743969205,0.974092743969205,0.974092743969205,0.974092743969205,0.974092743969205,0.974092743969205,0.974092743969205,0.974092743969205,0.974092743969205,0.974092743969205,0.974092743969205,0.974092743969205,4.67522308002993,3.01083414556232,1.65665158386955,0.58794903067964,-0.21999987827936,-0.791921507279427,-1.15254222059253,-1.32658838249064,-1.33878635724572,-1.21386250912974,-0.97654320241468,-0.651554801372473,-0.26362367027513,0.162523826605383,0.60216132499713,1.03056246062812,1.4230008692264,1.75475018651997,2.0010840482369,2.13727609010519,2.13727609010519,2.13727609010519,2.13727609010519,2.13727609010519,2.13727609010519,2.13727609010519,2.13727609010519,2.13727609010519,2.13727609010519,2.13727609010519,2.13727609010519,2.13727609010519,2.13727609010519,2.13727609010519,2.13727609010519,2.13727609010519,2.13727609010519,2.13727609010519,2.13727609010519,2.13727609010519,-1.18528356538276,-1.14366880665002,-1.10205404791728,-1.06043928918454,-1.0188245304518,-0.977209771719049,-0.952450136319067,-0.994044321408635,-1.03319277650602,-1.0124248126082,-0.984413920364476,-0.942553042706145,-0.757205745718998,-0.335335152562068,0.298468821470498,1.02066411074982,1.62232088131735,1.94520328828,2.04105227909762,2.06348997967758,2.06348997967758,2.06348997967758,2.06348997967758,2.06348997967758,2.06348997967758,2.06348997967758,2.06348997967758,2.06348997967758,2.06348997967758,2.06348997967758,2.06348997967758,2.06348997967758,2.06348997967758,2.06348997967758,2.06348997967758,2.06348997967758,2.06348997967758,2.06348997967758,2.06348997967758,2.06348997967758,1,1,1,1,1,1,1,1,1,1,1,1,1,1,1,1,0,1,1,1,1,1,1,1,1,1,1,1,1,1,1,1,1,1,1,1,1,1,1,1
0.792800646426834,-2.59481996428464,0.94224906337552,-0.328037447593936,0.238339844781668,-0.266837817045595,-0.776507576117519,1.89377046572764,-1.14785505711708,-0.459186894742693,0.705771944205214,-2.2599454446852,0.0673128376481866,-1.84873779791635,0.78598296081347,0.226385324276519,-3.02967958461391,2.18689472406176,-2.9249872413836,-0.161005074259842,2.60888621013183,0.730408974464327,-0.314626713471535,0.781543334902064,1.26107239072642,0.901532042178738,0.0943630423183759,2.20649334467041,1.02052224738203,1.16574173668692,0.35895799227632,-1.97383030104448,-0.61632490029616,-0.483858822145143,0.26164171853055,-0.641953067313091,-1.80780168308312,-0.545367372401243,-1.55477076236189,-0.00133681512499528,0.207745791517936,0.115371627812463,0.0229974641069894,-0.0693766995984841,-0.161750863303958,-0.25412502700943,-0.346499190714903,-0.438873354420377,-0.53124751812585,-0.623621681831322,-0.715995845536796,-0.808370009242269,-0.900744172947741,-0.993118336653213,-1.08549250035869,-1.17786666406416,-1.27024082776964,-1.36261499147511,-1.45498915518058,-1.54736331888605,-1.54736331888605,-1.54736331888605,-1.54736331888605,-1.54736331888605,-1.54736331888605,-1.54736331888605,-1.54736331888605,-1.54736331888605,-1.54736331888605,-1.54736331888605,-1.54736331888605,-1.54736331888605,-1.54736331888605,-1.54736331888605,-1.54736331888605,-1.54736331888605,-1.54736331888605,-1.54736331888605,-1.54736331888605,-1.54736331888605,-5.04774636950452,-3.69128602140248,-2.59686904702868,-1.74090955106402,-1.09982163818939,-0.650019413085671,-0.367916980433771,-0.229928444914583,-0.212467911209,-0.291949483997923,-0.444787267962237,-0.647395367782831,-0.87618788814062,-1.1075789337165,-1.31798260919133,-1.48381301924604,-1.58148426856152,-1.58741046181865,-1.47800570369833,-1.22968409888147,-1.22968409888147,-1.22968409888147,-1.22968409888147,-1.22968409888147,-1.22968409888147,-1.22968409888147,-1.22968409888147,-1.22968409888147,-1.22968409888147,-1.22968409888147,-1.22968409888147,-1.22968409888147,-1.22968409888147,-1.22968409888147,-1.22968409888147,-1.22968409888147,-1.22968409888147,-1.22968409888147,-1.22968409888147,-1.22968409888147,5.09951977217542,4.15164906735393,3.20377836253242,2.25590765771094,1.30803695288943,0.36016624806794,-0.558603945657012,-1.26306232398712,-1.4246285441019,-0.955672855212336,-0.243336509548492,0.21785849839338,0.272647985602635,0.0207127961382998,-0.481181297997045,-1.18171161730831,-1.85502293639249,-2.2207839018652,-2.2143241532232,-2.00009573567992,-2.00009573567992,-2.00009573567992,-2.00009573567992,-2.00009573567992,-2.00009573567992,-2.00009573567992,-2.00009573567992,-2.00009573567992,-2.00009573567992,-2.00009573567992,-2.00009573567992,-2.00009573567992,-2.00009573567992,-2.00009573567992,-2.00009573567992,-2.00009573567992,-2.00009573567992,-2.00009573567992,-2.00009573567992,-2.00009573567992,1,1,1,1,1,1,1,1,1,1,1,1,1,1,1,1,1,1,1,1,1,1,1,1,1,1,1,1,1,1,1,1,1,1,1,1,1,1,1,1
-1.1105891390109,-0.879853085893072,0.965209795891815,-2.27470849145223,0.713354138544124,0.784469940829376,1.08499004241575,0.535272079233496,-0.811116627449435,0.795936259554528,-0.849003073194963,-0.0688957861448163,-0.79011999347772,-1.94149831201328,0.238447442927963,1.15114484167536,-0.24580847398502,1.00646892930049,3.04780031922507,-2.03597880584905,-0.380793974771867,1.97812959924455,-1.71507856053774,0.345297756036343,-2.42094262227716,1.91469118710308,-0.353911180183347,0.297161073349301,0.661511479327475,-0.94109620072841,-0.704283376343984,-1.26969014230696,0.966974188607258,-1.39093341141063,0.841117277699297,-0.249462229277508,3.13618120048346,-1.57932546913597,-1.58654043870406,-1.40443732332811,2.0744800601709,1.93671013227327,1.79894020437564,1.66117027647801,1.52340034858038,1.38563042068275,1.24786049278512,1.11009056488749,0.972320636989863,0.834550709092234,0.696780781194606,0.559010853296975,0.421240925399346,0.283470997501714,0.145701069604085,0.00793114170645559,-0.129838786191174,-0.267608714088803,-0.405378641986434,-0.543148569884064,-0.543148569884064,-0.543148569884064,-0.543148569884064,-0.543148569884064,-0.543148569884064,-0.543148569884064,-0.543148569884064,-0.543148569884064,-0.543148569884064,-0.543148569884064,-0.543148569884064,-0.543148569884064,-0.543148569884064,-0.543148569884064,-0.543148569884064,-0.543148569884064,-0.543148569884064,-0.543148569884064,-0.543148569884064,-0.543148569884064,-23.003257843732,-16.5120812964435,-11.1791465288291,-6.90287603373567,-3.58169230401035,-1.11401783250021,0.601724887947702,1.66711336448632,2.18372510426856,2.25313761444735,1.97692840217562,1.45667497460636,0.793954838892438,0.0903455021867732,-0.552575528357629,-1.03323074558789,-1.25004264235103,-1.10143371149419,-0.485826445864408,0.698356661691326,0.698356661691326,0.698356661691326,0.698356661691326,0.698356661691326,0.698356661691326,0.698356661691326,0.698356661691326,0.698356661691326,0.698356661691326,0.698356661691326,0.698356661691326,0.698356661691326,0.698356661691326,0.698356661691326,0.698356661691326,0.698356661691326,0.698356661691326,0.698356661691326,0.698356661691326,0.698356661691326,1.20524871640253,1.19432651096281,1.18340430552309,1.17248210008336,1.16155989464364,1.15063768920392,1.1317490937307,1.07095705448195,0.955230010113739,0.798753840386004,0.623272366964141,0.459770406500123,0.346003349023702,0.293498453464849,0.268901696209522,0.228799718175411,0.163623792255519,0.0932699227654101,0.0329039499062418,-0.0196054794485327,-0.0196054794485327,-0.0196054794485327,-0.0196054794485327,-0.0196054794485327,-0.0196054794485327,-0.0196054794485327,-0.0196054794485327,-0.0196054794485327,-0.0196054794485327,-0.0196054794485327,-0.0196054794485327,-0.0196054794485327,-0.0196054794485327,-0.0196054794485327,-0.0196054794485327,-0.0196054794485327,-0.0196054794485327,-0.0196054794485327,-0.0196054794485327,-0.0196054794485327,1,1,1,1,1,1,1,0,1,1,1,1,1,1,1,1,1,1,1,1,1,1,1,1,1,1,1,1,1,1,1,1,1,1,1,1,1,1,1,1
-1.11367368859828,-0.63111683294075,-1.13256689031383,-1.989233358034,-0.677166243395622,0.816233955028401,2.75365863732568,-1.40468373948283,-1.66950254078353,1.30214701811275,-2.64067085007341,1.08764544515359,-0.623468043382166,1.32820055693058,0.0250957679808774,-2.03176408631392,-1.20709270414381,0.385667198159043,2.64119049145992,0.00582820176928145,-1.59290076310156,1.8905451031042,0.452834859885698,-0.689019038985526,0.730039761703848,-0.555029241075534,1.86128286289444,1.91705367892205,-1.853558712003,-0.486811599049732,0.271373223092505,1.62503695024988,-0.562527102738128,-1.99547168008007,0.158536944049875,0.700328794243815,1.1287091001004,-0.280138643187254,-0.496315556765284,-2.07125367244459,-1.45308176938505,-1.33230240779287,-1.21152304620069,-1.09074368460851,-0.969964323016332,-0.849184961424154,-0.728405599831976,-0.607626238239797,-0.486846876647619,-0.366067515055439,-0.245288153463264,-0.124508791871083,-0.00372943027890393,0.117049931313273,0.237829292905456,0.358608654497633,0.479388016089809,0.600167377681988,0.720946739274167,0.841726100866344,0.841726100866344,0.841726100866344,0.841726100866344,0.841726100866344,0.841726100866344,0.841726100866344,0.841726100866344,0.841726100866344,0.841726100866344,0.841726100866344,0.841726100866344,0.841726100866344,0.841726100866344,0.841726100866344,0.841726100866344,0.841726100866344,0.841726100866344,0.841726100866344,0.841726100866344,0.841726100866344,-5.08793253104937,-3.70435532095762,-2.60603069950654,-1.76193018729347,-1.14102530491574,-0.712287572970677,-0.444688512055623,-0.307199642767907,-0.268792485704864,-0.298438561463826,-0.365109390642123,-0.437776493837092,-0.485411391646068,-0.476985604666387,-0.381470653495377,-0.167838058730366,0.194940659031296,0.737893979192291,1.49205038115527,2.48843834432292,2.48843834432292,2.48843834432292,2.48843834432292,2.48843834432292,2.48843834432292,2.48843834432292,2.48843834432292,2.48843834432292,2.48843834432292,2.48843834432292,2.48843834432292,2.48843834432292,2.48843834432292,2.48843834432292,2.48843834432292,2.48843834432292,2.48843834432292,2.48843834432292,2.48843834432292,2.48843834432292,-3.89446162497847,-3.455590926729,-3.01672022847953,-2.57784953023006,-2.13897883198059,-1.70010813373112,-1.26354530764723,-0.83870464469031,-0.430832651265231,-0.0557394653691823,0.25182479855715,0.464307189459301,0.582113545246333,0.620917639661661,0.597130158393067,0.531775887513396,0.448595396971671,0.358611622141224,0.258187096972083,0.146750182510379,0.146750182510379,0.146750182510379,0.146750182510379,0.146750182510379,0.146750182510379,0.146750182510379,0.146750182510379,0.146750182510379,0.146750182510379,0.146750182510379,0.146750182510379,0.146750182510379,0.146750182510379,0.146750182510379,0.146750182510379,0.146750182510379,0.146750182510379,0.146750182510379,0.146750182510379,0.146750182510379,1,1,1,1,1,1,1,1,1,1,1,1,1,1,1,1,1,1,1,1,1,1,1,1,1,1,1,1,1,1,1,1,1,1,1,1,1,1,1,1
0.425793348341696,0.517221331923707,-0.420917598729131,-2.30278341318169,-0.430651762063381,-1.0222087665057,-2.25307620248797,0.514671550991158,3.29795842699149,-0.035433498154422,-2.09036379128744,-0.874376137138556,2.58678125819057,-2.78199654174027,-1.82732259809289,-2.21358297190464,2.74794820907996,-0.381084654114838,0.0220393376497743,-2.03518342295355,0.257182311327679,1.00982297955053,-0.525744560579774,2.00568972513389,-0.454922344139646,0.682738198527218,1.1571247250668,-0.0561216534376978,-0.244142239388665,-0.112070095469315,0.135876413027296,1.85402289883991,-0.463630130408424,-2.7959399438016,-0.538766609701694,-2.14304711347433,-0.660272272359915,-0.334043652163718,-0.599922776152074,-0.425694901157399,1.39990057531638,1.17909455827049,0.958288541224581,0.737482524178681,0.516676507132779,0.295870490086878,0.0750644730409764,-0.145741544004927,-0.366547561050826,-0.587353578096728,-0.808159595142628,-1.02896561218853,-1.24977162923443,-1.47057764628034,-1.69138366332623,-1.91218968037214,-2.13299569741804,-2.35380171446394,-2.57460773150984,-2.79541374855574,-2.79541374855574,-2.79541374855574,-2.79541374855574,-2.79541374855574,-2.79541374855574,-2.79541374855574,-2.79541374855574,-2.79541374855574,-2.79541374855574,-2.79541374855574,-2.79541374855574,-2.79541374855574,-2.79541374855574,-2.79541374855574,-2.79541374855574,-2.79541374855574,-2.79541374855574,-2.79541374855574,-2.79541374855574,-2.79541374855574,-32.9135433328564,-24.0781271071229,-16.8189273706394,-10.9984700467569,-6.47928105882651,-3.12388633019928,-0.794811784226274,0.645416655741494,1.33427306635293,1.40923152425699,1.00776610610259,0.267350888538749,-0.674540051785641,-1.68043263822164,-2.61285279412027,-3.33432644283258,-3.70737950770974,-3.59453791210263,-2.85832757936239,-1.3612744328401,-1.3612744328401,-1.3612744328401,-1.3612744328401,-1.3612744328401,-1.3612744328401,-1.3612744328401,-1.3612744328401,-1.3612744328401,-1.3612744328401,-1.3612744328401,-1.3612744328401,-1.3612744328401,-1.3612744328401,-1.3612744328401,-1.3612744328401,-1.3612744328401,-1.3612744328401,-1.3612744328401,-1.3612744328401,-1.3612744328401,-3.8116794531666,-3.25634145245554,-2.70100345174445,-2.14566545103338,-1.59032745032231,-1.03498944961124,-0.458830176043403,0.155203806218825,0.495099955509186,0.255090047428597,-0.425406352291949,-1.15264952582707,-1.64269873061384,-1.75970308499237,-1.51944138303317,-1.20236119805917,-1.23348281970952,-1.84128932733544,-2.92065100656355,-4.21237442380871,-4.21237442380871,-4.21237442380871,-4.21237442380871,-4.21237442380871,-4.21237442380871,-4.21237442380871,-4.21237442380871,-4.21237442380871,-4.21237442380871,-4.21237442380871,-4.21237442380871,-4.21237442380871,-4.21237442380871,-4.21237442380871,-4.21237442380871,-4.21237442380871,-4.21237442380871,-4.21237442380871,-4.21237442380871,-4.21237442380871,1,1,1,1,1,1,1,1,1,1,1,1,1,1,1,1,1,1,1,1,1,1,1,1,1,1,1,1,1,1,1,1,1,1,1,1,1,1,1,1
0.324295679716101,-1.6717820445818,1.24186138139146,-0.543708160299093,0.347139988967567,1.20701315658635,1.25835574979106,0.957107927226492,-1.80546719494002,-0.348793422593292,0.520439520378668,2.16053689672913,1.03149508422315,-0.208826138733013,0.689605590708883,0.13104527393706,-1.67591806577882,-1.37329682303653,0.67616675421624,0.380599982178616,-0.811080773400707,-0.32671478383109,2.58222880683181,2.20698067184345,1.93066195732049,-2.04644552714083,1.11526557552652,-0.419633411612374,-2.65222970181699,-0.457101053537686,-1.52828989961099,3.97585430245819,-1.19345457965349,-1.00993607771383,0.425672861174359,-0.521457190669313,-0.966135507535844,-1.54811014876382,1.13298527785905,0.0571668310229168,2.77326774804238,2.65955027608028,2.54583280411817,2.43211533215606,2.31839786019395,2.20468038823184,2.09096291626974,1.97724544430763,1.86352797234552,1.74981050038341,1.63609302842131,1.5223755564592,1.40865808449709,1.29494061253498,1.18122314057287,1.06750566861077,0.953788196648658,0.840070724686552,0.72635325272444,0.612635780762334,0.612635780762334,0.612635780762334,0.612635780762334,0.612635780762334,0.612635780762334,0.612635780762334,0.612635780762334,0.612635780762334,0.612635780762334,0.612635780762334,0.612635780762334,0.612635780762334,0.612635780762334,0.612635780762334,0.612635780762334,0.612635780762334,0.612635780762334,0.612635780762334,0.612635780762334,0.612635780762334,4.47664492463992,3.35111422336639,2.51828056152538,1.94208045522234,1.58645042056272,1.41532697365197,1.39264663059555,1.48234590749892,1.64836132046752,1.85462938560682,2.06508661902226,2.2436695368193,2.3543146551034,2.36095848998,2.22753755755456,1.91798837393254,1.39624745521939,0.626251317520568,-0.428063523058482,-1.8027605504123,-1.8027605504123,-1.8027605504123,-1.8027605504123,-1.8027605504123,-1.8027605504123,-1.8027605504123,-1.8027605504123,-1.8027605504123,-1.8027605504123,-1.8027605504123,-1.8027605504123,-1.8027605504123,-1.8027605504123,-1.8027605504123,-1.8027605504123,-1.8027605504123,-1.8027605504123,-1.8027605504123,-1.8027605504123,-1.8027605504123,2.4337780066849,2.36496295215694,2.29614789762898,2.22733284310102,2.15851778857307,2.08970273404511,2.02041281472271,1.94826484272817,1.87068732777421,1.78655968563028,1.69555462038448,1.59653939316726,1.48790381911608,1.36886743213275,1.23960007124224,1.10131629883096,0.9566257483824,0.808082587582838,0.656642295289997,0.503098604419824,0.503098604419824,0.503098604419824,0.503098604419824,0.503098604419824,0.503098604419824,0.503098604419824,0.503098604419824,0.503098604419824,0.503098604419824,0.503098604419824,0.503098604419824,0.503098604419824,0.503098604419824,0.503098604419824,0.503098604419824,0.503098604419824,0.503098604419824,0.503098604419824,0.503098604419824,0.503098604419824,1,1,1,1,1,1,1,1,1,1,1,1,1,1,1,1,1,1,1,1,1,1,1,1,1,1,1,1,1,1,1,1,1,1,1,1,1,1,1,1
1.36100907493858,0.578526173900088,-1.55017694602202,0.388180384974921,-0.601083529945265,-0.646477965670573,1.28769714187295,-1.78626793486799,1.16319239455654,0.630146773967022,-2.67484804848913,0.360003598868488,-0.13119905166873,1.14615499144783,0.537077605191682,0.977492877892439,0.507661205111118,-1.20154459951709,-3.18604307547609,1.31493214759339,-1.0731714009178,-0.0327816586406087,-1.82133234395739,1.89241537051002,0.826586967976075,0.165033524639529,-1.39436432648077,-2.89789136416031,-1.08884284987095,1.88060053697574,-0.654231846591438,-2.6409812340256,-2.51840364803417,2.24500347741659,-0.231007502976846,-0.0475922398514257,3.50244483167929,-0.172410383196903,-2.35934269677409,0.726867652482426,0.520893878634856,0.466213032610227,0.4115321865856,0.356851340560971,0.302170494536344,0.247489648511717,0.192808802487088,0.13812795646246,0.0834471104378345,0.028766264413207,-0.0259145816114241,-0.0805954276360517,-0.135276273660679,-0.189957119685308,-0.244637965709936,-0.299318811734564,-0.353999657759191,-0.408680503783817,-0.463361349808444,-0.518042195833075,-0.518042195833075,-0.518042195833075,-0.518042195833075,-0.518042195833075,-0.518042195833075,-0.518042195833075,-0.518042195833075,-0.518042195833075,-0.518042195833075,-0.518042195833075,-0.518042195833075,-0.518042195833075,-0.518042195833075,-0.518042195833075,-0.518042195833075,-0.518042195833075,-0.518042195833075,-0.518042195833075,-0.518042195833075,-0.518042195833075,-4.60043766250544,-3.27772850732526,-2.20816309164023,-1.36797385700918,-0.733393244990939,-0.280653697144346,0.0140123449717686,0.174372439798576,0.224194145777245,0.187245021348943,0.087292624954836,-0.0518954849639073,-0.206551749966113,-0.352908611610617,-0.467198511456251,-0.525653891061848,-0.504507191986239,-0.37999085578825,-0.128337324026711,0.274220961739521,0.274220961739521,0.274220961739521,0.274220961739521,0.274220961739521,0.274220961739521,0.274220961739521,0.274220961739521,0.274220961739521,0.274220961739521,0.274220961739521,0.274220961739521,0.274220961739521,0.274220961739521,0.274220961739521,0.274220961739521,0.274220961739521,0.274220961739521,0.274220961739521,0.274220961739521,0.274220961739521,1.2757954553743,1.12404914214914,0.972302828923976,0.820556515698811,0.668810202473648,0.517063889248483,0.364178467031225,0.205477302348024,0.0414107504200842,-0.116491311157434,-0.250143513560987,-0.345367414121203,-0.397909260130985,-0.412500708438877,-0.398709686125528,-0.364575381743244,-0.311376647285202,-0.236568069960596,-0.142189360136792,-0.037181318106402,-0.037181318106402,-0.037181318106402,-0.037181318106402,-0.037181318106402,-0.037181318106402,-0.037181318106402,-0.037181318106402,-0.037181318106402,-0.037181318106402,-0.037181318106402,-0.037181318106402,-0.037181318106402,-0.037181318106402,-0.037181318106402,-0.037181318106402,-0.037181318106402,-0.037181318106402,-0.037181318106402,-0.037181318106402,-0.037181318106402,1,1,1,1,1,1,1,1,1,1,1,1,1,1,1,1,1,1,1,1,1,1,1,1,1,1,1,1,1,1,1,1,1,1,1,1,1,1,1,1
0.922049833103225,0.331793354363974,-0.83835310324937,2.49296892030155,-0.612961761234928,0.886206125875921,-0.0802094657675703,0.721562885097121,-1.57428176149916,-0.674034779634644,-0.561862502524333,-0.0390042523486382,1.29318415345196,3.34645667725881,0.792775475923573,-0.147155388942277,-0.906059312804821,-0.0816477147884171,-0.483530334825707,-0.115965855494467,-1.32987014020995,-1.17849586817955,0.929982490408261,0.428324216272964,-0.48141794034761,-0.70787843786054,1.62053547318329,1.57873613165586,-1.31002978251836,-0.822857900697642,0.161354646458726,-1.39296397587272,1.84032313849078,-0.861903793918144,-0.46869264227354,3.53976322493474,-1.63872152127612,1.90209584007356,0.32647799311723,0.91360991919017,3.10334621652155,2.86876513916219,2.63418406180284,2.39960298444348,2.16502190708412,1.93044082972476,1.69585975236541,1.46127867500605,1.22669759764669,0.992116520287333,0.757535442927979,0.522954365568619,0.288373288209263,0.0537922108499078,-0.180788866509452,-0.415369943868809,-0.649951021228167,-0.884532098587526,-1.11911317594688,-1.35369425330624,-1.35369425330624,-1.35369425330624,-1.35369425330624,-1.35369425330624,-1.35369425330624,-1.35369425330624,-1.35369425330624,-1.35369425330624,-1.35369425330624,-1.35369425330624,-1.35369425330624,-1.35369425330624,-1.35369425330624,-1.35369425330624,-1.35369425330624,-1.35369425330624,-1.35369425330624,-1.35369425330624,-1.35369425330624,-1.35369425330624,33.8885848177971,24.4925525533947,16.9006650820315,10.9370379340801,6.42578663991256,3.19102672990138,1.05687373441885,-0.152556816162676,-0.613149391470884,-0.500788461133425,0.00864150522198948,0.739256037967786,1.51517066747621,2.16050092411966,2.49936233827042,2.35587044030083,1.55414076058324,-0.0817111705100046,-2.72756982260663,-6.55931966533413,-6.55931966533413,-6.55931966533413,-6.55931966533413,-6.55931966533413,-6.55931966533413,-6.55931966533413,-6.55931966533413,-6.55931966533413,-6.55931966533413,-6.55931966533413,-6.55931966533413,-6.55931966533413,-6.55931966533413,-6.55931966533413,-6.55931966533413,-6.55931966533413,-6.55931966533413,-6.55931966533413,-6.55931966533413,-6.55931966533413,2.83560892275869,2.52720302977808,2.21879713679748,1.91039124381688,1.60198535083628,1.29357945785569,0.982847522466162,0.679587040230004,0.479575694692675,0.498507165677767,0.79356506037605,1.31853936136695,1.83191377390332,1.96466922036249,1.54069151921641,0.701405895342837,-0.375674291569855,-1.67831152518236,-3.21618280778078,-4.89202873147475,-4.89202873147475,-4.89202873147475,-4.89202873147475,-4.89202873147475,-4.89202873147475,-4.89202873147475,-4.89202873147475,-4.89202873147475,-4.89202873147475,-4.89202873147475,-4.89202873147475,-4.89202873147475,-4.89202873147475,-4.89202873147475,-4.89202873147475,-4.89202873147475,-4.89202873147475,-4.89202873147475,-4.89202873147475,-4.89202873147475,1,1,1,1,1,1,1,1,1,1,1,1,1,0,1,1,1,1,1,0,0,0,0,0,0,0,0,0,0,0,0,0,0,0,0,0,0,0,0,0
-0.207418078290782,1.25946199278037,-0.909892558569883,-0.180307452220066,-1.00502956020379,-0.186555287826721,3.65483433964322,-0.850116451521601,-0.633584673396362,-0.589252241598137,-1.19726923456885,-1.79422037098999,1.45894102956418,-0.906992431627296,0.37331935845503,1.4147229835157,1.70532818671439,-0.605367534153165,-1.72339726203032,1.64613743013246,0.691491700084544,0.302706850137145,1.14779222984456,-0.618032486463603,-0.951676110761207,0.259050579384397,-1.16691110663684,-0.0753338601179969,-2.11083761388866,0.898636013659607,-1.30911980521046,2.85597498913736,0.822060028884112,-0.909236980408824,-1.07281501043269,0.653514590792076,-0.351480753849764,-0.370517915223834,0.718750839188973,-2.23108034543655,1.12441016517398,1.04571112623449,0.967012087295007,0.88831304835552,0.809614009416032,0.730914970476546,0.652215931537059,0.573516892597572,0.494817853658084,0.416118814718596,0.337419775779111,0.258720736839624,0.180021697900136,0.101322658960653,0.0226236200211645,-0.0560754189183239,-0.134774457857811,-0.213473496797297,-0.292172535736785,-0.37087157467627,-0.37087157467627,-0.37087157467627,-0.37087157467627,-0.37087157467627,-0.37087157467627,-0.37087157467627,-0.37087157467627,-0.37087157467627,-0.37087157467627,-0.37087157467627,-0.37087157467627,-0.37087157467627,-0.37087157467627,-0.37087157467627,-0.37087157467627,-0.37087157467627,-0.37087157467627,-0.37087157467627,-0.37087157467627,-0.37087157467627,46.0755817574783,34.815130530124,25.35266787466,17.5452054436919,11.2497548898247,6.3233278656637,2.62293602381421,0.00559101688144281,-1.67169550252934,-2.55191188181285,-2.77804646836391,-2.49308760957723,-1.84002365284758,-0.961842945569652,-0.0015338351382379,0.897915331051847,1.59351620560603,1.94228044112939,1.80121969022729,1.0273456055049,1.0273456055049,1.0273456055049,1.0273456055049,1.0273456055049,1.0273456055049,1.0273456055049,1.0273456055049,1.0273456055049,1.0273456055049,1.0273456055049,1.0273456055049,1.0273456055049,1.0273456055049,1.0273456055049,1.0273456055049,1.0273456055049,1.0273456055049,1.0273456055049,1.0273456055049,1.0273456055049,12.2708205952947,10.6708418606044,9.0708631259142,7.47088439122397,5.87090565653376,4.27092692184351,2.64863491924756,0.93899455241438,-0.712468099880192,-1.94775796482021,-2.50869379294229,-2.42485623428076,-1.84073786615765,-0.875892661181398,0.224893152041089,1.06897513820256,1.42703985318045,1.39491468908546,1.17987191052871,0.905891514954753,0.905891514954753,0.905891514954753,0.905891514954753,0.905891514954753,0.905891514954753,0.905891514954753,0.905891514954753,0.905891514954753,0.905891514954753,0.905891514954753,0.905891514954753,0.905891514954753,0.905891514954753,0.905891514954753,0.905891514954753,0.905891514954753,0.905891514954753,0.905891514954753,0.905891514954753,0.905891514954753,1,1,1,1,1,1,1,1,1,1,1,1,1,1,1,1,1,1,1,1,1,1,1,1,1,1,1,1,1,1,1,1,1,1,1,1,1,1,1,1
-1.17880330944397,1.18508104176847,-0.719548626723886,1.57190502590289,-3.30826989038603,-0.0238030288819973,0.403524470876022,-0.685434032272862,0.693833959972149,0.0100726380336269,-0.912715412471584,1.75359003064496,-0.843449715397671,-0.772695860522958,0.345684712825072,-0.657734828596492,-1.19419904745561,0.183141701269182,-0.188482420418337,1.02198469640653,1.57807949902612,0.524199225057457,-1.17914048238677,-2.79469016505254,-1.00965401757732,0.142814716594151,1.00556079609528,1.17689702017332,-1.17406668698055,-0.866799845632311,-0.718547882914576,-1.38367769794281,1.77749563564557,0.759494608696508,-0.479810411375187,2.74801526321941,-1.11870461525497,-1.26277209085046,1.86702059614179,-0.86177526062383,-3.38641852575883,-3.0565164876739,-2.72661444958897,-2.39671241150403,-2.0668103734191,-1.73690833533417,-1.40700629724924,-1.07710425916431,-0.747202221079371,-0.41730018299444,-0.0873981449095069,0.242503893175424,0.572405931260358,0.902307969345289,1.23221000743022,1.56211204551515,1.89201408360008,2.22191612168502,2.55181815976995,2.88172019785488,2.88172019785488,2.88172019785488,2.88172019785488,2.88172019785488,2.88172019785488,2.88172019785488,2.88172019785488,2.88172019785488,2.88172019785488,2.88172019785488,2.88172019785488,2.88172019785488,2.88172019785488,2.88172019785488,2.88172019785488,2.88172019785488,2.88172019785488,2.88172019785488,2.88172019785488,2.88172019785488,-34.3528923189657,-25.2767035320391,-17.8442384854292,-11.9009785142994,-7.29240495381258,-3.863999139132,-1.46124240542074,0.0703839121580696,0.885398478441303,1.13831995826584,0.983667016468576,0.575958317886363,0.0697125273561117,-0.380551690285346,-0.620315670201117,-0.495060747554296,0.149731742491952,1.46858046477453,3.61600408413037,6.74652126539618,6.74652126539618,6.74652126539618,6.74652126539618,6.74652126539618,6.74652126539618,6.74652126539618,6.74652126539618,6.74652126539618,6.74652126539618,6.74652126539618,6.74652126539618,6.74652126539618,6.74652126539618,6.74652126539618,6.74652126539618,6.74652126539618,6.74652126539618,6.74652126539618,6.74652126539618,6.74652126539618,-3.24595150866851,-2.93492604343394,-2.62390057819938,-2.31287511296482,-2.00184964773026,-1.69082418249569,-1.37965826140972,-1.06770473292848,-0.754378335637044,-0.43895054770654,-0.120129455982568,0.203594473546342,0.533365041801838,0.869716090424321,1.2123304637773,1.55983883131182,1.91029772090389,2.26214228933028,2.61460335574821,2.96734866567998,2.96734866567998,2.96734866567998,2.96734866567998,2.96734866567998,2.96734866567998,2.96734866567998,2.96734866567998,2.96734866567998,2.96734866567998,2.96734866567998,2.96734866567998,2.96734866567998,2.96734866567998,2.96734866567998,2.96734866567998,2.96734866567998,2.96734866567998,2.96734866567998,2.96734866567998,2.96734866567998,1,1,1,1,1,1,1,1,1,1,1,1,1,1,1,1,1,1,1,1,1,1,1,1,1,1,1,1,1,1,1,1,1,1,1,1,1,1,1,1
-0.164558890600535,-1.53669193693119,-1.27559449045578,1.79811388863894,1.40658673864232,3.69137234709023,-0.702402644507729,-0.240090439223106,1.59653090739414,-0.866197768065266,1.22399144403845,-2.06794854384912,-0.659167568465721,1.38313964100379,2.80901112004676,-0.962022542530077,-0.224699822262922,-0.889950478171707,-0.514828581041193,0.763709819327946,0.594966920431101,-0.398375292895206,0.611596498857468,-1.29253641916866,0.851035391211774,-2.4451916436841,-1.05802941515335,-1.95632382951175,2.53349487749799,0.260976492119312,1.45520923825254,0.450029343237906,0.10485463222021,0.0654223962142435,-0.02587588936162,0.485416477869569,-1.09988135500536,1.509449407656,0.378456745948595,1.11496049834801,-2.27474289599598,-2.01835647037232,-1.76197004474867,-1.50558361912502,-1.24919719350137,-0.99281076787771,-0.736424342254059,-0.480037916630403,-0.223651491006752,0.0327349346169026,0.289121360240555,0.54550778586421,0.801894211487864,1.05828063711152,1.31466706273517,1.57105348835882,1.82743991398248,2.08382633960613,2.34021276522978,2.59659919085344,2.59659919085344,2.59659919085344,2.59659919085344,2.59659919085344,2.59659919085344,2.59659919085344,2.59659919085344,2.59659919085344,2.59659919085344,2.59659919085344,2.59659919085344,2.59659919085344,2.59659919085344,2.59659919085344,2.59659919085344,2.59659919085344,2.59659919085344,2.59659919085344,2.59659919085344,2.59659919085344,33.302786897835,24.5742121278173,17.3235751343626,11.4300819479903,6.77293859921993,3.23135111857087,0.684525536562576,-0.988332116285493,-1.9080158094539,-2.19531951242317,-1.9710371946739,-1.35596282568663,-0.470890374941918,0.563386188079749,1.62607289389775,2.59637577303153,3.35350085600056,3.77665417332428,3.74504175552214,3.13786963311358,3.13786963311358,3.13786963311358,3.13786963311358,3.13786963311358,3.13786963311358,3.13786963311358,3.13786963311358,3.13786963311358,3.13786963311358,3.13786963311358,3.13786963311358,3.13786963311358,3.13786963311358,3.13786963311358,3.13786963311358,3.13786963311358,3.13786963311358,3.13786963311358,3.13786963311358,3.13786963311358,1.08119260214347,0.877273735107499,0.67335486807153,0.469436001035556,0.265517133999583,0.0615982669636121,-0.140541086875235,-0.33015343549892,-0.483077626328411,-0.554554804231197,-0.493687769484666,-0.276199560341858,0.0848810599580823,0.553193717490107,1.08322377802027,1.63985681031471,2.21906013628726,2.83551338979383,3.48897985455667,4.16051384738027,4.16051384738027,4.16051384738027,4.16051384738027,4.16051384738027,4.16051384738027,4.16051384738027,4.16051384738027,4.16051384738027,4.16051384738027,4.16051384738027,4.16051384738027,4.16051384738027,4.16051384738027,4.16051384738027,4.16051384738027,4.16051384738027,4.16051384738027,4.16051384738027,4.16051384738027,4.16051384738027,1,1,1,1,1,1,1,1,1,1,1,1,1,1,1,1,1,1,1,1,1,1,1,1,1,1,1,1,1,1,1,1,1,1,1,1,1,1,1,1
0.473764366399664,0.488381836156177,-0.290590324003562,-0.196063864740795,0.315075528193961,1.39614703129694,0.245737862723848,-0.391284975799216,-2.05476670282189,-0.313606394665186,0.611317017923401,1.18011084357754,0.76051639157367,-1.98782891712619,2.26909934279667,-0.508270420916293,1.35089906629276,-1.38888916000993,1.16527283839834,-3.05154772406231,-2.88262470158912,1.17821249482843,1.67409103675755,0.198510929332027,-0.845889213082542,2.42249310481948,-0.116356594539004,0.359962579833521,1.87873928334074,0.655220990923596,-0.655154773824764,0.75694772093024,1.31933839784619,0.697446133432603,2.10422267092362,2.46835029087871,-0.00369333552591655,-2.05339670325469,0.683759342633294,1.029009088406,-2.86976412532589,-2.66654374745475,-2.4633233695836,-2.26010299171245,-2.05688261384131,-1.85366223597016,-1.65044185809902,-1.44722148022787,-1.24400110235673,-1.04078072448558,-0.837560346614437,-0.634339968743292,-0.431119590872145,-0.227899213000999,-0.024678835129853,0.178541542741291,0.381761920612437,0.584982298483585,0.788202676354727,0.991423054225875,0.991423054225875,0.991423054225875,0.991423054225875,0.991423054225875,0.991423054225875,0.991423054225875,0.991423054225875,0.991423054225875,0.991423054225875,0.991423054225875,0.991423054225875,0.991423054225875,0.991423054225875,0.991423054225875,0.991423054225875,0.991423054225875,0.991423054225875,0.991423054225875,0.991423054225875,0.991423054225875,14.0471955729698,8.9271062265561,4.90384824669454,1.86701550825539,-0.293798113891065,-1.68899874487453,-2.4289925098247,-2.6241855338713,-2.38498394214402,-1.82179385977257,-1.04502141188666,-0.165072723615989,0.707646079909743,1.46272887356079,1.98976953220751,2.17836193072015,1.91809994396902,1.09857744682441,-0.390611685843375,-2.65987357916406,-2.65987357916406,-2.65987357916406,-2.65987357916406,-2.65987357916406,-2.65987357916406,-2.65987357916406,-2.65987357916406,-2.65987357916406,-2.65987357916406,-2.65987357916406,-2.65987357916406,-2.65987357916406,-2.65987357916406,-2.65987357916406,-2.65987357916406,-2.65987357916406,-2.65987357916406,-2.65987357916406,-2.65987357916406,-2.65987357916406,-5.62784397308792,-5.13241762753163,-4.63699128197534,-4.14156493641906,-3.64613859086277,-3.15071224530648,-2.65459938732732,-2.14467911923963,-1.5742427975953,-0.927215552245833,-0.263246438911413,0.342305101039196,0.855047752015242,1.25573568324609,1.49324090075387,1.47330086227104,1.10305689794574,0.383061787040104,-0.560984553215944,-1.58149892221325,-1.58149892221325,-1.58149892221325,-1.58149892221325,-1.58149892221325,-1.58149892221325,-1.58149892221325,-1.58149892221325,-1.58149892221325,-1.58149892221325,-1.58149892221325,-1.58149892221325,-1.58149892221325,-1.58149892221325,-1.58149892221325,-1.58149892221325,-1.58149892221325,-1.58149892221325,-1.58149892221325,-1.58149892221325,-1.58149892221325,1,1,1,1,1,1,0,1,1,1,1,1,1,1,1,1,1,1,1,1,1,1,1,1,1,1,1,1,1,1,1,1,1,1,1,1,1,1,1,1
-0.815574474945331,0.544637613611376,-0.0717862926457311,2.79886959517532,1.04687728833136,-1.0020815013924,-1.1750554795511,3.0139699168351,0.412364696301944,-0.850472231851599,1.60622753812609,-1.95175556982077,-1.65654137992643,0.514942101173665,0.3073131382793,0.259027150891734,0.883622081000446,-1.13961342197808,-1.06406978279428,1.08931808148295,-0.438206640126895,2.21279125737617,-0.984218108593494,0.593043539099485,-2.33851479167493,1.19704700146407,0.65091300146651,-0.285035351502632,3.58778211587238,0.430210213011996,-1.39803037756039,-2.52658705016527,-0.137525665281615,0.992704229640307,0.441534663263033,0.766328257441376,-0.456526879944866,1.21736877786194,2.98181489575802,-0.703681112202867,0.4096221247542,0.281494123508617,0.153366122263028,0.0252381210174448,-0.102889880228142,-0.231017881473726,-0.359145882719313,-0.487273883964896,-0.615401885210481,-0.743529886456068,-0.871657887701655,-0.999785888947239,-1.12791389019282,-1.25604189143841,-1.38416989268399,-1.51229789392958,-1.64042589517516,-1.76855389642075,-1.89668189766634,-2.02480989891192,-2.02480989891192,-2.02480989891192,-2.02480989891192,-2.02480989891192,-2.02480989891192,-2.02480989891192,-2.02480989891192,-2.02480989891192,-2.02480989891192,-2.02480989891192,-2.02480989891192,-2.02480989891192,-2.02480989891192,-2.02480989891192,-2.02480989891192,-2.02480989891192,-2.02480989891192,-2.02480989891192,-2.02480989891192,-2.02480989891192,-46.140894204384,-32.8748679844665,-22.1689557775878,-13.7792625388568,-7.46189322338225,-2.97295278627291,-0.0685461826375757,1.49522163241497,1.96224570377594,1.57642107633654,0.581642794988019,-0.778194095378444,-2.25919454987162,-3.61746352360028,-4.6091059716732,-4.99022684919923,-4.51693111128704,-2.94532371304552,-0.0315096095834164,4.46840624399053,4.46840624399053,4.46840624399053,4.46840624399053,4.46840624399053,4.46840624399053,4.46840624399053,4.46840624399053,4.46840624399053,4.46840624399053,4.46840624399053,4.46840624399053,4.46840624399053,4.46840624399053,4.46840624399053,4.46840624399053,4.46840624399053,4.46840624399053,4.46840624399053,4.46840624399053,4.46840624399053,0.0325823365859454,0.0853956476617039,0.138208958737443,0.191022269813187,0.243835580888931,0.296648891964672,0.334807651809212,0.284869931141328,0.0628610397896239,-0.385542119155181,-1.05089139907395,-1.83697867572341,-2.58961417662573,-3.14168638883373,-3.32363275392622,-2.99091612126238,-2.10688938261133,-0.786529450059378,0.775955244500256,2.42168130257546,2.42168130257546,2.42168130257546,2.42168130257546,2.42168130257546,2.42168130257546,2.42168130257546,2.42168130257546,2.42168130257546,2.42168130257546,2.42168130257546,2.42168130257546,2.42168130257546,2.42168130257546,2.42168130257546,2.42168130257546,2.42168130257546,2.42168130257546,2.42168130257546,2.42168130257546,2.42168130257546,1,1,1,1,1,1,1,1,1,1,1,1,1,0,0,0,0,1,1,1,1,1,1,1,1,1,1,1,1,1,1,1,1,1,1,1,1,1,1,1
0.689902040567278,-1.87084192247106,0.650060086048441,0.493599425409901,0.987971657471714,-1.10091313842021,0.826842810388707,-4.09175903601593,2.15217353428444,-1.13001211676956,-0.937345577441581,-2.60162311743304,-2.28653404065028,-0.0385609268660172,0.488012102330396,-1.96243926830348,0.754206123927926,2.5201274432306,-2.54885532859636,-0.675227004964951,1.14860160035843,-0.535360220808135,-0.311806803785633,-1.35666947104904,-0.961861597586882,0.249159010224277,1.16883834492283,1.69736190369473,-1.93651457401876,1.06002575381501,2.2042073358836,0.188617982682771,-0.898508014256057,0.381535035921788,0.447748014588406,0.0165036956420401,-0.585386255776992,-0.436788393128976,-0.0275474002507714,-0.716268587304524,0.399350879822423,0.243364448267267,0.0873780167121119,-0.0686084148430428,-0.224594846398199,-0.380581277953356,-0.53656770950851,-0.692554141063665,-0.848540572618822,-1.00452700417398,-1.16051343572913,-1.31649986728429,-1.47248629883945,-1.6284727303946,-1.78445916194975,-1.94044559350491,-2.09643202506007,-2.25241845661522,-2.40840488817038,-2.56439131972553,-2.56439131972553,-2.56439131972553,-2.56439131972553,-2.56439131972553,-2.56439131972553,-2.56439131972553,-2.56439131972553,-2.56439131972553,-2.56439131972553,-2.56439131972553,-2.56439131972553,-2.56439131972553,-2.56439131972553,-2.56439131972553,-2.56439131972553,-2.56439131972553,-2.56439131972553,-2.56439131972553,-2.56439131972553,-2.56439131972553,-6.23670915238278,-5.25160525026374,-4.34453827388804,-3.51907246637821,-2.77877207085677,-2.12720133044623,-1.5679244882691,-1.1045057874479,-0.740509471105165,-0.479499782363376,-0.325040964345094,-0.280697260172799,-0.350032912969038,-0.536612165856308,-0.843999261957135,-1.27575844439402,-1.83545395628951,-2.52665004076607,-3.3529109409463,-4.31780089995262,-4.31780089995262,-4.31780089995262,-4.31780089995262,-4.31780089995262,-4.31780089995262,-4.31780089995262,-4.31780089995262,-4.31780089995262,-4.31780089995262,-4.31780089995262,-4.31780089995262,-4.31780089995262,-4.31780089995262,-4.31780089995262,-4.31780089995262,-4.31780089995262,-4.31780089995262,-4.31780089995262,-4.31780089995262,-4.31780089995262,-2.94478196602947,-2.65620676367871,-2.36763156132794,-2.07905635897717,-1.79048115662641,-1.50190595427564,-1.21752970536339,-0.957927862124842,-0.746479133065835,-0.607340818103967,-0.561719184862975,-0.613427733430644,-0.750791041299241,-0.967579261309114,-1.26704995892356,-1.64309179837398,-2.07522587237392,-2.5467118303654,-3.05150564273187,-3.57873589983278,-3.57873589983278,-3.57873589983278,-3.57873589983278,-3.57873589983278,-3.57873589983278,-3.57873589983278,-3.57873589983278,-3.57873589983278,-3.57873589983278,-3.57873589983278,-3.57873589983278,-3.57873589983278,-3.57873589983278,-3.57873589983278,-3.57873589983278,-3.57873589983278,-3.57873589983278,-3.57873589983278,-3.57873589983278,-3.57873589983278,1,1,1,1,1,1,1,1,1,1,1,1,1,1,1,1,1,1,1,0,0,0,0,0,0,0,0,0,0,0,0,0,0,0,0,0,0,0,0,0
-0.119848375483183,-1.48000870754226,0.738854200217125,-2.48569408692951,2.22809213821079,-0.722650605383001,-1.90983149136273,0.241318557528443,-3.50549987591531,-1.83290354029956,-0.972224224009359,-1.56990584961011,-0.81916677251127,1.07426504490342,-0.979332510878363,-0.0488565985547122,-0.519388920634796,1.51357904537077,1.20706567868369,2.63411626181478,-1.47724996316764,1.2838966441121,0.360191463253344,-0.80616752601137,2.09189560450607,-1.12407107486654,-0.386242433517458,1.03684546552099,1.33868198979911,1.35766229149129,1.0772779840474,-0.500580900090403,-1.82664046050688,-4.65000958231109,0.238023978532929,-0.617217031302967,0.863139412839514,0.792504410497024,-0.985796627032762,0.483425440387245,-2.62762940668236,-2.4551004948986,-2.28257158311485,-2.1100426713311,-1.93751375954735,-1.7649848477636,-1.59245593597985,-1.41992702419609,-1.24739811241234,-1.07486920062859,-0.902340288844837,-0.729811377061084,-0.557282465277332,-0.384753553493582,-0.212224641709829,-0.0396957299260752,0.132833181857677,0.305362093641429,0.477891005425182,0.650419917208934,0.650419917208934,0.650419917208934,0.650419917208934,0.650419917208934,0.650419917208934,0.650419917208934,0.650419917208934,0.650419917208934,0.650419917208934,0.650419917208934,0.650419917208934,0.650419917208934,0.650419917208934,0.650419917208934,0.650419917208934,0.650419917208934,0.650419917208934,0.650419917208934,0.650419917208934,0.650419917208934,-14.6372092834039,-11.122285081047,-8.21465222927261,-5.85985606747346,-4.0034419350423,-2.59095517137189,-1.56794111585495,-0.879945107884256,-0.472512486852541,-0.291188592152551,-0.281518763177038,-0.389048339318762,-0.559322659970448,-0.737887064524863,-0.87028689237474,-0.902067482912852,-0.778774175531918,-0.445952309624683,0.150852775416073,1.06609574019762,1.06609574019762,1.06609574019762,1.06609574019762,1.06609574019762,1.06609574019762,1.06609574019762,1.06609574019762,1.06609574019762,1.06609574019762,1.06609574019762,1.06609574019762,1.06609574019762,1.06609574019762,1.06609574019762,1.06609574019762,1.06609574019762,1.06609574019762,1.06609574019762,1.06609574019762,1.06609574019762,-5.49486926337122,-4.90711364840972,-4.31935803344824,-3.73160241848676,-3.14384680352528,-2.5560911885638,-1.97649253831307,-1.43720907211358,-0.948020197855357,-0.535745187472035,-0.260729048063228,-0.139400040901322,-0.118403942039718,-0.140099630518908,-0.170101882485731,-0.176599760688708,-0.142725341393193,-0.0801415043573144,-0.00334542238749336,0.0820138767742957,0.0820138767742957,0.0820138767742957,0.0820138767742957,0.0820138767742957,0.0820138767742957,0.0820138767742957,0.0820138767742957,0.0820138767742957,0.0820138767742957,0.0820138767742957,0.0820138767742957,0.0820138767742957,0.0820138767742957,0.0820138767742957,0.0820138767742957,0.0820138767742957,0.0820138767742957,0.0820138767742957,0.0820138767742957,0.0820138767742957,1,1,1,1,1,1,1,1,1,1,1,1,1,1,1,1,1,1,1,1,1,1,1,1,1,1,1,1,1,1,1,1,1,1,1,1,1,1,1,1
-1.81323522967849,1.39718398588916,1.26761027489299,0.266031143816144,1.88146592023994,0.468229708717761,0.314002033626984,-0.152348844928792,1.15329966153211,-1.76629313308557,0.798057443899699,0.516782094541568,-0.837607608517756,0.90836742340089,-2.55221791949634,0.252412575920159,0.694210319073761,1.87970550920623,1.9763203423973,-0.190427880651065,-1.25010063038578,1.03888515324828,-0.631864064296213,1.79487321696902,0.59613264785915,-0.475974503616559,-1.99760543980224,-2.27624408651221,-0.165920542719297,0.190790921212704,1.01537694509923,1.46634223702709,0.12187408328403,0.976138679353669,-0.126771272530261,-0.453469743242605,0.332696569018577,-1.35975703288936,-0.137391617709492,-0.309783470611741,0.582356723631221,0.493030734050247,0.403704744469273,0.314378754888297,0.225052765307325,0.135726775726349,0.046400786145373,-0.0429252034356011,-0.132251193016575,-0.221577182597548,-0.310903172178525,-0.400229161759498,-0.489555151340472,-0.578881140921448,-0.668207130502422,-0.757533120083398,-0.84685910966437,-0.936185099245346,-1.02551108882632,-1.1148370784073,-1.1148370784073,-1.1148370784073,-1.1148370784073,-1.1148370784073,-1.1148370784073,-1.1148370784073,-1.1148370784073,-1.1148370784073,-1.1148370784073,-1.1148370784073,-1.1148370784073,-1.1148370784073,-1.1148370784073,-1.1148370784073,-1.1148370784073,-1.1148370784073,-1.1148370784073,-1.1148370784073,-1.1148370784073,-1.1148370784073,-25.0926695748018,-18.150138157095,-12.4906090631508,-7.99647116502284,-4.55011333476473,-2.03392444443004,-0.33029336607232,0.678391028254843,1.10973986649788,1.08136427660322,0.710875386517252,0.115884324186485,-0.585997782442732,-1.27715980542397,-1.83999061681076,-2.15687908865671,-2.11021409301541,-1.58238450194038,-0.455779187485222,1.38721297829648,1.38721297829648,1.38721297829648,1.38721297829648,1.38721297829648,1.38721297829648,1.38721297829648,1.38721297829648,1.38721297829648,1.38721297829648,1.38721297829648,1.38721297829648,1.38721297829648,1.38721297829648,1.38721297829648,1.38721297829648,1.38721297829648,1.38721297829648,1.38721297829648,1.38721297829648,1.38721297829648,0.136287839822067,0.105759823855479,0.0752318078888887,0.0447037919222986,0.0141757759557155,-0.0163522400108747,-0.0473403679606061,-0.0813606661967157,-0.122432569887168,-0.174155100797144,-0.238504060779983,-0.315386821914379,-0.402547489375459,-0.497367794266172,-0.599842146766191,-0.711941010033724,-0.833141705999713,-0.958874788692391,-1.08440900021426,-1.20847013563815,-1.20847013563815,-1.20847013563815,-1.20847013563815,-1.20847013563815,-1.20847013563815,-1.20847013563815,-1.20847013563815,-1.20847013563815,-1.20847013563815,-1.20847013563815,-1.20847013563815,-1.20847013563815,-1.20847013563815,-1.20847013563815,-1.20847013563815,-1.20847013563815,-1.20847013563815,-1.20847013563815,-1.20847013563815,-1.20847013563815,1,1,1,1,1,1,1,1,1,1,1,1,1,1,1,1,1,1,1,1,1,1,1,1,1,1,1,1,1,1,1,1,1,1,1,1,1,1,1,1
2.19019557222577,-1.30591027599584,1.79058400505632,-0.711369937989258,-1.72427257055559,1.3034795870877,1.80932041013602,2.3673998573306,0.33301814197231,-1.02669493135228,1.52271048801948,0.567451061416143,1.01581281522737,-1.43226410460313,-1.38092746363115,0.193205170256809,0.718772238973411,-0.222804755135156,1.6706730574684,1.67079730063487,0.710458684083457,0.365917089545455,-1.05717439472402,0.808419332291985,-0.118188459126287,-0.462246213277801,-0.16786960662162,0.912642566217638,-0.534865359861127,-0.585227733852546,-2.39395934765724,0.581758561304808,1.27304252543471,-0.218539570888248,0.0515614674108562,-0.0667940691209576,-2.87051523788968,2.46788646741739,-1.04451441254846,1.17557029354925,2.93056556645981,2.80065318352067,2.67074080058153,2.54082841764239,2.41091603470325,2.28100365176411,2.15109126882497,2.02117888588583,1.89126650294668,1.76135412000754,1.6314417370684,1.50152935412926,1.37161697119012,1.24170458825098,1.11179220531184,0.981879822372695,0.851967439433555,0.722055056494414,0.592142673555273,0.462230290616128,0.462230290616128,0.462230290616128,0.462230290616128,0.462230290616128,0.462230290616128,0.462230290616128,0.462230290616128,0.462230290616128,0.462230290616128,0.462230290616128,0.462230290616128,0.462230290616128,0.462230290616128,0.462230290616128,0.462230290616128,0.462230290616128,0.462230290616128,0.462230290616128,0.462230290616128,0.462230290616128,-24.4058233622404,-17.0178042857402,-11.0010869365868,-6.23044896513312,-2.58066802173185,0.0734782432642334,1.85721217950238,2.89575613662984,3.31433246429385,3.23816351214165,2.79247162982049,2.1024791669776,1.29340847326023,0.490481898315622,-0.181078208208971,-0.596049496666318,-0.629209617409176,-0.155336220790302,0.950793042837558,2.81440052312165,2.81440052312165,2.81440052312165,2.81440052312165,2.81440052312165,2.81440052312165,2.81440052312165,2.81440052312165,2.81440052312165,2.81440052312165,2.81440052312165,2.81440052312165,2.81440052312165,2.81440052312165,2.81440052312165,2.81440052312165,2.81440052312165,2.81440052312165,2.81440052312165,2.81440052312165,2.81440052312165,0.540911378593283,0.753005873433533,0.965100368273724,1.17719486311393,1.38928935795415,1.60138385279435,1.8235302876937,2.08267945554831,2.31433651746681,2.41226958348655,2.33017871342534,2.07443276409777,1.66243605049158,1.13702886186885,0.580239375877733,0.100605018807732,-0.147628017312158,0.0337592330064993,0.74531651229638,1.82202521116581,1.82202521116581,1.82202521116581,1.82202521116581,1.82202521116581,1.82202521116581,1.82202521116581,1.82202521116581,1.82202521116581,1.82202521116581,1.82202521116581,1.82202521116581,1.82202521116581,1.82202521116581,1.82202521116581,1.82202521116581,1.82202521116581,1.82202521116581,1.82202521116581,1.82202521116581,1.82202521116581,1,1,1,1,1,1,1,0,0,0,1,1,1,1,1,1,1,1,1,1,1,1,1,1,1,1,1,1,1,1,1,1,1,1,1,1,1,1,1,1
-1.25353781744764,-2.46543271272403,-2.0220150665034,1.20488068226063,-0.778410318963158,-0.996363650525581,0.863526990234518,0.994700560860831,1.3198236542923,-1.1949651314698,-1.2112361360125,1.82001873273858,0.901257730678086,0.232927553352077,-0.952551221421661,-1.85019817777117,0.0852764094984124,-0.713522654275753,-0.589272627210782,-0.626772991368835,-1.64186467693782,-1.74163060023174,0.908173071740448,-1.36662732674788,-0.561786893240605,0.407655230029613,0.501680313693148,-0.914777667976598,-0.150521318032892,-1.99281595728074,-1.66111915540465,-1.8166171408278,-1.32796319257897,-1.24688811356221,1.14420350174058,1.70982829733393,0.622219139445928,0.287831411309126,-1.35151011474721,1.99400199006849,-0.736722402614031,-0.710669609770368,-0.684616816926702,-0.658564024083035,-0.632511231239371,-0.606458438395705,-0.580405645552039,-0.554352852708377,-0.52830005986471,-0.502247267021046,-0.47619447417738,-0.450141681333713,-0.424088888490049,-0.398036095646384,-0.371983302802718,-0.345930509959054,-0.319877717115387,-0.293824924271723,-0.267772131428057,-0.241719338584394,-0.241719338584394,-0.241719338584394,-0.241719338584394,-0.241719338584394,-0.241719338584394,-0.241719338584394,-0.241719338584394,-0.241719338584394,-0.241719338584394,-0.241719338584394,-0.241719338584394,-0.241719338584394,-0.241719338584394,-0.241719338584394,-0.241719338584394,-0.241719338584394,-0.241719338584394,-0.241719338584394,-0.241719338584394,-0.241719338584394,-21.8993237457146,-16.77236123086,-12.4459953453217,-8.85718366140927,-5.9428837514322,-3.64005318770002,-1.88564954252227,-0.616630388208447,0.230046702931926,0.717424158589298,0.908544406454185,0.866449874217045,0.654182989568351,0.334786180198588,-0.0286981262017498,-0.373227501942216,-0.635759519332296,-0.753251750681526,-0.662661768299444,-0.300947144495568,-0.300947144495568,-0.300947144495568,-0.300947144495568,-0.300947144495568,-0.300947144495568,-0.300947144495568,-0.300947144495568,-0.300947144495568,-0.300947144495568,-0.300947144495568,-0.300947144495568,-0.300947144495568,-0.300947144495568,-0.300947144495568,-0.300947144495568,-0.300947144495568,-0.300947144495568,-0.300947144495568,-0.300947144495568,-0.300947144495568,-8.35189248385921,-7.252704087429,-6.15351569099882,-5.05432729456864,-3.95513889813844,-2.85595050170825,-1.77170194891024,-0.790983188273975,-0.0494665984159521,0.428745437585441,0.756433601318477,0.99234008078599,1.0629917385827,0.912289203733062,0.584335027055705,0.135986481333097,-0.402081682285354,-0.966239857097442,-1.47206502634587,-1.90633835888325,-1.90633835888325,-1.90633835888325,-1.90633835888325,-1.90633835888325,-1.90633835888325,-1.90633835888325,-1.90633835888325,-1.90633835888325,-1.90633835888325,-1.90633835888325,-1.90633835888325,-1.90633835888325,-1.90633835888325,-1.90633835888325,-1.90633835888325,-1.90633835888325,-1.90633835888325,-1.90633835888325,-1.90633835888325,-1.90633835888325,1,1,1,1,1,1,1,1,1,1,1,1,1,1,1,1,1,1,1,1,1,1,1,1,1,1,1,1,1,1,1,1,1,1,1,1,1,1,1,1
-3.22860742878655,-4.6517687315202,0.429138980768665,-1.7656148602099,-0.0676061388158935,1.0167118533853,-0.711513139531404,0.465910412152008,1.02483657029582,0.527502222775164,-1.71498964498322,1.39857596957751,-0.459808108865065,0.809860552755708,1.27438909700319,0.403027517471131,1.09594394353146,0.383863438919848,0.717823125378828,-2.37237897361156,1.02591604507467,-0.611975935553067,-0.654443626937214,-0.690606842991617,1.30315325520794,1.98133392342758,1.71510273131039,1.07079859175133,-1.8587160175291,0.346544075832201,-0.0097534352549733,0.305886434846794,1.80843486814964,-0.0792771857992438,0.156928047930741,-1.44732665818531,1.35470363428431,2.30820195967057,0.686571694526771,0.428133427642864,5.07217752508313,4.786314686644,4.50045184820488,4.21458900976575,3.92872617132663,3.64286333288751,3.35700049444838,3.07113765600926,2.78527481757013,2.49941197913101,2.21354914069188,1.92768630225276,1.64182346381364,1.35596062537451,1.07009778693538,0.784234948496259,0.498372110057138,0.212509271618011,-0.0733535668211118,-0.359216405260236,-0.359216405260236,-0.359216405260236,-0.359216405260236,-0.359216405260236,-0.359216405260236,-0.359216405260236,-0.359216405260236,-0.359216405260236,-0.359216405260236,-0.359216405260236,-0.359216405260236,-0.359216405260236,-0.359216405260236,-0.359216405260236,-0.359216405260236,-0.359216405260236,-0.359216405260236,-0.359216405260236,-0.359216405260236,-0.359216405260236,14.0224013527015,11.5485494391426,9.41357406456841,7.59207354469679,6.05864619524561,4.78789033193272,3.75440427047596,2.93278632659321,2.29763481600231,1.82354805442112,1.48512435756751,1.25696204115933,1.11365942091442,1.02981481255065,0.98002653178588,0.938892894337956,0.881012215924734,0.780982812264089,0.61340299907387,0.352871092071904,0.352871092071904,0.352871092071904,0.352871092071904,0.352871092071904,0.352871092071904,0.352871092071904,0.352871092071904,0.352871092071904,0.352871092071904,0.352871092071904,0.352871092071904,0.352871092071904,0.352871092071904,0.352871092071904,0.352871092071904,0.352871092071904,0.352871092071904,0.352871092071904,0.352871092071904,0.352871092071904,6.37792606203082,5.90900285047947,5.44007963892812,4.97115642737677,4.50223321582542,4.03331000427407,3.5665265832446,3.11273439570537,2.68450637515833,2.28954715575607,1.93036091763099,1.60575146515987,1.31206823856182,1.05008160765403,0.83313885194446,0.679643794671881,0.593067662656736,0.555801464925695,0.543638762632844,0.539811269587046,0.539811269587046,0.539811269587046,0.539811269587046,0.539811269587046,0.539811269587046,0.539811269587046,0.539811269587046,0.539811269587046,0.539811269587046,0.539811269587046,0.539811269587046,0.539811269587046,0.539811269587046,0.539811269587046,0.539811269587046,0.539811269587046,0.539811269587046,0.539811269587046,0.539811269587046,0.539811269587046,1,1,1,1,1,1,0,0,1,1,1,1,1,1,1,1,1,1,1,1,1,1,1,1,1,1,1,1,1,1,1,1,1,1,1,1,1,1,1,1
-0.430948219474215,-0.201858050397099,-1.28373164462653,1.58395224273638,-1.37768069840381,-1.42706516206782,-0.669796229827901,-0.157534763912128,1.07623876921548,-0.172858528941855,0.87419696536446,0.850304046595568,-0.43707603348191,0.791178698422646,2.61650286340007,-0.195993500088228,-1.09991479048424,0.433928386302322,0.692333816456065,-0.447397181689402,-1.28257603087691,0.0629793611079439,-0.0834279775802163,-0.157411539943801,-0.761994655892728,-0.673311913242607,1.47933185364366,0.166201337970511,-0.0489944549653138,-1.0265689670533,1.95432360005384,1.8947784734038,-0.205140009926879,2.30599231119505,-1.13954194103822,-1.79093091107139,-3.03773919693081,-1.79435689576468,-0.338015825890803,-0.147994040182526,1.63592211905083,1.46631351193338,1.29670490481592,1.12709629769847,0.957487690581019,0.787879083463565,0.61827047634611,0.44866186922866,0.279053262111207,0.109444654993752,-0.0601639521237018,-0.229772559241155,-0.399381166358605,-0.56898977347606,-0.738598380593512,-0.908206987710967,-1.07781559482842,-1.24742420194587,-1.41703280906332,-1.58664141618078,-1.58664141618078,-1.58664141618078,-1.58664141618078,-1.58664141618078,-1.58664141618078,-1.58664141618078,-1.58664141618078,-1.58664141618078,-1.58664141618078,-1.58664141618078,-1.58664141618078,-1.58664141618078,-1.58664141618078,-1.58664141618078,-1.58664141618078,-1.58664141618078,-1.58664141618078,-1.58664141618078,-1.58664141618078,-1.58664141618078,-9.55275872067942,-6.83697855514381,-4.606357711775,-2.82031473044377,-1.43826815102084,-0.419636513376975,0.27616164261708,0.689707777090568,0.861583350172751,0.832369821992884,0.642648652680219,0.333001302363973,-0.0559907688265593,-0.483746100762145,-0.909683233313523,-1.29322070635146,-1.59377705974672,-1.77077083337,-1.78362056709208,-1.59174480078369,-1.59174480078369,-1.59174480078369,-1.59174480078369,-1.59174480078369,-1.59174480078369,-1.59174480078369,-1.59174480078369,-1.59174480078369,-1.59174480078369,-1.59174480078369,-1.59174480078369,-1.59174480078369,-1.59174480078369,-1.59174480078369,-1.59174480078369,-1.59174480078369,-1.59174480078369,-1.59174480078369,-1.59174480078369,-1.59174480078369,1.63471545634773,1.46529335081591,1.29587124528408,1.12644913975226,0.957027034220433,0.787604928688602,0.618178975307629,0.448728940174993,0.279229312853788,0.109667422175297,-0.059950266508892,-0.229604450460002,-0.399271050058456,-0.568934487351695,-0.738599182588114,-0.908274293406581,-1.077949206451,-1.2476049842293,-1.41724237089704,-1.58687484418196,-1.58687484418196,-1.58687484418196,-1.58687484418196,-1.58687484418196,-1.58687484418196,-1.58687484418196,-1.58687484418196,-1.58687484418196,-1.58687484418196,-1.58687484418196,-1.58687484418196,-1.58687484418196,-1.58687484418196,-1.58687484418196,-1.58687484418196,-1.58687484418196,-1.58687484418196,-1.58687484418196,-1.58687484418196,-1.58687484418196,1,1,1,1,1,1,1,1,1,1,1,1,1,1,1,1,1,1,1,1,1,1,1,1,1,1,1,1,1,1,1,1,1,1,1,1,1,1,1,1
0.610271983631094,-0.95112027760239,2.00663897210508,0.338691639167422,-1.93624514937754,-0.384574455780546,-0.566950691966617,-0.389779383490346,-1.81135525958445,0.582396504573717,2.79242905836714,2.97624087619757,-0.766272026125703,-0.253230065724487,1.23108269511921,1.96904239235824,0.791805009400997,1.41582731119334,-1.5667383066746,-2.17098788818847,0.0454596374139147,1.71972532855442,-0.480295621022631,-1.00778669214825,2.81076881838703,-1.32355560932677,1.05036966679493,-0.318826557242918,1.70121398100545,2.31511672626433,-2.23931518178683,1.48853663356728,0.696753661342054,1.04701613513135,0.0859762496804173,-0.240087930857136,0.152831188969833,0.0210216688337077,-1.09597020480794,-1.04398307274287,1.21031951371011,1.04956283517187,0.888806156633628,0.72804947809539,0.56729279955715,0.406536121018913,0.245779442480673,0.085022763942435,-0.0757339145958067,-0.236490593134045,-0.397247271672285,-0.558003950210525,-0.718760628748763,-0.879517307287001,-1.04027398582524,-1.20103066436348,-1.36178734290172,-1.52254402143996,-1.6833006999782,-1.84405737851644,-1.84405737851644,-1.84405737851644,-1.84405737851644,-1.84405737851644,-1.84405737851644,-1.84405737851644,-1.84405737851644,-1.84405737851644,-1.84405737851644,-1.84405737851644,-1.84405737851644,-1.84405737851644,-1.84405737851644,-1.84405737851644,-1.84405737851644,-1.84405737851644,-1.84405737851644,-1.84405737851644,-1.84405737851644,-1.84405737851644,6.96056209535645,4.6345512925713,2.82522300009895,1.47435468866706,0.523723829003297,-0.0848921081646683,-0.409715652109174,-0.50896933210255,-0.440875677417125,-0.263657217325235,-0.0355364810992338,0.185264001988571,0.340521702665834,0.372014091660231,0.221518639699413,-0.169187182488944,-0.85832590417718,-1.90412005463763,-3.36479216314263,-5.29856475896448,-5.29856475896448,-5.29856475896448,-5.29856475896448,-5.29856475896448,-5.29856475896448,-5.29856475896448,-5.29856475896448,-5.29856475896448,-5.29856475896448,-5.29856475896448,-5.29856475896448,-5.29856475896448,-5.29856475896448,-5.29856475896448,-5.29856475896448,-5.29856475896448,-5.29856475896448,-5.29856475896448,-5.29856475896448,-5.29856475896448,-0.215824225635549,-0.175446996165578,-0.135069766695603,-0.0946925372256331,-0.0543153077556617,-0.0139380782856868,0.0231933668009745,0.0422425763874621,0.0313975129312727,-0.0172481162529881,-0.110465809654828,-0.247281573979686,-0.419508412595171,-0.623489441760034,-0.863180033179381,-1.14168744908525,-1.4575073708448,-1.80684632223052,-2.18258452147146,-2.57246427095043,-2.57246427095043,-2.57246427095043,-2.57246427095043,-2.57246427095043,-2.57246427095043,-2.57246427095043,-2.57246427095043,-2.57246427095043,-2.57246427095043,-2.57246427095043,-2.57246427095043,-2.57246427095043,-2.57246427095043,-2.57246427095043,-2.57246427095043,-2.57246427095043,-2.57246427095043,-2.57246427095043,-2.57246427095043,-2.57246427095043,1,1,1,1,1,1,1,1,1,1,1,1,1,1,1,1,1,1,1,1,1,1,1,1,1,1,1,1,1,1,1,1,1,1,1,1,1,1,1,1
1.05316025095625,0.00757179992905233,1.61323962574559,-0.719375976205801,0.294088043525824,1.2924067497835,-1.06576130381415,1.56801090035025,-0.706511774764344,-1.28917386823884,0.209623369222577,0.649657812254645,-0.70585451005079,2.86123613106444,1.13693878751341,-0.706822182391315,-0.382960961853779,-2.40024749622455,-0.441221587345066,-0.558657434176139,0.270113942406116,-0.235054038161238,-1.23425649147186,1.20914227157652,1.89960144331422,-0.590830325244621,-0.84588869810699,0.0767290916592369,0.951910574219761,-0.450134738645524,2.02543428239289,1.68130702944595,1.91801089388916,-2.19462660903801,-0.0707997184467306,0.36022712453931,0.824152881956184,-2.24408911281781,-0.971358669200324,0.946809368393728,0.412851690249395,0.35220328678962,0.291554883329843,0.230906479870068,0.170258076410288,0.109609672950514,0.0489612694907393,-0.011687133969037,-0.0723355374288133,-0.13298394088859,-0.193632344348366,-0.254280747808142,-0.314929151267918,-0.375577554727693,-0.436225958187471,-0.496874361647246,-0.557522765107024,-0.618171168566798,-0.678819572026574,-0.739467975486351,-0.739467975486351,-0.739467975486351,-0.739467975486351,-0.739467975486351,-0.739467975486351,-0.739467975486351,-0.739467975486351,-0.739467975486351,-0.739467975486351,-0.739467975486351,-0.739467975486351,-0.739467975486351,-0.739467975486351,-0.739467975486351,-0.739467975486351,-0.739467975486351,-0.739467975486351,-0.739467975486351,-0.739467975486351,-0.739467975486351,-17.7523537842262,-12.8487214094419,-8.85289451086477,-5.68023393548626,-3.24610053029798,-1.46585514229146,-0.254858618458279,0.471528194209993,0.797944448721818,0.809029298085626,0.589421895309805,0.223761393402871,-0.2033130546268,-0.607162295770735,-0.903147177020459,-1.00662854536762,-0.832967247803714,-0.297524131320337,0.684339957090931,2.1972641704386,2.1972641704386,2.1972641704386,2.1972641704386,2.1972641704386,2.1972641704386,2.1972641704386,2.1972641704386,2.1972641704386,2.1972641704386,2.1972641704386,2.1972641704386,2.1972641704386,2.1972641704386,2.1972641704386,2.1972641704386,2.1972641704386,2.1972641704386,2.1972641704386,2.1972641704386,2.1972641704386,-0.3889249635493,-0.353483087125134,-0.318041210700968,-0.282599334276805,-0.247157457852641,-0.211715581428474,-0.179438663640793,-0.165671753362197,-0.18133392515564,-0.210137604013724,-0.217657689097059,-0.185145128222789,-0.118416786615748,-0.0339670187420484,0.0437593050520952,0.089142110929652,0.0982004035861141,0.0887689305020771,0.0742024328458726,0.0566291715616032,0.0566291715616032,0.0566291715616032,0.0566291715616032,0.0566291715616032,0.0566291715616032,0.0566291715616032,0.0566291715616032,0.0566291715616032,0.0566291715616032,0.0566291715616032,0.0566291715616032,0.0566291715616032,0.0566291715616032,0.0566291715616032,0.0566291715616032,0.0566291715616032,0.0566291715616032,0.0566291715616032,0.0566291715616032,0.0566291715616032,1,1,1,1,1,1,1,1,1,1,1,1,1,1,1,1,1,1,1,1,1,1,1,1,1,1,1,1,1,1,1,1,1,1,1,1,1,1,1,1
0.358852483849186,-0.360218588050249,-0.714289306882701,0.810754238564969,-1.16364328340666,0.844352893703591,1.76570424119547,-0.431791284717169,-2.09992775935882,-0.496956167686342,-0.841769547181114,0.32555982126083,1.60120503086046,2.11166965795316,2.25241637537433,3.33055790859118,0.039713455360296,-0.86115656080673,1.22744929191847,-2.83243118045133,-0.87091822453576,2.04908818342989,0.439139315308436,1.75596544747189,3.19307074443243,1.89269993947175,-1.83710260809331,1.23872133021581,2.08243911244873,1.49261661699109,-1.34393531017005,0.444976342949396,0.177470969020984,1.61265895647061,1.11750810339744,1.03895335937599,-4.68440350393006,0.672212041305404,-1.85803311194749,0.778352988642695,0.319101087578352,0.318308209985084,0.317515332391817,0.31672245479855,0.315929577205283,0.315136699612017,0.314343822018751,0.313550944425483,0.312758066832213,0.311965189238947,0.311172311645681,0.310379434052415,0.309586556459147,0.308793678865879,0.308000801272613,0.307207923679345,0.306415046086077,0.30562216849281,0.304829290899544,0.304036413306276,0.304036413306276,0.304036413306276,0.304036413306276,0.304036413306276,0.304036413306276,0.304036413306276,0.304036413306276,0.304036413306276,0.304036413306276,0.304036413306276,0.304036413306276,0.304036413306276,0.304036413306276,0.304036413306276,0.304036413306276,0.304036413306276,0.304036413306276,0.304036413306276,0.304036413306276,0.304036413306276,33.9589924310069,24.3717524187442,16.6017191624702,10.4768730311905,5.82519439391088,2.47466361963702,0.253261077374605,-1.01103286387065,-1.49023783509304,-1.35637346728686,-0.781459391446404,0.0624847614340283,1.00343936036013,1.8693847743376,2.48830137237215,2.68816952346949,2.29696959663533,1.14268196087533,-0.946713014804752,-4.14323496139927,-4.14323496139927,-4.14323496139927,-4.14323496139927,-4.14323496139927,-4.14323496139927,-4.14323496139927,-4.14323496139927,-4.14323496139927,-4.14323496139927,-4.14323496139927,-4.14323496139927,-4.14323496139927,-4.14323496139927,-4.14323496139927,-4.14323496139927,-4.14323496139927,-4.14323496139927,-4.14323496139927,-4.14323496139927,-4.14323496139927,8.11547507008152,6.93312934026792,5.7507836104544,4.56843788064083,3.38609215082728,2.20374642101375,1.01214726949634,-0.171756714596732,-1.08153358157886,-1.42790522044945,-1.20151260426151,-0.560003661782179,0.368656919369103,1.38406328820113,2.127077383145,2.30871873489992,1.90557995474792,1.01990672919054,-0.277332186976119,-1.84713067093185,-1.84713067093185,-1.84713067093185,-1.84713067093185,-1.84713067093185,-1.84713067093185,-1.84713067093185,-1.84713067093185,-1.84713067093185,-1.84713067093185,-1.84713067093185,-1.84713067093185,-1.84713067093185,-1.84713067093185,-1.84713067093185,-1.84713067093185,-1.84713067093185,-1.84713067093185,-1.84713067093185,-1.84713067093185,-1.84713067093185,1,1,1,1,1,1,1,1,1,1,1,1,1,1,1,1,1,1,1,1,1,1,1,1,1,1,1,1,1,1,1,1,1,1,1,1,1,1,1,1
1.36582435094186,-1.35703439469911,1.62816422483602,-0.643732543725444,-0.520523028113604,1.26849117808144,1.28801249322239,0.642110550957737,-1.41283600861329,-0.7391330410673,-1.00843874956718,-1.7767383703593,1.35343641787995,-0.165886573668395,0.701112549704014,-1.04692994432984,-0.561979138792285,0.489609038213574,3.3272771512888,-3.11576245807042,-1.39389624758629,-0.617093883731076,-0.746193620685712,1.97203552622976,1.89188597470875,1.81023422816133,2.3208905722642,-0.439864000666285,-0.440140084706027,-2.13753597607453,-0.624806184952062,-0.18254606695859,-2.15583203583081,1.01970689532037,-2.66363779500957,0.322977148114701,-0.174069619675439,1.38760095106426,-0.927670784084047,0.114511300313879,-0.596006986862757,-0.564300528191085,-0.53259406951941,-0.500887610847737,-0.469181152176064,-0.437474693504391,-0.405768234832719,-0.374061776161046,-0.342355317489372,-0.310648858817698,-0.278942400146027,-0.247235941474353,-0.21552948280268,-0.183823024131009,-0.152116565459336,-0.120410106787661,-0.0887036481159882,-0.0569971894443153,-0.0252907307726407,0.00641572789903222,0.00641572789903222,0.00641572789903222,0.00641572789903222,0.00641572789903222,0.00641572789903222,0.00641572789903222,0.00641572789903222,0.00641572789903222,0.00641572789903222,0.00641572789903222,0.00641572789903222,0.00641572789903222,0.00641572789903222,0.00641572789903222,0.00641572789903222,0.00641572789903222,0.00641572789903222,0.00641572789903222,0.00641572789903222,0.00641572789903222,40.5160634875957,29.735612535798,20.8223466628169,13.615706895136,7.95513425923861,3.68006978160809,0.629954488727883,-1.35577059291866,-2.43766443684811,-2.77628601657706,-2.53219430562212,-1.86594827749989,-0.938106905727004,0.0907708361799973,1.06012597470444,1.80939953632973,2.17803254753933,2.00546603481658,1.13114102464496,-0.605501456492256,-0.605501456492256,-0.605501456492256,-0.605501456492256,-0.605501456492256,-0.605501456492256,-0.605501456492256,-0.605501456492256,-0.605501456492256,-0.605501456492256,-0.605501456492256,-0.605501456492256,-0.605501456492256,-0.605501456492256,-0.605501456492256,-0.605501456492256,-0.605501456492256,-0.605501456492256,-0.605501456492256,-0.605501456492256,-0.605501456492256,8.35913256492917,7.12668769220171,5.89424281947427,4.66179794674682,3.42935307401937,2.19690820129192,0.959600367967909,-0.271541622753281,-1.33976729192052,-2.04148098210104,-2.28396512165417,-2.08345169965045,-1.52209905021632,-0.74262799125759,0.100166725916743,0.882695738653728,1.48511320183277,1.80906084762749,1.8668056223703,1.78212590112943,1.78212590112943,1.78212590112943,1.78212590112943,1.78212590112943,1.78212590112943,1.78212590112943,1.78212590112943,1.78212590112943,1.78212590112943,1.78212590112943,1.78212590112943,1.78212590112943,1.78212590112943,1.78212590112943,1.78212590112943,1.78212590112943,1.78212590112943,1.78212590112943,1.78212590112943,1.78212590112943,1,1,1,1,1,1,1,1,1,1,1,1,1,1,1,1,1,1,1,1,1,1,1,1,1,1,1,1,1,1,1,1,1,1,1,1,1,1,1,1
-2.01485573167473,0.682713657754149,-0.471281054504968,0.299089081452304,2.29013472773162,1.71408565852981,-0.819073783377888,0.154643670099055,-1.3102287983782,0.792921170631796,0.224418839850999,1.00072131952761,2.48235987743657,0.428565125383205,0.504808965510273,-0.462984328026357,0.557631260777287,-0.832288103109288,-0.280166815305389,2.032420662205,0.510480825317126,-1.29600372651645,-1.62714172939283,0.471422675127236,0.688246303435225,-0.858767025238436,0.203948592792086,-1.5591830124593,-2.61044896395057,2.77122542557935,-0.408931622141823,0.208476946297411,0.814947336939722,0.60629817396566,1.42693517621398,-0.609852470134586,0.318487999647047,-0.471807812861551,1.18713877426538,2.68389534574558,0.602555409099085,0.572244434054324,0.541933459009561,0.511622483964801,0.48131150892004,0.451000533875277,0.420689558830516,0.390378583785756,0.360067608740996,0.329756633696235,0.299445658651472,0.269134683606712,0.238823708561952,0.208512733517189,0.178201758472426,0.147890783427668,0.117579808382905,0.0872688333381451,0.0569578582933818,0.026646883248624,0.026646883248624,0.026646883248624,0.026646883248624,0.026646883248624,0.026646883248624,0.026646883248624,0.026646883248624,0.026646883248624,0.026646883248624,0.026646883248624,0.026646883248624,0.026646883248624,0.026646883248624,0.026646883248624,0.026646883248624,0.026646883248624,0.026646883248624,0.026646883248624,0.026646883248624,0.026646883248624,27.7172917710627,20.6409961286622,14.7639298962984,9.98436515166937,6.20057397247331,3.31082843640837,1.2134006211727,-0.193437395535554,-1.01141353601823,-1.34225572257719,-1.28769187751428,-0.94944992313134,-0.429257781730227,0.171156624387214,0.750065372919135,1.20574054156367,1.43645420801899,1.34047844998326,0.816085345154585,-0.238453028768873,-0.238453028768873,-0.238453028768873,-0.238453028768873,-0.238453028768873,-0.238453028768873,-0.238453028768873,-0.238453028768873,-0.238453028768873,-0.238453028768873,-0.238453028768873,-0.238453028768873,-0.238453028768873,-0.238453028768873,-0.238453028768873,-0.238453028768873,-0.238453028768873,-0.238453028768873,-0.238453028768873,-0.238453028768873,-0.238453028768873,3.56555595704074,3.11829330106418,2.67103064508762,2.22376798911105,1.77650533313449,1.32924267715793,0.885978745147177,0.466972382028851,0.0982944402462245,-0.190889111318874,-0.374402146740366,-0.440407174637382,-0.390269770515378,-0.240669276859261,-0.0345891952874737,0.178135898931403,0.380262515179664,0.581281602756585,0.781331694851048,0.974071018257463,0.974071018257463,0.974071018257463,0.974071018257463,0.974071018257463,0.974071018257463,0.974071018257463,0.974071018257463,0.974071018257463,0.974071018257463,0.974071018257463,0.974071018257463,0.974071018257463,0.974071018257463,0.974071018257463,0.974071018257463,0.974071018257463,0.974071018257463,0.974071018257463,0.974071018257463,0.974071018257463,1,1,1,1,1,1,1,1,1,1,1,1,1,1,1,1,1,1,1,1,1,1,1,1,1,1,1,1,1,1,1,1,1,1,1,1,1,1,1,1
-1.09835558653193,0.753385581998087,-0.594230480727624,-0.776440680126145,1.55045062712977,0.782191691424516,-0.504515145060362,-1.23860814286864,2.0876915159153,2.01059816474463,-1.08303528555216,-0.862458857901514,0.192382300050335,0.0259965966383788,-2.24826561337918,-0.173926767706162,0.15084589682264,-0.466628036820794,2.26972564632915,-0.486716627279304,1.34177615499865,-2.18508029304421,-0.731601932070738,-2.01541444086884,-1.0353290410845,0.158049688512861,1.56087183340034,-1.84045565040137,0.847457355038479,2.2493341562344,2.00280789314183,-0.367865534060209,0.363856150699519,-0.041108273488689,0.73271147961896,2.43788408511903,1.25140756273052,0.419401913481273,2.54610269532222,-3.05565489281332,-2.20749341196763,-2.0547289705101,-1.90196452905257,-1.74920008759504,-1.59643564613751,-1.44367120467998,-1.29090676322245,-1.13814232176492,-0.985377880307396,-0.832613438849865,-0.679848997392337,-0.527084555934808,-0.37432011447728,-0.221555673019749,-0.068791231562221,0.0839732098953085,0.236737651352836,0.389502092810366,0.542266534267894,0.695030975725425,0.695030975725425,0.695030975725425,0.695030975725425,0.695030975725425,0.695030975725425,0.695030975725425,0.695030975725425,0.695030975725425,0.695030975725425,0.695030975725425,0.695030975725425,0.695030975725425,0.695030975725425,0.695030975725425,0.695030975725425,0.695030975725425,0.695030975725425,0.695030975725425,0.695030975725425,0.695030975725425,-1.30667074499476,-1.29932183515274,-1.29848023537621,-1.29988906633746,-1.29929144870876,-1.29243050316238,-1.27504935037059,-1.24289111100567,-1.19169890573988,-1.11721585524552,-1.01518508019483,-0.881349701260113,-0.71145283911363,-0.50123761442765,-0.246447147874456,0.0571754398736886,0.413887028144503,0.827944496265713,1.30360472356505,1.84512458937024,1.84512458937024,1.84512458937024,1.84512458937024,1.84512458937024,1.84512458937024,1.84512458937024,1.84512458937024,1.84512458937024,1.84512458937024,1.84512458937024,1.84512458937024,1.84512458937024,1.84512458937024,1.84512458937024,1.84512458937024,1.84512458937024,1.84512458937024,1.84512458937024,1.84512458937024,1.84512458937024,-0.687651294639304,-0.728187389035047,-0.768723483430798,-0.809259577826552,-0.849795672222297,-0.890331766618048,-0.934793571496569,-0.997793449529218,-1.07755024539448,-1.16509253442462,-1.23794280724963,-1.23846576407917,-1.11551361297468,-0.87393769157311,-0.536528325937143,-0.101289730848675,0.421983496795093,0.98941233144804,1.5663437167188,2.14581964107015,2.14581964107015,2.14581964107015,2.14581964107015,2.14581964107015,2.14581964107015,2.14581964107015,2.14581964107015,2.14581964107015,2.14581964107015,2.14581964107015,2.14581964107015,2.14581964107015,2.14581964107015,2.14581964107015,2.14581964107015,2.14581964107015,2.14581964107015,2.14581964107015,2.14581964107015,2.14581964107015,1,1,1,1,1,1,1,1,1,1,1,1,1,1,1,1,1,1,1,1,1,1,1,1,1,1,1,1,1,1,1,1,1,1,1,1,1,1,1,1
0.739114658638198,-0.811250445349577,3.03635410071831,-1.70979646204798,0.0249538437438614,0.429174033134165,-1.22970876000681,0.928989693828356,-0.229599872496459,-1.64516483039835,-2.47883243112191,0.26127183519116,-0.495714304118476,-1.28276927903448,2.15566938418813,-1.94568715487328,0.113446749429682,1.36593372619391,0.0830824630338736,2.46341430949253,1.38503070963018,0.553859043161298,1.92475236041448,-1.24147681841462,2.02145334758471,2.48886732001973,-0.893943816370976,1.19196013477845,-0.635436093199546,-1.31520073121292,2.5267429159142,1.18535819648468,1.48527884741052,1.31306096689543,1.09055387620808,-1.10145010870847,-1.80266863287994,-1.14671746063462,-1.16225260302755,0.643190981050724,-2.20449501776976,-2.14658169324617,-2.08866836872259,-2.03075504419901,-1.97284171967542,-1.91492839515184,-1.85701507062826,-1.79910174610467,-1.74118842158109,-1.68327509705751,-1.62536177253392,-1.56744844801034,-1.50953512348676,-1.45162179896317,-1.39370847443959,-1.33579514991601,-1.27788182539243,-1.21996850086884,-1.16205517634526,-1.10414185182167,-1.10414185182167,-1.10414185182167,-1.10414185182167,-1.10414185182167,-1.10414185182167,-1.10414185182167,-1.10414185182167,-1.10414185182167,-1.10414185182167,-1.10414185182167,-1.10414185182167,-1.10414185182167,-1.10414185182167,-1.10414185182167,-1.10414185182167,-1.10414185182167,-1.10414185182167,-1.10414185182167,-1.10414185182167,-1.10414185182167,11.8377738605212,8.21900892080606,5.2292402288998,2.81499946834585,0.922818322687618,-0.500771524531475,-1.50923838976803,-2.15605058947863,-2.49467644011987,-2.57858425814834,-2.46124236002064,-2.19611906219332,-1.83668268112302,-1.43640153326632,-1.04874393507979,-0.727178203020028,-0.525172653543621,-0.496195603107173,-0.693715368167283,-1.17120026518053,-1.17120026518053,-1.17120026518053,-1.17120026518053,-1.17120026518053,-1.17120026518053,-1.17120026518053,-1.17120026518053,-1.17120026518053,-1.17120026518053,-1.17120026518053,-1.17120026518053,-1.17120026518053,-1.17120026518053,-1.17120026518053,-1.17120026518053,-1.17120026518053,-1.17120026518053,-1.17120026518053,-1.17120026518053,-1.17120026518053,-0.140399805562338,-0.375106067351147,-0.609812329139957,-0.844518590928769,-1.07922485271758,-1.31393111450639,-1.54516714782397,-1.75358452870404,-1.91104112262076,-2.00303239002002,-2.03787787990988,-2.02512856158391,-1.95336489856378,-1.80347265075019,-1.58057338208505,-1.32050274513463,-1.06490632539178,-0.837136150044568,-0.638305252353453,-0.455780983515076,-0.455780983515076,-0.455780983515076,-0.455780983515076,-0.455780983515076,-0.455780983515076,-0.455780983515076,-0.455780983515076,-0.455780983515076,-0.455780983515076,-0.455780983515076,-0.455780983515076,-0.455780983515076,-0.455780983515076,-0.455780983515076,-0.455780983515076,-0.455780983515076,-0.455780983515076,-0.455780983515076,-0.455780983515076,-0.455780983515076,1,1,1,1,1,1,1,1,1,1,1,1,1,1,1,1,1,1,1,1,1,1,1,1,1,1,1,1,1,1,1,1,1,1,1,1,1,1,1,1
1.07903521177893,1.65157546651557,-0.570550136218846,-0.015068467189951,-0.269708402302895,-0.0042262986703534,1.10995715609762,-1.6372553777427,-0.786748761579467,-0.395063307721591,0.406782840519377,0.310016300120653,1.54377003033422,0.604022536132545,-1.64632816800269,0.966484722546539,-0.480375147542293,-0.598054849215842,0.571650355231851,-0.28725953246486,-0.233242009670867,1.05212724833328,-0.696628616442508,0.915336274811985,-0.61754988127702,0.59745701982596,0.56308749773029,0.947456299031561,-1.07328833666986,-2.59446020424054,-0.66720475655986,0.176464301984453,0.309302584236207,-0.509937843707675,-0.97796770810695,0.893997623866603,-2.1687321578993,1.12446047778852,0.808558387636422,-0.0389997295365561,3.42759370365777,3.07710938698832,2.72662507031887,2.37614075364942,2.02565643697997,1.67517212031052,1.32468780364107,0.974203486971616,0.623719170302167,0.273234853632715,-0.0772494630367344,-0.427733779706182,-0.778218096375635,-1.12870241304508,-1.47918672971453,-1.82967104638398,-2.18015536305343,-2.53063967972288,-2.88112399639233,-3.23160831306178,-3.23160831306178,-3.23160831306178,-3.23160831306178,-3.23160831306178,-3.23160831306178,-3.23160831306178,-3.23160831306178,-3.23160831306178,-3.23160831306178,-3.23160831306178,-3.23160831306178,-3.23160831306178,-3.23160831306178,-3.23160831306178,-3.23160831306178,-3.23160831306178,-3.23160831306178,-3.23160831306178,-3.23160831306178,-3.23160831306178,9.34348985165787,7.59215954543341,6.04204109834442,4.68021251820686,3.49375181283668,2.46973699004985,1.59524605766233,0.857357023490074,0.243147895349052,-0.260303318944803,-0.665918611575499,-0.986619974727089,-1.23532940058361,-1.42496888132912,-1.56846040914763,-1.67872597622322,-1.76868757473989,-1.85126719688171,-1.93938683483272,-2.04596848077691,-2.04596848077691,-2.04596848077691,-2.04596848077691,-2.04596848077691,-2.04596848077691,-2.04596848077691,-2.04596848077691,-2.04596848077691,-2.04596848077691,-2.04596848077691,-2.04596848077691,-2.04596848077691,-2.04596848077691,-2.04596848077691,-2.04596848077691,-2.04596848077691,-2.04596848077691,-2.04596848077691,-2.04596848077691,-2.04596848077691,5.0679446670356,4.4977220761229,3.9274994852102,3.35727689429749,2.78705430338478,2.21683171247208,1.64477944248671,1.06770904334886,0.505107558365767,-0.0185018169267632,-0.492183269798375,-0.908649490963086,-1.26452909707192,-1.56240704299704,-1.78714190373369,-1.90633048883248,-1.91591668071037,-1.85312465379671,-1.75634791380101,-1.64554169134426,-1.64554169134426,-1.64554169134426,-1.64554169134426,-1.64554169134426,-1.64554169134426,-1.64554169134426,-1.64554169134426,-1.64554169134426,-1.64554169134426,-1.64554169134426,-1.64554169134426,-1.64554169134426,-1.64554169134426,-1.64554169134426,-1.64554169134426,-1.64554169134426,-1.64554169134426,-1.64554169134426,-1.64554169134426,-1.64554169134426,1,1,1,1,1,1,1,1,1,1,1,1,1,1,1,1,1,1,1,1,1,1,1,1,1,1,1,1,1,1,1,1,1,1,1,1,1,1,1,1
0.380854417479132,-0.682351659788811,-0.721667742771681,-0.934687185271444,-2.04391840451112,-0.635457312750705,0.17976194878613,-0.824343120441831,0.471321729093646,-0.962022965545602,-0.354625104642146,-3.25077092771402,1.31432753986216,-1.02501512346567,-0.737574347111815,0.830136505694641,-0.710319133940086,0.479603808333103,1.21248031900921,0.90039857073762,-1.46547440345417,2.92723368770765,-0.446948742682673,0.407856414864241,1.61167834735441,1.01587420123163,-0.698659646603289,-0.397299489461622,-2.67383724720797,-0.69748050193208,-1.77151020527253,-1.23289180994769,1.4541898497745,-0.705592983093698,-1.50939290603222,-2.03547645097988,1.21301308181513,-0.00116621368430536,1.99611284208051,2.47401405128067,0.265005597336035,0.338430427130598,0.411855256925163,0.485280086719724,0.558704916514289,0.63212974630885,0.705554576103415,0.778979405897976,0.852404235692541,0.925829065487102,0.999253895281667,1.07267872507623,1.14610355487079,1.21952838466535,1.29295321445992,1.36637804425448,1.43980287404905,1.51322770384361,1.58665253363817,1.66007736343274,1.66007736343274,1.66007736343274,1.66007736343274,1.66007736343274,1.66007736343274,1.66007736343274,1.66007736343274,1.66007736343274,1.66007736343274,1.66007736343274,1.66007736343274,1.66007736343274,1.66007736343274,1.66007736343274,1.66007736343274,1.66007736343274,1.66007736343274,1.66007736343274,1.66007736343274,1.66007736343274,10.2735746367589,7.71973134639418,5.60962046019723,3.90694196189578,2.57539583521757,1.57868206389033,0.880500631641777,0.444551522199662,0.234534719291705,0.214150206645636,0.347097967989182,0.59707798705008,0.92779024755607,1.30293473323487,1.68621142781419,2.04132031502182,2.33196137858543,2.5218346022328,2.57463996969161,2.45407746468965,2.45407746468965,2.45407746468965,2.45407746468965,2.45407746468965,2.45407746468965,2.45407746468965,2.45407746468965,2.45407746468965,2.45407746468965,2.45407746468965,2.45407746468965,2.45407746468965,2.45407746468965,2.45407746468965,2.45407746468965,2.45407746468965,2.45407746468965,2.45407746468965,2.45407746468965,2.45407746468965,4.52179965779904,3.99036145551622,3.45892325323339,2.92748505095056,2.39604684866773,1.8646086463849,1.34059803481741,0.865203158725651,0.497108843577671,0.264076232652933,0.145415854802085,0.116244776423333,0.189070155439682,0.399481452575275,0.771360574548433,1.30633584933282,1.99041129409835,2.79839788378371,3.69423514020456,4.63357940197822,4.63357940197822,4.63357940197822,4.63357940197822,4.63357940197822,4.63357940197822,4.63357940197822,4.63357940197822,4.63357940197822,4.63357940197822,4.63357940197822,4.63357940197822,4.63357940197822,4.63357940197822,4.63357940197822,4.63357940197822,4.63357940197822,4.63357940197822,4.63357940197822,4.63357940197822,4.63357940197822,1,1,1,1,1,1,1,1,1,1,1,1,1,1,1,1,1,1,1,1,1,1,1,1,1,1,1,1,1,1,1,1,1,1,1,1,1,1,1,1
3.21824939967195,0.0277933835935746,0.218941132545772,1.93888122648594,1.49664554544659,0.707933853308821,1.02965562572457,-0.428210197572608,0.660994579554714,-0.40681639110025,1.14246149425217,1.29492551691147,-1.34125450896238,-0.741533494540899,-0.992678099856585,-0.638817591751977,-0.39423930577721,0.515962320922071,3.2149189536028,-0.43794022457195,-1.26556221098405,1.06985792098896,0.738521122741437,-1.77521422895047,3.51035835250867,0.915853890984183,0.969661471550229,-2.05287335774541,0.201824167699119,-2.64612293128604,0.933245711175493,-3.1677141864581,1.98761676249395,-2.40895259826948,-2.03187133469524,-0.197000250209953,1.75557367432606,-2.24421699017574,-2.37177571897092,-0.439804752446916,3.87897861604704,3.54492466888821,3.21087072172938,2.87681677457056,2.54276282741173,2.2087088802529,1.87465493309408,1.54060098593525,1.20654703877642,0.872493091617597,0.538439144458769,0.20438519729994,-0.129668749858887,-0.463722697017714,-0.79777664417654,-1.13183059133537,-1.46588453849419,-1.79993848565302,-2.13399243281185,-2.46804637997067,-2.46804637997067,-2.46804637997067,-2.46804637997067,-2.46804637997067,-2.46804637997067,-2.46804637997067,-2.46804637997067,-2.46804637997067,-2.46804637997067,-2.46804637997067,-2.46804637997067,-2.46804637997067,-2.46804637997067,-2.46804637997067,-2.46804637997067,-2.46804637997067,-2.46804637997067,-2.46804637997067,-2.46804637997067,-2.46804637997067,25.2968161562063,19.6523963620065,14.8590249045535,10.8493252475459,7.55592085468264,4.91143518966232,2.84849171618375,1.29971389794565,0.197725198646754,-0.524850918014151,-0.93539098833835,-1.10127154862707,-1.08986913518162,-0.968560284303207,-0.804721532293081,-0.665729415452558,-0.618960470082808,-0.731791232485174,-1.07159823896086,-1.70575802581113,-1.70575802581113,-1.70575802581113,-1.70575802581113,-1.70575802581113,-1.70575802581113,-1.70575802581113,-1.70575802581113,-1.70575802581113,-1.70575802581113,-1.70575802581113,-1.70575802581113,-1.70575802581113,-1.70575802581113,-1.70575802581113,-1.70575802581113,-1.70575802581113,-1.70575802581113,-1.70575802581113,-1.70575802581113,-1.70575802581113,5.71331018693953,5.13893909658686,4.5645680062342,3.99019691588154,3.41582582552887,2.84145473517621,2.26968784546401,1.71102637386355,1.16852338252213,0.644436950381529,0.146461298765427,-0.319356091309409,-0.739303331152177,-1.07953512564461,-1.30858477497467,-1.42800092380891,-1.46762094572228,-1.46426005992276,-1.44962075744849,-1.43893514036326,-1.43893514036326,-1.43893514036326,-1.43893514036326,-1.43893514036326,-1.43893514036326,-1.43893514036326,-1.43893514036326,-1.43893514036326,-1.43893514036326,-1.43893514036326,-1.43893514036326,-1.43893514036326,-1.43893514036326,-1.43893514036326,-1.43893514036326,-1.43893514036326,-1.43893514036326,-1.43893514036326,-1.43893514036326,-1.43893514036326,1,1,1,1,1,1,1,1,1,1,1,1,1,1,1,1,1,1,1,1,1,1,1,1,1,1,1,1,1,1,1,1,1,1,1,1,1,1,1,1
-2.07943198614351,1.02225784162378,-2.32076085053379,-1.42824045688443,-0.155925887489531,0.392367021091436,-0.199673629549811,-1.32233430295776,-0.879478954053222,0.456173793995688,0.806970823153397,-0.938621961327765,0.37013800737321,-0.474638395178594,0.279222518303534,1.1240636306239,-0.477162222838192,0.530007507727943,-2.22934017713752,0.326701260135092,0.614082245440708,0.753005434127321,2.5461443382316,-1.96931487449164,1.61425720193213,0.868387528685384,-0.0608151034882276,-0.141254164253013,-1.12641763450337,-1.98983012475673,0.370053673988881,0.303605313309857,0.745225385653052,-0.790468435029112,-1.30867781677569,-0.0193846346681692,-1.92101667721234,-1.49675923607623,1.54376454104218,-0.430516915135915,-2.06276744655102,-1.93048656861036,-1.79820569066969,-1.66592481272903,-1.53364393478836,-1.4013630568477,-1.26908217890703,-1.13680130096637,-1.00452042302571,-0.872239545085042,-0.739958667144379,-0.607677789203715,-0.475396911263051,-0.343116033322383,-0.210835155381723,-0.078554277441059,0.0537266004996049,0.186007478440272,0.318288356380936,0.450569234321602,0.450569234321602,0.450569234321602,0.450569234321602,0.450569234321602,0.450569234321602,0.450569234321602,0.450569234321602,0.450569234321602,0.450569234321602,0.450569234321602,0.450569234321602,0.450569234321602,0.450569234321602,0.450569234321602,0.450569234321602,0.450569234321602,0.450569234321602,0.450569234321602,0.450569234321602,0.450569234321602,-5.25173964687919,-4.39734702861918,-3.64433101935037,-2.98618300730269,-2.41639438070604,-1.92845652779033,-1.51586083678547,-1.17209869592136,-0.890661493427925,-0.665040617535073,-0.488727456472699,-0.355213398470719,-0.257989831759048,-0.190548144567593,-0.146379725126263,-0.118975961664949,-0.101828242413575,-0.0884279556020715,-0.0722664894603149,-0.0468352322182248,-0.0468352322182248,-0.0468352322182248,-0.0468352322182248,-0.0468352322182248,-0.0468352322182248,-0.0468352322182248,-0.0468352322182248,-0.0468352322182248,-0.0468352322182248,-0.0468352322182248,-0.0468352322182248,-0.0468352322182248,-0.0468352322182248,-0.0468352322182248,-0.0468352322182248,-0.0468352322182248,-0.0468352322182248,-0.0468352322182248,-0.0468352322182248,-0.0468352322182248,-3.00178482676585,-2.73329641317349,-2.46480799958112,-2.19631958598876,-1.9278311723964,-1.65934275880404,-1.39237258346605,-1.13592478061449,-0.905944619306077,-0.716684620572638,-0.571231543495417,-0.461220918568808,-0.374092733191741,-0.297547792841328,-0.220193388789051,-0.135356317392096,-0.0450342368369032,0.0446756293189221,0.131502929799842,0.217080472561046,0.217080472561046,0.217080472561046,0.217080472561046,0.217080472561046,0.217080472561046,0.217080472561046,0.217080472561046,0.217080472561046,0.217080472561046,0.217080472561046,0.217080472561046,0.217080472561046,0.217080472561046,0.217080472561046,0.217080472561046,0.217080472561046,0.217080472561046,0.217080472561046,0.217080472561046,0.217080472561046,1,1,1,1,1,1,1,1,1,1,1,1,1,1,1,1,1,1,1,1,1,1,1,1,1,1,1,1,1,1,1,1,1,1,1,1,1,1,1,1
-3.03961830212042,-1.11003355575628,1.93343902320877,-1.88470702277025,-0.747345547995204,-0.701579485283906,0.752643420099192,-1.61390152497882,-0.230043615017243,1.14277784465167,0.904065818339605,-2.19822150875615,3.73651585990114,0.855277581121163,-2.86789581944469,-0.362551272161323,0.0180883784649737,0.772339694032937,-0.116234221484154,-2.39703562241424,-0.938274083730713,-3.46260769425587,-1.0551690324269,-1.24689762323901,-0.543475524668644,1.57780392071833,-0.221635912133474,-0.980820735898973,0.608590321834056,2.34142727619493,-1.21016564317555,-2.17709551347904,-0.637445065039191,1.64303429090828,-1.75971357525922,-1.75066188622709,-0.811567360731846,0.830162029935785,-1.06301179060852,1.7051123169428,-1.72357708320069,-1.73408404843118,-1.74459101366166,-1.75509797889214,-1.76560494412263,-1.77611190935311,-1.78661887458359,-1.79712583981407,-1.80763280504455,-1.81813977027503,-1.82864673550551,-1.839153700736,-1.84966066596648,-1.86016763119696,-1.87067459642744,-1.88118156165792,-1.89168852688841,-1.90219549211889,-1.91270245734937,-1.92320942257985,-1.92320942257985,-1.92320942257985,-1.92320942257985,-1.92320942257985,-1.92320942257985,-1.92320942257985,-1.92320942257985,-1.92320942257985,-1.92320942257985,-1.92320942257985,-1.92320942257985,-1.92320942257985,-1.92320942257985,-1.92320942257985,-1.92320942257985,-1.92320942257985,-1.92320942257985,-1.92320942257985,-1.92320942257985,-1.92320942257985,11.4997537950588,7.20716425571577,3.82801500809239,1.26703824505331,-0.571033840536833,-1.78146905581337,-2.45953520791164,-2.70050010396701,-2.59963155111479,-2.25219735649035,-1.75346532722902,-1.19870327046617,-0.683178993337098,-0.302160302977166,-0.150915006521739,-0.32471091110615,-0.918815823865735,-2.0284975519358,-3.7490239024518,-6.17566268254895,-6.17566268254895,-6.17566268254895,-6.17566268254895,-6.17566268254895,-6.17566268254895,-6.17566268254895,-6.17566268254895,-6.17566268254895,-6.17566268254895,-6.17566268254895,-6.17566268254895,-6.17566268254895,-6.17566268254895,-6.17566268254895,-6.17566268254895,-6.17566268254895,-6.17566268254895,-6.17566268254895,-6.17566268254895,-6.17566268254895,-3.91200367105852,-3.71707354445254,-3.52214341784655,-3.32721329124055,-3.13228316463456,-2.93735303802858,-2.73196406279198,-2.4668193835751,-2.10097366028693,-1.63600937447187,-1.14228286683543,-0.747315895357483,-0.542512109449437,-0.523512982066169,-0.664542567653113,-0.994523980466047,-1.55503776776924,-2.34144020719403,-3.307139804119,-4.37316788597199,-4.37316788597199,-4.37316788597199,-4.37316788597199,-4.37316788597199,-4.37316788597199,-4.37316788597199,-4.37316788597199,-4.37316788597199,-4.37316788597199,-4.37316788597199,-4.37316788597199,-4.37316788597199,-4.37316788597199,-4.37316788597199,-4.37316788597199,-4.37316788597199,-4.37316788597199,-4.37316788597199,-4.37316788597199,-4.37316788597199,1,1,1,1,1,1,1,1,1,1,1,1,1,1,1,1,1,1,1,1,1,1,1,1,1,1,1,1,1,1,1,1,1,1,1,1,1,1,1,1
0.593144363427409,-0.372429731434916,0.288243014868017,0.174657000476183,0.511729321298002,0.141031621927842,1.76415852622624,-0.0755172557695509,1.85335409819939,-1.04717296038134,1.5900380448619,1.11786704713614,0.305222301933592,-0.552462857889745,-1.10641744441202,0.720253351805175,0.569608089957857,1.08100173656319,-0.275164758455933,2.55898540135891,-0.0072005659798613,-0.439563551423969,-1.10948670499377,-0.730636550953198,0.693910337288035,-0.415744969386767,-0.151498505126003,1.52942840930839,0.340702224462593,-0.565520474606894,-1.28833776741683,0.550807675226734,-0.197610125930296,-2.57520049344208,0.531160132246059,2.84287142019532,0.22397158189599,-0.0677852658677214,-1.16525305200377,2.08829520161253,0.678032686081076,0.675000446407916,0.671968206734755,0.668935967061595,0.665903727388434,0.662871487715275,0.659839248042113,0.656807008368952,0.653774768695792,0.650742529022631,0.647710289349471,0.64467804967631,0.641645810003149,0.638613570329992,0.635581330656828,0.632549090983668,0.629516851310507,0.62648461163735,0.623452371964186,0.620420132291029,0.620420132291029,0.620420132291029,0.620420132291029,0.620420132291029,0.620420132291029,0.620420132291029,0.620420132291029,0.620420132291029,0.620420132291029,0.620420132291029,0.620420132291029,0.620420132291029,0.620420132291029,0.620420132291029,0.620420132291029,0.620420132291029,0.620420132291029,0.620420132291029,0.620420132291029,0.620420132291029,-25.7698572392626,-18.0461204224158,-11.8260255076352,-6.96385252854019,-3.31388151874999,-0.730392511883946,0.932334458438621,1.82001935859838,2.07838215497603,1.85314281395225,1.2900213019077,0.534737585223095,-0.266988369720895,-0.969436596543591,-1.4268871288643,-1.49362000030237,-1.02391524447707,0.12794710499227,2.10768701448628,5.06102445038573,5.06102445038573,5.06102445038573,5.06102445038573,5.06102445038573,5.06102445038573,5.06102445038573,5.06102445038573,5.06102445038573,5.06102445038573,5.06102445038573,5.06102445038573,5.06102445038573,5.06102445038573,5.06102445038573,5.06102445038573,5.06102445038573,5.06102445038573,5.06102445038573,5.06102445038573,5.06102445038573,2.65152238037482,2.30573302899315,1.95994367761144,1.61415432622971,1.26836497484803,0.922575623466315,0.594748307697516,0.402268276897981,0.57010379954958,1.16403516069662,1.74215098501082,1.58665687753898,0.550609800491381,-0.599761565653434,-1.00529823502648,-0.613210858082924,0.0594911228725952,0.752687011660592,1.62033240810753,2.72716207853484,2.72716207853484,2.72716207853484,2.72716207853484,2.72716207853484,2.72716207853484,2.72716207853484,2.72716207853484,2.72716207853484,2.72716207853484,2.72716207853484,2.72716207853484,2.72716207853484,2.72716207853484,2.72716207853484,2.72716207853484,2.72716207853484,2.72716207853484,2.72716207853484,2.72716207853484,2.72716207853484,1,1,1,1,1,1,1,1,1,1,1,1,1,1,1,1,1,1,1,1,1,1,1,1,1,1,1,1,1,1,1,1,1,1,1,1,1,1,1,1
-1.34750739898652,-1.05967675564871,0.228092205518594,-0.244235742002858,-2.29282990060679,0.118852135832924,0.286392357204523,0.301774582435353,1.96912650473607,-1.34267692962784,-1.58442255390337,0.368075774099177,-0.727252514821066,2.45007929638254,3.23417776179475,-3.30873913861933,0.608529401111635,-0.437762475665672,0.997054019755815,-1.16022686959887,1.47606087844538,-0.677491485937098,-0.767628684335168,-0.260680611767395,-2.35285779418762,0.423759508209811,-2.72466174795259,-0.180493194060615,-0.978364905328437,2.46403561525663,0.147696465556118,-0.18077375691116,-0.70858736786341,-0.972551590678631,-1.74762734135121,-0.16057301418007,0.149003073151006,-0.154699778802431,-0.240156013189019,-1.09784510617984,0.546894811188991,0.577524449102483,0.608154087015975,0.638783724929468,0.669413362842961,0.700043000756453,0.730672638669946,0.761302276583436,0.791931914496928,0.82256155241042,0.853191190323914,0.883820828237406,0.914450466150898,0.94508010406439,0.975709741977884,1.00633937989137,1.03696901780487,1.06759865571836,1.09822829363185,1.12885793154534,1.12885793154534,1.12885793154534,1.12885793154534,1.12885793154534,1.12885793154534,1.12885793154534,1.12885793154534,1.12885793154534,1.12885793154534,1.12885793154534,1.12885793154534,1.12885793154534,1.12885793154534,1.12885793154534,1.12885793154534,1.12885793154534,1.12885793154534,1.12885793154534,1.12885793154534,1.12885793154534,-15.9740327968792,-11.3640321623869,-7.60501533132543,-4.61707697608185,-2.32031176904334,-0.634814382597064,0.519320510869832,1.22199823897019,1.55312412931687,1.5926035095227,1.42034170720054,1.11624404996323,0.760215865423636,0.432162481194583,0.211989224888931,0.179601424119522,0.414904406499199,0.997803499640822,2.00820403115722,3.52601132866125,3.52601132866125,3.52601132866125,3.52601132866125,3.52601132866125,3.52601132866125,3.52601132866125,3.52601132866125,3.52601132866125,3.52601132866125,3.52601132866125,3.52601132866125,3.52601132866125,3.52601132866125,3.52601132866125,3.52601132866125,3.52601132866125,3.52601132866125,3.52601132866125,3.52601132866125,3.52601132866125,-11.8721250685305,-9.79810340701724,-7.7240817455039,-5.65006008399062,-3.57603842247733,-1.50201676096405,0.482757253325747,1.93547558097695,2.42784289930256,1.99183217536691,1.14044212011622,0.434873496017117,0.129441744148016,0.20419808288892,0.537283466615838,0.986253607175103,1.39449960120089,1.57980544173603,1.40616589651281,0.948153164313952,0.948153164313952,0.948153164313952,0.948153164313952,0.948153164313952,0.948153164313952,0.948153164313952,0.948153164313952,0.948153164313952,0.948153164313952,0.948153164313952,0.948153164313952,0.948153164313952,0.948153164313952,0.948153164313952,0.948153164313952,0.948153164313952,0.948153164313952,0.948153164313952,0.948153164313952,0.948153164313952,1,1,1,1,1,1,1,1,1,1,1,1,1,1,1,1,1,1,1,1,1,1,1,1,1,1,1,1,1,1,1,1,1,1,1,1,1,1,1,1
-3.20566745923897,-0.0848826344352567,-0.640116006099266,-0.87063902223333,0.0181946030107323,0.46658293386769,-2.97959180505693,0.0681487295146717,1.20424112231992,2.25938794137341,-0.316240350134956,-0.168245412304554,-2.45769597132263,-0.0448633320088128,1.05670955524574,-0.641227137403005,-1.41165290120996,-1.20071176711035,0.473504493890026,2.14389904624433,0.744692626687751,0.080775671019726,-1.40235553352462,0.700259539289446,-1.05074079363562,-1.81434168078001,2.12166718882792,-0.582229503481825,3.90602432999651,-0.888896447885969,-0.0350971208669222,-1.94618720239446,0.956770632546728,-0.837283542824265,0.567895296542662,0.260230116943797,-0.697798503946016,-0.188274456932158,3.89596613873082,0.825608131141074,-2.24443943490508,-2.05223704565797,-1.86003465641087,-1.66783226716376,-1.47562987791666,-1.28342748866956,-1.09122509942245,-0.899022710175351,-0.706820320928244,-0.514617931681141,-0.322415542434038,-0.130213153186933,0.0619892360601675,0.254191625307277,0.446394014554379,0.638596403801481,0.830798793048587,1.02300118229569,1.21520357154279,1.4074059607899,1.4074059607899,1.4074059607899,1.4074059607899,1.4074059607899,1.4074059607899,1.4074059607899,1.4074059607899,1.4074059607899,1.4074059607899,1.4074059607899,1.4074059607899,1.4074059607899,1.4074059607899,1.4074059607899,1.4074059607899,1.4074059607899,1.4074059607899,1.4074059607899,1.4074059607899,1.4074059607899,12.4350923631048,8.04140503203402,4.58609958902366,1.97504781461065,0.114121489331856,-1.09080760627584,-1.73386769167555,-1.90918698633042,-1.71089370970357,-1.23311608125814,-0.569982320457211,0.184379353236077,0.935840720358541,1.59027356144711,2.05354965703864,2.23154078767,2.03011873387816,1.35515527619987,0.11252219517209,-1.79190872866841,-1.79190872866841,-1.79190872866841,-1.79190872866841,-1.79190872866841,-1.79190872866841,-1.79190872866841,-1.79190872866841,-1.79190872866841,-1.79190872866841,-1.79190872866841,-1.79190872866841,-1.79190872866841,-1.79190872866841,-1.79190872866841,-1.79190872866841,-1.79190872866841,-1.79190872866841,-1.79190872866841,-1.79190872866841,-1.79190872866841,-2.7175456240411,-2.55253544348751,-2.38752526293393,-2.22251508238035,-2.05750490182677,-1.89249472127318,-1.70943295367645,-1.43072451418204,-1.02669554886268,-0.54150998623782,-0.0293036654158421,0.470799562252639,0.901772685055462,1.19621302748638,1.33229608608769,1.33008999721974,1.18737717996542,0.877330655623219,0.414873190114136,-0.127786573449086,-0.127786573449086,-0.127786573449086,-0.127786573449086,-0.127786573449086,-0.127786573449086,-0.127786573449086,-0.127786573449086,-0.127786573449086,-0.127786573449086,-0.127786573449086,-0.127786573449086,-0.127786573449086,-0.127786573449086,-0.127786573449086,-0.127786573449086,-0.127786573449086,-0.127786573449086,-0.127786573449086,-0.127786573449086,-0.127786573449086,1,1,1,1,1,1,1,1,1,1,1,1,1,1,1,1,1,1,1,1,1,1,1,1,1,1,1,1,1,1,1,1,1,1,1,1,1,1,1,1
-1.52795529759645,1.71481536657809,0.92992205754637,1.52420810727575,-0.140382471411298,-0.441717804547996,1.63021993774303,-0.442814583671272,0.431161650818744,-1.35990399716391,1.32495740248379,-1.26009508674605,1.44975555159578,0.429663033808898,1.06187809633482,-2.09887702740768,-1.22635937493406,0.92893222487668,-0.215167458473678,-1.45837918576686,-0.400203848719025,-0.25172667817432,0.897000501277081,0.397230288736093,-0.382162278867293,-3.31715693474351,-0.5299465989144,0.607462283502775,3.0847154435674,-1.60330999243766,0.590794048733516,0.10641310881396,0.677645117383202,-0.367979111003885,0.398259753161721,-0.0919953870067296,-0.599926496548562,-0.989512008196712,-1.13448773647688,-0.727108727294384,-2.77957339848797,-2.63198949701896,-2.48440559554995,-2.33682169408095,-2.18923779261194,-2.04165389114294,-1.89406998967393,-1.74648608820493,-1.59890218673592,-1.45131828526692,-1.30373438379791,-1.1561504823289,-1.0085665808599,-0.860982679390894,-0.713398777921888,-0.565814876452883,-0.41823097498388,-0.270647073514873,-0.123063172045867,0.0245207294231395,0.0245207294231395,0.0245207294231395,0.0245207294231395,0.0245207294231395,0.0245207294231395,0.0245207294231395,0.0245207294231395,0.0245207294231395,0.0245207294231395,0.0245207294231395,0.0245207294231395,0.0245207294231395,0.0245207294231395,0.0245207294231395,0.0245207294231395,0.0245207294231395,0.0245207294231395,0.0245207294231395,0.0245207294231395,0.0245207294231395,8.71670627808306,5.58992103276801,3.07641036134715,1.11943111968113,-0.337759836369461,-1.35190565094399,-1.97974946818184,-2.27803443222237,-2.30350368720499,-2.11290037726905,-1.76296764655395,-1.31044863919906,-0.81208649934374,-0.324624371127408,0.0951946013106024,0.390627273830841,0.504930502294023,0.381361142560701,-0.036823949508447,-0.806367918052848,-0.806367918052848,-0.806367918052848,-0.806367918052848,-0.806367918052848,-0.806367918052848,-0.806367918052848,-0.806367918052848,-0.806367918052848,-0.806367918052848,-0.806367918052848,-0.806367918052848,-0.806367918052848,-0.806367918052848,-0.806367918052848,-0.806367918052848,-0.806367918052848,-0.806367918052848,-0.806367918052848,-0.806367918052848,-0.806367918052848,2.11668364841692,1.54923798116496,0.98179231391301,0.414346646661056,-0.153099020590899,-0.720544687842852,-1.2797186614501,-1.78428905988504,-2.15836839277119,-2.32367937472245,-2.24845086842337,-1.97736095377157,-1.59399748823583,-1.16701273560333,-0.743135069341449,-0.349168234620285,0.0243997806959761,0.407020350486055,0.806035600197859,1.20919402598211,1.20919402598211,1.20919402598211,1.20919402598211,1.20919402598211,1.20919402598211,1.20919402598211,1.20919402598211,1.20919402598211,1.20919402598211,1.20919402598211,1.20919402598211,1.20919402598211,1.20919402598211,1.20919402598211,1.20919402598211,1.20919402598211,1.20919402598211,1.20919402598211,1.20919402598211,1.20919402598211,1,1,1,1,1,1,1,1,1,1,1,1,1,1,1,1,1,1,1,1,1,1,1,1,1,1,1,1,1,1,1,1,1,1,1,1,1,1,1,1
0.762075223265501,-0.478768324709013,0.293358809635765,1.31137109795006,0.840206524083035,-0.0745549076944751,0.823524374877849,-0.268945823935058,-1.28714053290746,3.69531749962517,-0.0863574442846176,1.98482750393095,-0.817147059165734,0.991050824627088,0.715506367835493,-0.132741758279774,0.737720690535069,-0.141966993639816,0.116786466738569,1.86939373108247,0.188160111552737,0.095382440205622,2.15478754015674,-0.351565098551662,2.7076137336866,1.1672834060154,0.563300185371354,2.56446164347176,0.170543170242581,-1.78333270613022,0.259425628745239,-0.564095748500254,-2.74354062463789,3.11865747475422,-0.570990021856826,-0.865244426626223,2.78224775531031,1.00673743435538,3.56069760646522,-1.42645466370355,-0.162919094477544,-0.0778202994135668,0.00727849565041172,0.0923772907143894,0.177476085778369,0.262574880842347,0.347673675906327,0.432772470970304,0.51787126603428,0.602970061098262,0.688068856162237,0.773167651226219,0.858266446290195,0.943365241354172,1.02846403641815,1.11356283148213,1.19866162654611,1.28376042161009,1.36885921667406,1.45395801173804,1.45395801173804,1.45395801173804,1.45395801173804,1.45395801173804,1.45395801173804,1.45395801173804,1.45395801173804,1.45395801173804,1.45395801173804,1.45395801173804,1.45395801173804,1.45395801173804,1.45395801173804,1.45395801173804,1.45395801173804,1.45395801173804,1.45395801173804,1.45395801173804,1.45395801173804,1.45395801173804,14.5703949663699,9.59917391587912,5.74061777147348,2.87742549642253,0.892296053995811,-0.332071592537149,-0.9129784799068,-0.967725644843596,-0.613614124078017,0.0320550456595061,0.85198082763851,1.72886218512853,2.54539808139909,3.18428747971976,3.52822934336006,3.45992263558953,2.86206631967777,1.61735935889426,-0.391499283491466,-3.28181064420984,-3.28181064420984,-3.28181064420984,-3.28181064420984,-3.28181064420984,-3.28181064420984,-3.28181064420984,-3.28181064420984,-3.28181064420984,-3.28181064420984,-3.28181064420984,-3.28181064420984,-3.28181064420984,-3.28181064420984,-3.28181064420984,-3.28181064420984,-3.28181064420984,-3.28181064420984,-3.28181064420984,-3.28181064420984,-3.28181064420984,-3.34794949584456,-2.94369684505706,-2.53944419426954,-2.13519154348204,-1.73093889269453,-1.32668624190702,-0.915160211467299,-0.461657566748736,0.0644108523444267,0.668770350087708,1.33044449439942,1.99752596466978,2.57680990696455,2.9346092542917,2.93856549602262,2.53373633740906,1.77526095915651,0.770621228598545,-0.388330942691397,-1.62514938710087,-1.62514938710087,-1.62514938710087,-1.62514938710087,-1.62514938710087,-1.62514938710087,-1.62514938710087,-1.62514938710087,-1.62514938710087,-1.62514938710087,-1.62514938710087,-1.62514938710087,-1.62514938710087,-1.62514938710087,-1.62514938710087,-1.62514938710087,-1.62514938710087,-1.62514938710087,-1.62514938710087,-1.62514938710087,-1.62514938710087,1,1,1,1,1,1,1,1,1,1,1,1,0,0,0,0,1,1,1,1,1,1,1,1,1,1,1,1,1,1,1,1,1,1,1,1,1,1,1,1
0.364827845698032,-0.741004855955246,2.13804932883118,1.21342524197807,-1.11112981799469,-0.163382826677058,-0.0148055978213577,-2.05769996838938,-0.135362392493173,2.3389876037311,0.282374665333339,-1.00470139188192,-0.503990190205046,-2.77983712669345,0.32795308213163,0.445475930169849,-1.36250534909675,0.796020496293149,0.685143225194034,-1.94109799537729,2.11260903956769,1.14383270737545,-1.0156937144855,0.41862111959939,-0.21191751321302,-0.55725080832033,-1.92239967383142,0.187249032707506,-0.539708916632598,-1.02847873396718,1.33069520626552,-0.210627744016907,-1.23011901134942,-0.446466056212296,0.574156519902726,0.7087750643348,0.586600691052434,-0.326546422882895,-1.90963391937532,0.290793020424122,3.77336341560693,3.40669948853516,3.04003556146339,2.67337163439161,2.30670770731984,1.94004378024806,1.57337985317629,1.20671592610452,0.840051999032744,0.47338807196097,0.106724144889194,-0.259939782182578,-0.626603709254352,-0.993267636326129,-1.3599315633979,-1.72659549046967,-2.09325941754145,-2.45992334461322,-2.826587271685,-3.19325119875677,-3.19325119875677,-3.19325119875677,-3.19325119875677,-3.19325119875677,-3.19325119875677,-3.19325119875677,-3.19325119875677,-3.19325119875677,-3.19325119875677,-3.19325119875677,-3.19325119875677,-3.19325119875677,-3.19325119875677,-3.19325119875677,-3.19325119875677,-3.19325119875677,-3.19325119875677,-3.19325119875677,-3.19325119875677,-3.19325119875677,-6.24053592845548,-4.23062703158337,-2.58964067908814,-1.28860713495408,-0.29855666316544,0.409480472293506,0.864474007438494,1.09539367828526,1.13120922084953,1.00089037114704,0.733406865193531,0.357728439004733,-0.0971751714036255,-0.60233423001581,-1.12877900081608,-1.64753974778871,-2.12964673491796,-2.5461302261881,-2.8680204855834,-3.06634777708811,-3.06634777708811,-3.06634777708811,-3.06634777708811,-3.06634777708811,-3.06634777708811,-3.06634777708811,-3.06634777708811,-3.06634777708811,-3.06634777708811,-3.06634777708811,-3.06634777708811,-3.06634777708811,-3.06634777708811,-3.06634777708811,-3.06634777708811,-3.06634777708811,-3.06634777708811,-3.06634777708811,-3.06634777708811,-3.06634777708811,1.09832290401394,1.06746030643022,1.03659770884649,1.00573511126276,0.974872513679034,0.944009916095312,0.915896906020564,0.898703823874138,0.877041179836532,0.813895274277307,0.66946096943575,0.414819482960565,0.0499329694290989,-0.395845912563695,-0.895434195418323,-1.44032557574405,-2.02486581275857,-2.64561617568269,-3.30951408939803,-4.00952004748039,-4.00952004748039,-4.00952004748039,-4.00952004748039,-4.00952004748039,-4.00952004748039,-4.00952004748039,-4.00952004748039,-4.00952004748039,-4.00952004748039,-4.00952004748039,-4.00952004748039,-4.00952004748039,-4.00952004748039,-4.00952004748039,-4.00952004748039,-4.00952004748039,-4.00952004748039,-4.00952004748039,-4.00952004748039,-4.00952004748039,1,1,1,1,1,1,1,1,1,1,1,1,1,1,1,1,1,1,1,1,1,1,1,1,1,1,1,1,1,1,1,1,1,1,1,1,1,1,1,1
-1.20105008767568,0.861463048147163,1.63471171313151,-0.619913938705668,1.32987574653329,0.727538625185094,-0.799842603502794,1.25542279762123,-1.28933728777003,-0.24295051664083,-0.452039449434318,-2.63695699207299,3.20273890834211,-0.94564197577621,2.08285608646649,1.20576235328027,-1.77205618046301,0.557545204278741,0.612953414589803,-0.204298948741577,-0.921518681081359,-4.15789762675635,1.30591766306326,0.904417656793708,1.02508975904965,-1.82291910723375,-0.143229689812992,-0.509907700926631,-0.200165563703182,1.39365925305373,-0.713342995721057,2.15943807406398,0.332259761396159,-0.193904231944762,-1.79571060449895,-0.670330536970141,-0.84693263753547,0.128936895633775,-3.09331896465246,1.37676910462634,-1.23211492585256,-1.18390652630623,-1.1356981267599,-1.08748972721357,-1.03928132766724,-0.991072928120909,-0.942864528574576,-0.894656129028245,-0.846447729481916,-0.798239329935583,-0.750030930389253,-0.701822530842923,-0.653614131296592,-0.605405731750261,-0.557197332203929,-0.508988932657598,-0.460780533111265,-0.412572133564936,-0.364363734018605,-0.316155334472274,-0.316155334472274,-0.316155334472274,-0.316155334472274,-0.316155334472274,-0.316155334472274,-0.316155334472274,-0.316155334472274,-0.316155334472274,-0.316155334472274,-0.316155334472274,-0.316155334472274,-0.316155334472274,-0.316155334472274,-0.316155334472274,-0.316155334472274,-0.316155334472274,-0.316155334472274,-0.316155334472274,-0.316155334472274,-0.316155334472274,-16.7571092155711,-12.4142867736994,-8.85744027834955,-6.01479803144867,-3.81458833492384,-2.18503949070213,-1.05437980071063,-0.350837566876439,-0.0026410911266268,0.0619813246117058,-0.0851986215885159,-0.372409231654371,-0.727878807512953,-1.07983565109135,-1.35650806431667,-1.48612434911594,-1.3969128074163,-1.01710174114481,-0.274919452228577,0.901405757405346,0.901405757405346,0.901405757405346,0.901405757405346,0.901405757405346,0.901405757405346,0.901405757405346,0.901405757405346,0.901405757405346,0.901405757405346,0.901405757405346,0.901405757405346,0.901405757405346,0.901405757405346,0.901405757405346,0.901405757405346,0.901405757405346,0.901405757405346,0.901405757405346,0.901405757405346,0.901405757405346,-3.88616749640837,-3.40769418072683,-2.9292208650453,-2.45074754936377,-1.97227423368222,-1.49380091800069,-1.01603206067153,-0.573648564013022,-0.320267186435633,-0.370267314509212,-0.632655482613599,-0.911067624710538,-1.08341291173184,-1.12844687918955,-1.06713464104484,-0.921827183447268,-0.686880990404893,-0.335208995014998,0.130983803375821,0.661838450844805,0.661838450844805,0.661838450844805,0.661838450844805,0.661838450844805,0.661838450844805,0.661838450844805,0.661838450844805,0.661838450844805,0.661838450844805,0.661838450844805,0.661838450844805,0.661838450844805,0.661838450844805,0.661838450844805,0.661838450844805,0.661838450844805,0.661838450844805,0.661838450844805,0.661838450844805,0.661838450844805,1,1,1,1,1,1,1,1,1,1,1,1,1,1,1,1,1,1,1,1,1,1,1,1,1,1,1,1,1,1,1,1,1,1,1,1,1,1,1,1
-1.42258862063885,-2.2631634886895,2.04879066991985,-1.37296412952195,-0.686252368991959,-1.21897782751746,1.7169392453544,0.474546657993718,0.796279765074917,-1.22470306000854,-0.297503020368362,-0.493060256669457,0.228311720956643,3.21742608330428,1.07805412573905,1.23817385217808,-0.241839310143471,-0.614516303951371,0.229266724711707,-4.82826333462357,-1.21348359273477,-2.59273877895461,-0.755909469135826,0.224422727856469,-2.55452159697382,-1.14807362268298,1.4103063022754,1.98816467623969,0.147571032265649,-1.80209489395795,1.06863335523871,-2.77433879917111,2.2963013333206,1.90272865650185,0.0422223860252124,0.310863297784682,0.591550589080624,0.215183474101609,-2.74324942737373,1.43210507832627,5.73351537107586,5.34050364778218,4.94749192448849,4.55448020119481,4.16146847790113,3.76845675460745,3.37544503131376,2.98243330802008,2.5894215847264,2.19640986143271,1.80339813813903,1.41038641484535,1.01737469155166,0.62436296825798,0.231351244964298,-0.161660478329386,-0.554672201623069,-0.947683924916751,-1.34069564821043,-1.73370737150412,-1.73370737150412,-1.73370737150412,-1.73370737150412,-1.73370737150412,-1.73370737150412,-1.73370737150412,-1.73370737150412,-1.73370737150412,-1.73370737150412,-1.73370737150412,-1.73370737150412,-1.73370737150412,-1.73370737150412,-1.73370737150412,-1.73370737150412,-1.73370737150412,-1.73370737150412,-1.73370737150412,-1.73370737150412,-1.73370737150412,-14.0818476324145,-10.6771459812941,-7.64058780758614,-4.96646073124292,-2.6490523722169,-0.68265035046052,0.938457714073802,2.21998420143362,3.16764149166652,3.78714196482006,4.08419800094181,4.06452198007934,3.73382628228023,3.09782328759202,2.16222537606231,0.932744927738659,-0.58490567733136,-2.38501405910018,-4.46186783752023,-6.80975463254397,-6.80975463254397,-6.80975463254397,-6.80975463254397,-6.80975463254397,-6.80975463254397,-6.80975463254397,-6.80975463254397,-6.80975463254397,-6.80975463254397,-6.80975463254397,-6.80975463254397,-6.80975463254397,-6.80975463254397,-6.80975463254397,-6.80975463254397,-6.80975463254397,-6.80975463254397,-6.80975463254397,-6.80975463254397,-6.80975463254397,-6.16480947810187,-4.82660109331459,-3.48839270852727,-2.15018432373998,-0.811975938952687,0.526232445834607,1.82089612751725,2.85174871487432,3.3836781490342,3.38491873019386,3.07280357302661,2.70982448860827,2.37335307808223,1.96557408212959,1.39301512845289,0.644799528782892,-0.285286319606382,-1.44711084725813,-2.85886279443709,-4.43060884238139,-4.43060884238139,-4.43060884238139,-4.43060884238139,-4.43060884238139,-4.43060884238139,-4.43060884238139,-4.43060884238139,-4.43060884238139,-4.43060884238139,-4.43060884238139,-4.43060884238139,-4.43060884238139,-4.43060884238139,-4.43060884238139,-4.43060884238139,-4.43060884238139,-4.43060884238139,-4.43060884238139,-4.43060884238139,-4.43060884238139,1,1,1,1,1,1,1,1,1,1,1,1,1,1,1,1,1,1,1,1,1,1,1,1,1,1,1,1,1,1,1,1,1,1,1,1,1,1,1,1
0.959739407800868,1.56004934744171,-1.21409704042677,-1.60912081835769,-1.43196872593721,-0.55571508144716,-1.83143182198569,-0.586383586303807,1.52617466410272,-0.199366608993516,2.04680277089419,2.13676577139706,-0.607094764374505,1.44125915238267,-0.0721853084993018,-0.172641337440666,1.09493188687394,0.128006292858563,-1.71399774599134,1.11873120896875,0.585314178776967,-1.66960352004139,-1.37158230971553,-0.762759586657634,1.29181153732934,1.6845447851731,-0.703789003959773,-0.34461690107312,-0.236787463718342,-0.803253822108406,-1.65787486598125,-0.637284616219247,-0.23579808841499,-1.02397818654822,0.619495297551074,-0.588819219451022,-1.0142750013742,-1.4130769643543,-0.433628711651711,-0.219097148636935,0.214283289831899,0.118544818935104,0.0228063480383103,-0.0729321228584823,-0.168670593755276,-0.264409064652068,-0.360147535548863,-0.455886006445657,-0.551624477342449,-0.647362948239245,-0.743101419136035,-0.83883989003283,-0.934578360929624,-1.03031683182641,-1.12605530272321,-1.22179377362,-1.3175322445168,-1.41327071541359,-1.50900918631038,-1.60474765720718,-1.60474765720718,-1.60474765720718,-1.60474765720718,-1.60474765720718,-1.60474765720718,-1.60474765720718,-1.60474765720718,-1.60474765720718,-1.60474765720718,-1.60474765720718,-1.60474765720718,-1.60474765720718,-1.60474765720718,-1.60474765720718,-1.60474765720718,-1.60474765720718,-1.60474765720718,-1.60474765720718,-1.60474765720718,-1.60474765720718,-29.5396250564588,-21.038175777623,-14.1936394167776,-8.84637029553799,-4.83672273551969,-2.00505105833817,-0.19170958560894,0.762947361052551,1.01856546003083,0.73479038971038,0.0712678284757384,-0.812356545288537,-1.756437053198,-2.60132801686807,-3.18738375791427,-3.35495859795203,-2.9444068585969,-1.79608286146425,0.249659071830322,3.35246461967144,3.35246461967144,3.35246461967144,3.35246461967144,3.35246461967144,3.35246461967144,3.35246461967144,3.35246461967144,3.35246461967144,3.35246461967144,3.35246461967144,3.35246461967144,3.35246461967144,3.35246461967144,3.35246461967144,3.35246461967144,3.35246461967144,3.35246461967144,3.35246461967144,3.35246461967144,3.35246461967144,-9.92963488390852,-8.2612165007872,-6.59279811766582,-4.9243797345445,-3.25596135142319,-1.58754296830184,0.0558790350443559,1.40915270394861,1.69390722795764,0.5286020513987,-1.3406751495642,-2.79760407206761,-3.34327999373343,-3.09151161578118,-2.34202918358804,-1.35996444156758,-0.346380063714175,0.40809456356266,0.54121738137408,0.0910632511596923,0.0910632511596923,0.0910632511596923,0.0910632511596923,0.0910632511596923,0.0910632511596923,0.0910632511596923,0.0910632511596923,0.0910632511596923,0.0910632511596923,0.0910632511596923,0.0910632511596923,0.0910632511596923,0.0910632511596923,0.0910632511596923,0.0910632511596923,0.0910632511596923,0.0910632511596923,0.0910632511596923,0.0910632511596923,0.0910632511596923,1,1,1,1,1,1,1,1,1,1,1,1,0,0,1,1,1,1,1,1,1,1,1,1,1,1,1,1,1,1,1,1,1,1,1,1,1,1,1,1
1.63971672078991,-1.3163924870448,0.0565261754947874,2.41506050815962,-0.620803642257444,0.415995389846207,1.46287388913653,-0.255365506869106,-1.19561418079417,-2.47137862086299,0.658460509383085,-0.405948052189233,-1.95376182551119,1.59063173111831,1.10878333493294,-2.16003218637616,2.89015386406088,1.18436571149736,1.17160541521452,-0.680330762225074,1.08726937640716,-1.68546193857127,-2.69109511350151,1.66529684832217,-0.515682826331828,1.10539181217912,1.2497509362876,1.14912238589875,2.01269993323318,-0.794947474348611,0.236633814767472,-1.63502692971402,-0.999597068208939,2.30066139701383,-0.943441120290013,0.868263599803139,-2.20015336805427,1.27176155122932,-0.72384936942381,-1.48585526310285,-0.456649898630213,-0.407011696804511,-0.357373494978807,-0.307735293153105,-0.258097091327402,-0.208458889501701,-0.158820687675998,-0.109182485850296,-0.0595442840245912,-0.00990608219888856,0.0397321196268141,0.0893703214525168,0.139008523278219,0.188646725103922,0.238284926929625,0.287923128755327,0.337561330581028,0.387199532406733,0.436837734232435,0.486475936058138,0.486475936058138,0.486475936058138,0.486475936058138,0.486475936058138,0.486475936058138,0.486475936058138,0.486475936058138,0.486475936058138,0.486475936058138,0.486475936058138,0.486475936058138,0.486475936058138,0.486475936058138,0.486475936058138,0.486475936058138,0.486475936058138,0.486475936058138,0.486475936058138,0.486475936058138,0.486475936058138,22.4049952539226,16.249673477232,11.2124243812413,7.19227303824808,4.08824452054994,1.79936390044444,0.224656250229147,-0.73685335779837,-1.18613985134053,-1.22417815809979,-0.951943205778569,-0.470409922079302,0.119446765295624,0.716651928643698,1.22023064026259,1.52920797244976,1.54260899750282,1.15945878771937,0.278782415396973,-1.20039504716683,-1.20039504716683,-1.20039504716683,-1.20039504716683,-1.20039504716683,-1.20039504716683,-1.20039504716683,-1.20039504716683,-1.20039504716683,-1.20039504716683,-1.20039504716683,-1.20039504716683,-1.20039504716683,-1.20039504716683,-1.20039504716683,-1.20039504716683,-1.20039504716683,-1.20039504716683,-1.20039504716683,-1.20039504716683,-1.20039504716683,1.89588107207901,1.57039522540322,1.24490937872744,0.919423532051658,0.593937685375872,0.268451838700098,-0.0662639664529419,-0.415295813318371,-0.633273204018703,-0.589829283499487,-0.311558336212309,0.136881710816048,0.682393291118871,1.15314278081166,1.38215871298227,1.34202250359191,1.03672377316455,0.414562016827382,-0.507422874353855,-1.589145443197,-1.589145443197,-1.589145443197,-1.589145443197,-1.589145443197,-1.589145443197,-1.589145443197,-1.589145443197,-1.589145443197,-1.589145443197,-1.589145443197,-1.589145443197,-1.589145443197,-1.589145443197,-1.589145443197,-1.589145443197,-1.589145443197,-1.589145443197,-1.589145443197,-1.589145443197,-1.589145443197,1,1,1,1,1,1,1,1,1,1,1,1,1,1,1,1,1,1,1,1,1,1,1,1,1,1,1,1,1,1,1,1,1,1,1,1,1,1,1,1
-1.7769013886339,0.577708921073396,-0.252671001065904,-1.02764636879173,-0.123568264117297,-1.2341543094619,-0.757479482264333,1.14929786999161,-1.17545654304923,1.48166877953314,0.661723991694689,0.496049774199843,0.965504903272345,-1.41230585483104,-0.795492619672091,1.93489628919572,1.2976276796431,-0.139854767680381,-1.40114725906339,0.59067342182446,0.640851558572969,0.621014763981218,1.63350789598523,1.71970071271693,0.65185442716229,-2.15721891295108,0.251421304096738,1.02206631262183,-0.377382566838463,-0.0151391169591353,-0.855507329307786,1.35249479297336,-1.19712542662663,0.67388001462087,-1.45902819510693,-0.535148879494214,0.747486422541677,-0.442947535668734,-2.40801378198308,-1.22673008577003,0.773485733052838,0.614888143427573,0.456290553802308,0.297692964177045,0.139095374551783,-0.01950221507348,-0.178099804698746,-0.336697394324007,-0.495294983949274,-0.653892573574534,-0.812490163199797,-0.971087752825062,-1.12968534245033,-1.28828293207559,-1.44688052170085,-1.60547811132612,-1.76407570095138,-1.92267329057664,-2.08127088020191,-2.23986846982717,-2.23986846982717,-2.23986846982717,-2.23986846982717,-2.23986846982717,-2.23986846982717,-2.23986846982717,-2.23986846982717,-2.23986846982717,-2.23986846982717,-2.23986846982717,-2.23986846982717,-2.23986846982717,-2.23986846982717,-2.23986846982717,-2.23986846982717,-2.23986846982717,-2.23986846982717,-2.23986846982717,-2.23986846982717,-2.23986846982717,10.0267444594755,7.21688673778583,4.91306446080559,3.06717707789003,1.63112403839447,0.556804791674235,-0.203881212915368,-0.699034526019028,-0.976755698281428,-1.08514528034725,-1.07230382286119,-0.986331876467919,-0.875329991812114,-0.787398719538496,-0.770638610291726,-0.873150214716501,-1.1430340834575,-1.62839076715941,-2.37732081646691,-3.43792478202468,-3.43792478202468,-3.43792478202468,-3.43792478202468,-3.43792478202468,-3.43792478202468,-3.43792478202468,-3.43792478202468,-3.43792478202468,-3.43792478202468,-3.43792478202468,-3.43792478202468,-3.43792478202468,-3.43792478202468,-3.43792478202468,-3.43792478202468,-3.43792478202468,-3.43792478202468,-3.43792478202468,-3.43792478202468,-3.43792478202468,0.988108400313643,0.815779013503139,0.643449626692625,0.471120239882113,0.298790853071612,0.126461466261102,-0.0723068618023586,-0.402135085110272,-0.850480891029045,-1.24172489244611,-1.38736994657762,-1.24996913266176,-0.969281415399704,-0.725731626758936,-0.610880298247736,-0.676473558314505,-1.0212626973101,-1.69751335120264,-2.59839602873046,-3.56730220939164,-3.56730220939164,-3.56730220939164,-3.56730220939164,-3.56730220939164,-3.56730220939164,-3.56730220939164,-3.56730220939164,-3.56730220939164,-3.56730220939164,-3.56730220939164,-3.56730220939164,-3.56730220939164,-3.56730220939164,-3.56730220939164,-3.56730220939164,-3.56730220939164,-3.56730220939164,-3.56730220939164,-3.56730220939164,-3.56730220939164,1,1,1,1,1,1,1,1,1,1,1,1,1,1,1,1,1,1,1,1,1,1,1,1,1,1,1,1,1,1,1,1,1,1,1,1,1,1,1,1
-1.00635221464756,-2.38667321448905,4.14648245791752,0.85666918531209,0.281751963239054,-0.247615543340871,-1.19858272227201,-2.07383124762021,1.1957044197023,-0.442199377354816,1.62276289641773,0.221784512602458,-2.54309775459411,1.19200007742626,-0.572577780653349,-1.24234047167975,1.79609202852981,0.0966761706260773,-1.10157096746003,0.328915993453885,0.676525312566415,-2.62807030764893,1.34775539649521,-2.28569312695434,-1.02814894375422,-0.362534457940091,-1.51393944276408,-0.956512268026341,0.0109127404222278,0.140123429432105,2.12185791133924,-1.8517875273392,-0.537146364924082,0.520221263938959,-1.67279172887837,0.856713060162708,-1.30676616014928,-0.126446069041059,-0.052648599617795,-2.16742556409424,0.158044919581931,0.136169826581273,0.114294733580616,0.0924196405799593,0.0705445475793018,0.0486694545786444,0.0267943615779878,0.00491926857733027,-0.0169558244233254,-0.0388309174239865,-0.0607060104246422,-0.0825811034252979,-0.104456196425957,-0.126331289426615,-0.148206382427272,-0.170081475427928,-0.191956568428585,-0.213831661429241,-0.235706754429902,-0.257581847430558,-0.257581847430558,-0.257581847430558,-0.257581847430558,-0.257581847430558,-0.257581847430558,-0.257581847430558,-0.257581847430558,-0.257581847430558,-0.257581847430558,-0.257581847430558,-0.257581847430558,-0.257581847430558,-0.257581847430558,-0.257581847430558,-0.257581847430558,-0.257581847430558,-0.257581847430558,-0.257581847430558,-0.257581847430558,-0.257581847430558,-25.2094581151954,-18.2051976623357,-12.4978564589255,-7.96713949585297,-4.49275176400599,-1.95439825427258,-0.231783957540711,0.795386135301589,1.24740703336636,1.24457374576562,0.907181281611352,0.355524650015585,-0.2901011399097,-0.90940107905247,-1.38208015830073,-1.58784336854247,-1.40639570066564,-0.71744214555825,0.599312305891626,2.66416266279611,2.66416266279611,2.66416266279611,2.66416266279611,2.66416266279611,2.66416266279611,2.66416266279611,2.66416266279611,2.66416266279611,2.66416266279611,2.66416266279611,2.66416266279611,2.66416266279611,2.66416266279611,2.66416266279611,2.66416266279611,2.66416266279611,2.66416266279611,2.66416266279611,2.66416266279611,2.66416266279611,1.5952232477152,1.36590313492385,1.13658302213251,0.90726290934116,0.677942796549813,0.448622683758465,0.222197711432496,0.00974877261758245,-0.186590896804402,-0.356070078141771,-0.467999060810726,-0.501053938864628,-0.46153581146708,-0.363657270595972,-0.217003086155369,-0.0381562025797706,0.147747852963853,0.322453489931609,0.482507462208764,0.634145696932967,0.634145696932967,0.634145696932967,0.634145696932967,0.634145696932967,0.634145696932967,0.634145696932967,0.634145696932967,0.634145696932967,0.634145696932967,0.634145696932967,0.634145696932967,0.634145696932967,0.634145696932967,0.634145696932967,0.634145696932967,0.634145696932967,0.634145696932967,0.634145696932967,0.634145696932967,0.634145696932967,1,1,1,1,1,1,1,1,1,1,1,1,1,1,1,1,1,1,1,1,1,1,1,1,1,1,1,1,1,1,1,1,1,1,1,1,1,1,1,1
-1.35251183278801,2.83066845284533,0.693248378889269,0.0327867050618904,0.817143272829868,-2.86845957147128,0.900494815870946,0.954569432227524,0.720249095701966,0.248319637447691,-4.23894111400297,-1.67685031942737,-1.67875284506466,0.629908670898178,0.864650290459398,-3.24864948056589,2.02503217085821,-1.72393076650219,-0.262438933381958,2.06730625077275,0.406628026074722,2.04038168276539,2.06274600167711,0.515732759573742,2.50296671989517,-1.81539264222196,-0.160298194858065,-1.21034846874709,-0.0938600266505158,0.181124041814247,-0.349312140145511,-0.792000242167729,-1.16545921950633,-0.711029241925601,-1.05114406230917,1.43295990183242,-0.5053296292241,1.72051767024754,0.398356957666863,-0.755377973741197,-5.3406046853073,-5.00163365507156,-4.66266262483583,-4.3236915946001,-3.98472056436437,-3.64574953412863,-3.3067785038929,-2.96780747365716,-2.62883644342143,-2.2898654131857,-1.95089438294997,-1.61192335271424,-1.2729523224785,-0.93398129224277,-0.595010262007033,-0.256039231771302,0.0829317984644291,0.421902828700162,0.760873858935893,1.09984488917162,1.09984488917162,1.09984488917162,1.09984488917162,1.09984488917162,1.09984488917162,1.09984488917162,1.09984488917162,1.09984488917162,1.09984488917162,1.09984488917162,1.09984488917162,1.09984488917162,1.09984488917162,1.09984488917162,1.09984488917162,1.09984488917162,1.09984488917162,1.09984488917162,1.09984488917162,1.09984488917162,-26.7780809989447,-20.0300659187336,-14.5531723402156,-10.2224780118054,-6.91306068191736,-4.49999809896617,-2.85836801136636,-1.86324816753246,-1.38971631587907,-1.31285020482072,-1.50772758277199,-1.84942619814741,-2.21302379936155,-2.47359813482898,-2.50622695296424,-2.18598800218193,-1.38795903089656,0.0127822124773438,2.14115797952509,5.12209052183227,5.12209052183227,5.12209052183227,5.12209052183227,5.12209052183227,5.12209052183227,5.12209052183227,5.12209052183227,5.12209052183227,5.12209052183227,5.12209052183227,5.12209052183227,5.12209052183227,5.12209052183227,5.12209052183227,5.12209052183227,5.12209052183227,5.12209052183227,5.12209052183227,5.12209052183227,5.12209052183227,-4.9126963938725,-4.62213471468865,-4.3315730355048,-4.04101135632096,-3.75044967713711,-3.45988799795326,-3.17029960027918,-2.88616479204712,-2.61006045397137,-2.3376143865647,-2.05810063589415,-1.76024659722555,-1.43806387671884,-1.09215277191911,-0.726466638288603,-0.343721019932484,0.0564685279604475,0.474834149282451,0.908309425454549,1.34970455035536,1.34970455035536,1.34970455035536,1.34970455035536,1.34970455035536,1.34970455035536,1.34970455035536,1.34970455035536,1.34970455035536,1.34970455035536,1.34970455035536,1.34970455035536,1.34970455035536,1.34970455035536,1.34970455035536,1.34970455035536,1.34970455035536,1.34970455035536,1.34970455035536,1.34970455035536,1.34970455035536,1,1,1,1,1,1,1,1,1,1,1,1,1,1,1,1,1,1,1,1,1,1,1,1,1,1,1,1,1,1,1,1,1,1,1,1,1,1,1,1
0.159236690051822,0.137859386539602,-0.724039144892071,0.373403937263757,-0.426737229184895,2.47190136326963,-0.672586239995097,-2.78324067261154,-0.128270356075774,-0.104101923306647,-0.0916251460798172,0.249623374314776,-1.25936779734502,-0.505435138660999,0.59784965101249,2.24983604192621,1.01977609690506,-0.824666191459965,1.55744979529264,0.0559419891404538,2.07888498906999,2.92963531273716,0.665846493453598,1.33437104617242,-1.58679322907181,1.9603597726075,-0.987513053310202,2.26871200016688,0.0349769112651988,-1.44556182399737,0.495315445031602,-1.46234549259463,-2.72224585089192,-2.62078772480763,-1.49821565513238,-0.962015814198327,0.142182829766622,-0.848096611737706,-1.67734489522287,-0.0914096346908373,-2.87281844974135,-2.55673229105479,-2.24064613236823,-1.92455997368167,-1.60847381499511,-1.29238765630855,-0.97630149762199,-0.660215338935428,-0.344129180248871,-0.0280430215623113,0.288043137124248,0.604129295810811,0.92021545449737,1.23630161318393,1.55238777187049,1.86847393055705,2.18456008924361,2.50064624793017,2.81673240661673,3.13281856530329,3.13281856530329,3.13281856530329,3.13281856530329,3.13281856530329,3.13281856530329,3.13281856530329,3.13281856530329,3.13281856530329,3.13281856530329,3.13281856530329,3.13281856530329,3.13281856530329,3.13281856530329,3.13281856530329,3.13281856530329,3.13281856530329,3.13281856530329,3.13281856530329,3.13281856530329,3.13281856530329,25.8150716715097,18.8659635274984,13.1069129770565,8.44165965127566,4.77394318124736,2.00750319806315,0.0460793328145748,-1.20658878340681,-1.84676151950945,-1.97069924440181,-1.67466232699234,-1.0549111361895,-0.207706040901726,0.770692589962524,1.78402438749479,2.73602898278663,3.53044600692957,4.07101509101518,4.26147586613503,4.0055679633806,4.0055679633806,4.0055679633806,4.0055679633806,4.0055679633806,4.0055679633806,4.0055679633806,4.0055679633806,4.0055679633806,4.0055679633806,4.0055679633806,4.0055679633806,4.0055679633806,4.0055679633806,4.0055679633806,4.0055679633806,4.0055679633806,4.0055679633806,4.0055679633806,4.0055679633806,4.0055679633806,1.4084244879575,1.12437910639003,0.840333724822569,0.556288343255107,0.272242961687647,-0.0118024198798219,-0.291279581713012,-0.537668514750232,-0.696855252887948,-0.724093248789057,-0.61324411307524,-0.377886165939758,-0.019410113284982,0.464928500214539,1.05736648577345,1.72964546503718,2.46859105396737,3.26904463885227,4.1117240125955,4.97008607491027,4.97008607491027,4.97008607491027,4.97008607491027,4.97008607491027,4.97008607491027,4.97008607491027,4.97008607491027,4.97008607491027,4.97008607491027,4.97008607491027,4.97008607491027,4.97008607491027,4.97008607491027,4.97008607491027,4.97008607491027,4.97008607491027,4.97008607491027,4.97008607491027,4.97008607491027,4.97008607491027,1,1,1,1,1,1,1,1,1,1,1,1,1,1,1,1,1,1,0,1,1,1,1,1,1,1,1,1,1,1,1,1,1,1,1,1,1,1,1,1
-2.19859025436146,-0.122296519093751,0.537418650709946,0.225946640326965,-0.603756304410593,3.42135113155261,2.34728455603644,1.79528642314521,-3.41866337738928,-2.08275172548661,-1.14961577868861,1.51515029103741,1.914658391081,0.672966478120264,-2.01548534571467,0.464780495182685,1.21571452824479,2.60819067744057,0.66305230590509,2.04325125112906,2.5352003915727,0.449831285059325,-0.400717552406554,1.73381911658317,1.67175306622087,-0.533611516595496,0.32566431416193,1.42947693604117,-0.273635146318229,-1.49456208330039,2.69717677260672,1.80334079468474,0.416071872484469,2.01682440931595,-1.20071720820875,-1.11490767298559,1.36724201498938,-1.44358197964613,2.40694506724659,-0.753094671510114,4.27300635245957,3.99278339901165,3.71256044556374,3.43233749211582,3.15211453866791,2.87189158521999,2.59166863177208,2.31144567832416,2.03122272487624,1.75099977142833,1.47077681798041,1.1905538645325,0.910330911084582,0.630107957636667,0.349885004188753,0.0696620507408348,-0.210560902707078,-0.490783856154996,-0.771006809602909,-1.05122976305083,-1.05122976305083,-1.05122976305083,-1.05122976305083,-1.05122976305083,-1.05122976305083,-1.05122976305083,-1.05122976305083,-1.05122976305083,-1.05122976305083,-1.05122976305083,-1.05122976305083,-1.05122976305083,-1.05122976305083,-1.05122976305083,-1.05122976305083,-1.05122976305083,-1.05122976305083,-1.05122976305083,-1.05122976305083,-1.05122976305083,9.46232477241497,7.75730927380838,6.30349776500764,5.07946805613771,4.06379795732349,3.23506527868994,2.57184783036197,2.05272342246454,1.65626986512256,1.36106496846097,1.14568654260472,0.988712397678713,0.868720343807903,0.764288191117219,0.653993749731594,0.516414829775959,0.330129241375261,0.0737147946544088,-0.274250700261652,-0.735189433247978,-0.735189433247978,-0.735189433247978,-0.735189433247978,-0.735189433247978,-0.735189433247978,-0.735189433247978,-0.735189433247978,-0.735189433247978,-0.735189433247978,-0.735189433247978,-0.735189433247978,-0.735189433247978,-0.735189433247978,-0.735189433247978,-0.735189433247978,-0.735189433247978,-0.735189433247978,-0.735189433247978,-0.735189433247978,-0.735189433247978,5.72507759646261,5.25325529370302,4.78143299094343,4.30961068818383,3.83778838542424,3.36596608266465,2.89126213849769,2.4053607720137,1.92525808094489,1.48568163970103,1.10547302136374,0.779408165176482,0.500121160162145,0.274360226749389,0.115237278473723,0.0259300103360456,-0.0061794471412977,-0.00297828726855798,0.0149407384709672,0.0357476217864861,0.0357476217864861,0.0357476217864861,0.0357476217864861,0.0357476217864861,0.0357476217864861,0.0357476217864861,0.0357476217864861,0.0357476217864861,0.0357476217864861,0.0357476217864861,0.0357476217864861,0.0357476217864861,0.0357476217864861,0.0357476217864861,0.0357476217864861,0.0357476217864861,0.0357476217864861,0.0357476217864861,0.0357476217864861,0.0357476217864861,1,1,1,1,1,1,1,1,1,1,1,1,1,1,1,1,1,1,1,1,1,1,1,1,1,1,1,1,1,1,1,1,1,1,1,1,1,1,1,1
3.56913749846838,1.64215250364294,1.37400868128873,0.144928600792172,2.57623153745846,1.01204898750219,-1.80507503941176,-1.67171151941756,-1.33527149555891,-0.648528816812522,0.366755480971014,1.09778931889903,1.34216306843951,1.37179479031833,1.72841849331311,0.210987629632662,2.14582942152962,-1.11687063976944,2.23785105387133,-1.05835905998981,-1.25037179266689,0.887282035894968,-0.583308035734811,2.67077215965363,0.746123818615873,-0.282681464322069,3.07445138399146,1.51367600549574,-2.71749462573366,-0.679852719589745,0.444468352170507,0.388883463816342,0.73348901969829,0.027895405679061,-0.0253077613320425,0.46453207847444,-0.055966694822601,-0.913114007131835,-0.711667341285443,1.9885956566173,-2.08434725625439,-1.91342375773768,-1.74250025922097,-1.57157676070426,-1.40065326218755,-1.22972976367084,-1.05880626515413,-0.88788276663742,-0.716959268120709,-0.546035769603998,-0.375112271087287,-0.204188772570578,-0.0332652740538677,0.137658224462843,0.308581722979552,0.479505221496263,0.650428720012975,0.821352218529686,0.992275717046393,1.1631992155631,1.1631992155631,1.1631992155631,1.1631992155631,1.1631992155631,1.1631992155631,1.1631992155631,1.1631992155631,1.1631992155631,1.1631992155631,1.1631992155631,1.1631992155631,1.1631992155631,1.1631992155631,1.1631992155631,1.1631992155631,1.1631992155631,1.1631992155631,1.1631992155631,1.1631992155631,1.1631992155631,16.5440770512829,11.1097283465127,6.79453228324309,3.48785789542479,1.0790742170087,-0.542449718054332,-1.48734487581345,-1.86624222231778,-1.78977272361647,-1.36856734575866,-0.713257054793489,0.0655271832298627,0.857154402262314,1.55099363625467,2.03641391915781,2.2027842849226,1.93947376749992,1.13585140084057,-0.31871378110456,-2.53485274438462,-2.53485274438462,-2.53485274438462,-2.53485274438462,-2.53485274438462,-2.53485274438462,-2.53485274438462,-2.53485274438462,-2.53485274438462,-2.53485274438462,-2.53485274438462,-2.53485274438462,-2.53485274438462,-2.53485274438462,-2.53485274438462,-2.53485274438462,-2.53485274438462,-2.53485274438462,-2.53485274438462,-2.53485274438462,-2.53485274438462,-4.95129324302124,-4.33453593324517,-3.7177786234691,-3.10102131369303,-2.48426400391697,-1.86750669414089,-1.24690770902967,-0.610847891110197,0.0192102897387514,0.589736622909077,1.05354557785034,1.39082630393336,1.59637327676237,1.66077939621432,1.56778780872339,1.30457716370647,0.876241140734958,0.316147988838827,-0.321343796206838,-0.986798549462554,-0.986798549462554,-0.986798549462554,-0.986798549462554,-0.986798549462554,-0.986798549462554,-0.986798549462554,-0.986798549462554,-0.986798549462554,-0.986798549462554,-0.986798549462554,-0.986798549462554,-0.986798549462554,-0.986798549462554,-0.986798549462554,-0.986798549462554,-0.986798549462554,-0.986798549462554,-0.986798549462554,-0.986798549462554,-0.986798549462554,1,1,1,1,1,1,1,1,1,1,1,1,1,1,1,1,1,1,1,1,1,1,1,1,1,1,1,1,1,1,1,1,1,1,1,1,1,1,1,1
0.830778232953717,-1.15820579602109,2.15034125856546,0.300893572392254,2.37399223789102,-0.0928754479692158,0.0587952712111353,-1.93677153175726,1.43663821007254,-2.52296266148718,-0.803693125965484,-1.18849554872689,0.885155522154044,0.798440683904833,-1.082770607087,-1.18710500324501,-0.181144648083649,1.72246018747506,0.284950857945308,0.313425230524583,0.402213767598498,-1.15638647000789,-0.0988444633733785,-1.42112680818494,-1.64860948491999,0.0955165913167075,2.14603981434218,-0.935438472953726,2.44313093281399,0.907263620749051,-2.06075831098356,-0.116938328516044,1.56285505621402,-0.947794362902695,0.999497968672181,-1.85646704005185,4.14951563931285,1.69154363841955,-0.698998844046425,0.320400476500602,-2.74701152670441,-2.58644693990517,-2.42588235310594,-2.26531776630671,-2.10475317950748,-1.94418859270825,-1.78362400590902,-1.62305941910979,-1.46249483231055,-1.30193024551132,-1.14136565871209,-0.980801071912857,-0.820236485113629,-0.659671898314397,-0.49910731151517,-0.338542724715936,-0.177978137916702,-0.0174135511174693,0.143151035681761,0.30371562248099,0.30371562248099,0.30371562248099,0.30371562248099,0.30371562248099,0.30371562248099,0.30371562248099,0.30371562248099,0.30371562248099,0.30371562248099,0.30371562248099,0.30371562248099,0.30371562248099,0.30371562248099,0.30371562248099,0.30371562248099,0.30371562248099,0.30371562248099,0.30371562248099,0.30371562248099,0.30371562248099,-8.30421150493351,-6.21822260942014,-4.57037272730422,-3.31248992176618,-2.39640225598647,-1.77393779314552,-1.3969245964238,-1.21719072900174,-1.18656425405978,-1.25687323477838,-1.37994573433796,-1.50760981591898,-1.59169354270189,-1.58402497786714,-1.43643218459514,-1.10074322606638,-0.528786165461261,0.327610934039736,1.51662000925618,3.08641299700763,3.08641299700763,3.08641299700763,3.08641299700763,3.08641299700763,3.08641299700763,3.08641299700763,3.08641299700763,3.08641299700763,3.08641299700763,3.08641299700763,3.08641299700763,3.08641299700763,3.08641299700763,3.08641299700763,3.08641299700763,3.08641299700763,3.08641299700763,3.08641299700763,3.08641299700763,3.08641299700763,-1.0656837964913,-1.13358091605964,-1.20147803562798,-1.26937515519632,-1.33727227476467,-1.40516939433302,-1.46999284068178,-1.51927213062907,-1.54948897418845,-1.55850648821606,-1.53061969882489,-1.44525246776633,-1.29204011593796,-1.07094815977615,-0.785965786240645,-0.441972450004148,-0.044029422329416,0.399052842707059,0.871215676273232,1.35498677228179,1.35498677228179,1.35498677228179,1.35498677228179,1.35498677228179,1.35498677228179,1.35498677228179,1.35498677228179,1.35498677228179,1.35498677228179,1.35498677228179,1.35498677228179,1.35498677228179,1.35498677228179,1.35498677228179,1.35498677228179,1.35498677228179,1.35498677228179,1.35498677228179,1.35498677228179,1.35498677228179,1,1,1,1,1,1,1,1,1,1,1,1,1,1,1,1,1,1,1,1,1,1,1,1,1,1,1,1,1,1,1,1,1,1,1,1,1,1,1,1
2.79554005491337,-0.0587986873742095,-0.824305908094007,0.438344245896682,-1.03662761198721,0.698918811240445,1.08422184726457,-0.829475046970733,0.418373712440422,-0.107118778854094,-2.93489967563205,-2.38097511555601,1.27737954654558,2.6985402565599,-2.89475164878782,0.409427419086255,-1.1117281770888,0.758195591383622,-1.33201878432484,0.615398220800188,-0.144156665172122,1.57182494703088,0.673099569947828,1.49953287773069,1.09466699342959,-0.276771243378079,0.235562546089,-1.02565253035941,-0.751324993632542,-0.742239588519217,-0.0273198712620069,-0.728466739898726,-0.107318386918902,0.828545530774601,0.932871185900497,-0.0134023586730549,-0.867457142464877,-0.209890269935071,2.11645097150175,1.40966333527776,3.14067202914581,2.8471388834085,2.55360573767118,2.26007259193388,1.96653944619657,1.67300630045926,1.37947315472195,1.08594000898464,0.792406863247333,0.498873717510024,0.205340571772714,-0.0881925739645943,-0.381725719701901,-0.675258865439211,-0.968792011176522,-1.26232515691383,-1.55585830265114,-1.84939144838845,-2.14292459412576,-2.43645773986307,-2.43645773986307,-2.43645773986307,-2.43645773986307,-2.43645773986307,-2.43645773986307,-2.43645773986307,-2.43645773986307,-2.43645773986307,-2.43645773986307,-2.43645773986307,-2.43645773986307,-2.43645773986307,-2.43645773986307,-2.43645773986307,-2.43645773986307,-2.43645773986307,-2.43645773986307,-2.43645773986307,-2.43645773986307,-2.43645773986307,14.3367468298156,11.6653697387596,9.28275412209781,7.17561157596782,5.33065369650704,3.73459207985292,2.37413832214291,1.23600401951446,0.306900768105031,-0.426459835947934,-0.97736619650699,-1.35910671743468,-1.58496980259355,-1.66824385584616,-1.62221728105505,-1.46017848208278,-1.19541586279189,-0.841217827044934,-0.410872778704462,0.0823308783669852,0.0823308783669852,0.0823308783669852,0.0823308783669852,0.0823308783669852,0.0823308783669852,0.0823308783669852,0.0823308783669852,0.0823308783669852,0.0823308783669852,0.0823308783669852,0.0823308783669852,0.0823308783669852,0.0823308783669852,0.0823308783669852,0.0823308783669852,0.0823308783669852,0.0823308783669852,0.0823308783669852,0.0823308783669852,0.0823308783669852,5.59224964609182,4.95196262085567,4.31167559561952,3.67138857038337,3.03110154514722,2.39081451991107,1.75668957747306,1.15705833926641,0.613489223863811,0.133464393684237,-0.276530915215293,-0.611008253715488,-0.876288828551141,-1.08653444795137,-1.24563446645217,-1.34258472377021,-1.36981030267661,-1.34024090634089,-1.28096350008193,-1.21339247425005,-1.21339247425005,-1.21339247425005,-1.21339247425005,-1.21339247425005,-1.21339247425005,-1.21339247425005,-1.21339247425005,-1.21339247425005,-1.21339247425005,-1.21339247425005,-1.21339247425005,-1.21339247425005,-1.21339247425005,-1.21339247425005,-1.21339247425005,-1.21339247425005,-1.21339247425005,-1.21339247425005,-1.21339247425005,-1.21339247425005,1,1,1,1,1,0,1,1,1,1,1,1,1,1,1,1,1,1,1,1,1,1,1,1,1,1,1,1,1,1,1,1,1,1,1,1,1,1,1,1
-0.0871445587406825,0.777295398528539,-0.74547809166242,0.762544188587835,0.199640157726946,-0.402487056830928,1.49125087726734,0.52825307540439,-0.689973256835826,0.77623500502048,-1.45092790681933,-0.16196309421375,2.99657629314815,-2.12148952531465,-1.68012297846321,-2.77936356660571,-0.986450120972345,1.01029464555247,-1.57910229684103,0.285956890144815,-0.17455800334006,-0.79611931497401,1.63277698218689,-0.863987923061654,-0.623413648193333,-0.177066693795251,1.31813859004368,0.795653888965127,-0.421073941216761,0.213232003096826,0.264727287207064,-0.445957404796903,1.56648064344918,0.161675558552082,-0.462466530910957,1.39985349801887,0.731543027308909,-0.703912017753822,-2.41827797455661,-0.0695295833462328,2.24543779143168,2.06235231328195,1.87926683513222,1.69618135698249,1.51309587883276,1.33001040068303,1.1469249225333,0.963839444383574,0.780753966233842,0.597668488084112,0.414583009934383,0.231497531784653,0.0484120536349231,-0.134673424514807,-0.317758902664536,-0.500844380814266,-0.683929858963998,-0.867015337113726,-1.05010081526346,-1.23318629341319,-1.23318629341319,-1.23318629341319,-1.23318629341319,-1.23318629341319,-1.23318629341319,-1.23318629341319,-1.23318629341319,-1.23318629341319,-1.23318629341319,-1.23318629341319,-1.23318629341319,-1.23318629341319,-1.23318629341319,-1.23318629341319,-1.23318629341319,-1.23318629341319,-1.23318629341319,-1.23318629341319,-1.23318629341319,-1.23318629341319,17.8761897847626,14.1463703807171,10.9135386801443,8.14530231253963,5.80926890739835,3.87304609421593,2.30424150248772,1.07046276170913,0.139317501375549,-0.521586649017628,-0.944642059975022,-1.16224110200125,-1.20677614560089,-1.11063956127859,-0.90622371953893,-0.625920990886542,-0.302123745826004,0.0327756451380363,0.346384811500997,0.606311382758236,0.606311382758236,0.606311382758236,0.606311382758236,0.606311382758236,0.606311382758236,0.606311382758236,0.606311382758236,0.606311382758236,0.606311382758236,0.606311382758236,0.606311382758236,0.606311382758236,0.606311382758236,0.606311382758236,0.606311382758236,0.606311382758236,0.606311382758236,0.606311382758236,0.606311382758236,0.606311382758236,8.28570467381888,7.24094190003002,6.19617912624115,5.1514163524523,4.10665357866344,3.06189080487457,2.02759509353372,1.0569261179874,0.217266799054963,-0.424380462661507,-0.824561322221724,-0.999958534838589,-1.01565547372277,-0.931596485632936,-0.7814356107584,-0.587744437114846,-0.364532044253002,-0.112322276740533,0.168873860203901,0.467536449568165,0.467536449568165,0.467536449568165,0.467536449568165,0.467536449568165,0.467536449568165,0.467536449568165,0.467536449568165,0.467536449568165,0.467536449568165,0.467536449568165,0.467536449568165,0.467536449568165,0.467536449568165,0.467536449568165,0.467536449568165,0.467536449568165,0.467536449568165,0.467536449568165,0.467536449568165,0.467536449568165,1,1,1,1,1,1,1,1,1,1,1,1,1,1,1,1,1,1,1,1,1,1,1,1,1,1,1,1,1,1,1,1,1,1,1,1,1,1,1,1
-0.709762738285308,1.48181869543671,-0.235976660309041,0.99467869133379,0.256687511973142,1.07754066973435,0.506796698201945,0.677568286596537,3.10925487115498,1.42779315217436,-1.0035238195319,-1.5634593399008,2.59486280811037,-0.999021391528515,0.135250392108123,-1.68873893151971,-2.31584174847514,-0.459678172662869,1.1470559623692,1.03330637690541,1.15073988189483,1.97774873386582,1.54971839350404,2.21045065243834,0.582931361884629,0.533688721300138,-1.3247276207453,2.76333664873549,0.279601624861719,-0.181429255907727,3.42323259363692,0.15547062106552,-0.133173167546596,-0.880261061841344,0.922323154381372,0.0736096409186349,-1.1489859076491,0.559824271566104,1.78505080078634,-0.498154479325624,4.59658536607499,4.24873056099285,3.90087575591071,3.55302095082856,3.20516614574642,2.85731134066428,2.50945653558214,2.16160173049999,1.81374692541785,1.46589212033571,1.11803731525357,0.770182510171422,0.42232770508928,0.0744729000071356,-0.273381905075006,-0.621236710157149,-0.969091515239292,-1.31694632032143,-1.66480112540358,-2.01265593048572,-2.01265593048572,-2.01265593048572,-2.01265593048572,-2.01265593048572,-2.01265593048572,-2.01265593048572,-2.01265593048572,-2.01265593048572,-2.01265593048572,-2.01265593048572,-2.01265593048572,-2.01265593048572,-2.01265593048572,-2.01265593048572,-2.01265593048572,-2.01265593048572,-2.01265593048572,-2.01265593048572,-2.01265593048572,-2.01265593048572,22.0306854481411,17.7486620156966,14.0122620682758,10.7866973612105,8.03717964983237,5.72892068947325,3.82713223546486,2.29702604313898,1.10381386782739,0.212707464861811,-0.411081410425957,-0.802341002704184,-0.99585955664109,-1.0264253169049,-0.928826528163874,-0.737851435086258,-0.488288282340266,-0.214925314594161,0.0474492234838593,0.264047087225499,0.264047087225499,0.264047087225499,0.264047087225499,0.264047087225499,0.264047087225499,0.264047087225499,0.264047087225499,0.264047087225499,0.264047087225499,0.264047087225499,0.264047087225499,0.264047087225499,0.264047087225499,0.264047087225499,0.264047087225499,0.264047087225499,0.264047087225499,0.264047087225499,0.264047087225499,0.264047087225499,6.87675742419261,6.30230518780108,5.72785295140959,5.1534007150181,4.5789484786266,4.00449624223511,3.41000102959984,2.70540603759982,1.85186721155047,0.951027108243256,0.146694895060916,-0.483228237580157,-0.847706616077311,-0.852277726342036,-0.623604408109616,-0.475561245329045,-0.541319522788845,-0.694215723733347,-0.836598123860252,-0.984285660537722,-0.984285660537722,-0.984285660537722,-0.984285660537722,-0.984285660537722,-0.984285660537722,-0.984285660537722,-0.984285660537722,-0.984285660537722,-0.984285660537722,-0.984285660537722,-0.984285660537722,-0.984285660537722,-0.984285660537722,-0.984285660537722,-0.984285660537722,-0.984285660537722,-0.984285660537722,-0.984285660537722,-0.984285660537722,-0.984285660537722,1,1,1,1,1,1,0,0,1,1,1,1,1,1,1,1,1,1,1,1,1,1,1,1,1,1,1,1,1,1,1,1,1,1,1,1,1,1,1,1
1.27329163082185,0.015168918454417,-0.478879184147985,1.62288000347216,2.0342480614776,1.55138654827209,0.64361165457739,1.43064127571667,-0.625952462720715,-0.0468121336196798,1.48761778736884,0.0828012063144072,0.686393628800436,-2.36817577308594,3.04669105638515,2.78544762593122,-1.01233601012726,2.41718375638898,-0.220304957314339,0.735121069714484,2.62671400202457,-1.68016755290551,-3.32150462643408,-0.0820376006243713,2.33921838830144,0.830191005098854,3.8167012093577,1.42869451046518,-0.374740709724541,-1.84138451904838,1.43549590766104,-0.81169456845088,1.30258632995249,0.562282953458407,1.77950941151328,-1.72322464645008,-0.450161207575757,0.324606454793473,2.42826573478752,0.86675188597534,-0.892173756805507,-0.75601539287407,-0.619857028942632,-0.483698665011196,-0.347540301079757,-0.211381937148322,-0.075223573216884,0.0609347907145548,0.197093154645991,0.333251518577425,0.469409882508865,0.605568246440303,0.741726610371737,0.877884974303177,1.01404333823461,1.15020170216605,1.28636006609749,1.42251843002892,1.55867679396036,1.6948351578918,1.6948351578918,1.6948351578918,1.6948351578918,1.6948351578918,1.6948351578918,1.6948351578918,1.6948351578918,1.6948351578918,1.6948351578918,1.6948351578918,1.6948351578918,1.6948351578918,1.6948351578918,1.6948351578918,1.6948351578918,1.6948351578918,1.6948351578918,1.6948351578918,1.6948351578918,1.6948351578918,-17.434175666317,-12.2329115212855,-8.06740385696257,-4.83281373367309,-2.42430221174195,-0.737030351493994,0.333840786745915,0.893150142652908,1.04573665590213,0.896439266168729,0.550096913127843,0.111548536454597,-0.314366924175861,-0.622810529088396,-0.708943338607884,-0.467926413059129,0.205079187232927,1.41491240194348,3.26641217074764,5.86441743332058,5.86441743332058,5.86441743332058,5.86441743332058,5.86441743332058,5.86441743332058,5.86441743332058,5.86441743332058,5.86441743332058,5.86441743332058,5.86441743332058,5.86441743332058,5.86441743332058,5.86441743332058,5.86441743332058,5.86441743332058,5.86441743332058,5.86441743332058,5.86441743332058,5.86441743332058,5.86441743332058,-0.79105283060661,-0.575237246557401,-0.359421662508173,-0.14360607845895,0.0722095055902647,0.288025089639484,0.486454752989206,0.57994919596521,0.485957871573195,0.23850086754911,-0.0455456291733558,-0.288506965057991,-0.430316179840554,-0.360237018741119,-0.0103187090274108,0.565200780772592,1.29198693774638,2.14298956453226,3.07263435337552,4.01879707589061,4.01879707589061,4.01879707589061,4.01879707589061,4.01879707589061,4.01879707589061,4.01879707589061,4.01879707589061,4.01879707589061,4.01879707589061,4.01879707589061,4.01879707589061,4.01879707589061,4.01879707589061,4.01879707589061,4.01879707589061,4.01879707589061,4.01879707589061,4.01879707589061,4.01879707589061,4.01879707589061,1,1,1,1,1,1,1,1,1,1,1,1,1,1,1,1,1,1,1,0,0,0,0,0,0,0,0,0,0,0,0,0,0,0,0,0,0,0,0,0
1.07677960442091,1.84560256222537,1.48599982441835,-0.0334123122372594,0.352195370272347,-1.32674563768634,0.441627279766479,0.745197041687881,-3.69225268365184,1.9378974346328,-0.372737670097495,-3.00610325673341,1.18692647859681,-2.24192716012906,-0.808860462423189,-0.297982604545339,-0.0133261436021783,-0.30516365718238,0.0396832483199319,1.61197801165985,1.80514840172669,1.37613646085867,1.02682216700688,-1.87907521555229,0.799145156001915,-0.702377336324925,-0.452871782923209,2.28104959694249,-1.87759108409574,1.69903059525772,0.60554460796603,1.15631125190591,0.780647138501696,-0.595900766000668,-1.76057623377444,2.47882853272435,0.465007943246219,1.73129218994652,1.79842929329185,0.273920305810703,-2.98637600835906,-2.81386886652461,-2.64136172469017,-2.46885458285573,-2.29634744102129,-2.12384029918685,-1.95133315735241,-1.77882601551797,-1.60631887368353,-1.43381173184909,-1.26130459001465,-1.08879744818021,-0.916290306345767,-0.743783164511326,-0.571276022676885,-0.398768880842445,-0.226261739008002,-0.0537545971735618,0.118752544660879,0.291259686495321,0.291259686495321,0.291259686495321,0.291259686495321,0.291259686495321,0.291259686495321,0.291259686495321,0.291259686495321,0.291259686495321,0.291259686495321,0.291259686495321,0.291259686495321,0.291259686495321,0.291259686495321,0.291259686495321,0.291259686495321,0.291259686495321,0.291259686495321,0.291259686495321,0.291259686495321,0.291259686495321,-34.0470889935695,-25.6117781861375,-18.6319548590669,-12.978886851709,-8.52384200341493,-5.13808815353591,-2.6928931414231,-1.0595248064277,-0.109250987900914,0.286660474806137,0.256941742342216,-0.0696750246438533,-0.564457665503236,-1.09867401958716,-1.54359192624673,-1.77047922483324,-1.6506037546978,-1.0552333551916,0.144364134334175,2.07692087452829,2.07692087452829,2.07692087452829,2.07692087452829,2.07692087452829,2.07692087452829,2.07692087452829,2.07692087452829,2.07692087452829,2.07692087452829,2.07692087452829,2.07692087452829,2.07692087452829,2.07692087452829,2.07692087452829,2.07692087452829,2.07692087452829,2.07692087452829,2.07692087452829,2.07692087452829,2.07692087452829,-4.54377671833272,-4.16113585498652,-3.77849499164031,-3.39585412829411,-3.01321326494791,-2.63057240160171,-2.25075993908561,-1.88674935886528,-1.54876610407438,-1.24286324753481,-0.976524377571074,-0.756524727606747,-0.585124552763475,-0.460594014017007,-0.377006829190941,-0.322597094200582,-0.279714774998165,-0.227108403029785,-0.149353340394672,-0.0504071669579087,-0.0504071669579087,-0.0504071669579087,-0.0504071669579087,-0.0504071669579087,-0.0504071669579087,-0.0504071669579087,-0.0504071669579087,-0.0504071669579087,-0.0504071669579087,-0.0504071669579087,-0.0504071669579087,-0.0504071669579087,-0.0504071669579087,-0.0504071669579087,-0.0504071669579087,-0.0504071669579087,-0.0504071669579087,-0.0504071669579087,-0.0504071669579087,-0.0504071669579087,1,1,1,1,1,1,1,1,1,1,1,1,1,1,1,1,1,1,1,1,1,1,1,1,1,1,1,1,1,1,1,1,1,1,1,1,1,1,1,1
1.39727894039984,0.596503249639041,1.96565586491114,1.19025140748535,-1.57667070972941,0.248798207041441,0.560313404453215,-1.96097518424893,1.14679603499833,-0.951308996448038,-0.361331733979302,-0.775906090139372,2.17850645928141,0.224317668987158,0.260785523841594,-1.7868957258972,2.51219451291626,1.05345490554249,-0.645070199963822,1.79808936045501,0.82800183605171,-1.77814556713692,-0.837410919105237,1.29653317561247,-2.51323176441061,0.206568763941704,0.374201109157998,1.55963948578823,-0.441586272087951,-0.974205089116161,1.28964593685883,0.946994371601116,1.29662544545406,-3.08494879298472,1.41466703810941,-0.00629590221574539,0.141561511902443,0.895775932501095,-4.45391572345044,-0.906576861905833,-1.62827733842374,-1.51808091315617,-1.4078844878886,-1.29768806262102,-1.18749163735345,-1.07729521208588,-0.967098786818306,-0.856902361550734,-0.746705936283162,-0.636509511015587,-0.526313085748015,-0.416116660480442,-0.30592023521287,-0.195723809945298,-0.0855273846777269,0.0246690405898473,0.13486546585742,0.245061891124992,0.355258316392565,0.465454741660135,0.465454741660135,0.465454741660135,0.465454741660135,0.465454741660135,0.465454741660135,0.465454741660135,0.465454741660135,0.465454741660135,0.465454741660135,0.465454741660135,0.465454741660135,0.465454741660135,0.465454741660135,0.465454741660135,0.465454741660135,0.465454741660135,0.465454741660135,0.465454741660135,0.465454741660135,0.465454741660135,-0.913319695330014,-1.05248169700232,-1.14372245359643,-1.19095199631604,-1.19808035636481,-1.16901756494642,-1.10767365326455,-1.01795865252289,-0.903782593925097,-0.769055508674876,-0.617687427975872,-0.453588383031773,-0.280668405046285,-0.102837525223054,0.0759942252342363,0.251916815121907,0.421020213236265,0.579394388373641,0.723129309330343,0.848314944902747,0.848314944902747,0.848314944902747,0.848314944902747,0.848314944902747,0.848314944902747,0.848314944902747,0.848314944902747,0.848314944902747,0.848314944902747,0.848314944902747,0.848314944902747,0.848314944902747,0.848314944902747,0.848314944902747,0.848314944902747,0.848314944902747,0.848314944902747,0.848314944902747,0.848314944902747,0.848314944902747,3.97196631450314,3.1963580142326,2.42074971396203,1.64514141369148,0.869533113420918,0.0939248131503598,-0.645426340876283,-1.18160342877224,-1.39599200104583,-1.30571449929902,-1.0137524526951,-0.667817211557514,-0.422829266660228,-0.317604012122601,-0.195932362195775,0.118926823135219,0.565720974934314,0.882800915949478,0.904902496712158,0.71545038565576,0.71545038565576,0.71545038565576,0.71545038565576,0.71545038565576,0.71545038565576,0.71545038565576,0.71545038565576,0.71545038565576,0.71545038565576,0.71545038565576,0.71545038565576,0.71545038565576,0.71545038565576,0.71545038565576,0.71545038565576,0.71545038565576,0.71545038565576,0.71545038565576,0.71545038565576,0.71545038565576,1,1,1,1,1,1,1,1,1,1,1,1,1,1,1,1,1,1,1,1,1,1,1,1,1,1,1,1,1,1,1,1,1,1,1,1,1,1,1,1
-0.0533781816362437,0.154672788553196,-0.967620511965741,0.908597877159764,2.35492437940198,-0.285217724316431,0.277579407318136,2.16411376318614,2.07793026795465,0.643471248385977,-0.265910438845152,0.744122375271891,-1.83035975411875,-1.09176111286696,-0.370911723427428,-0.740646922969754,-1.5211903639445,0.825206807468767,2.27303011135991,-0.158243672770681,-0.543040030796748,1.05447518392671,0.547927201805965,-0.881605014176028,-0.914771533532303,-1.77540719594555,0.769552019835752,0.689961372870442,-0.845589507434019,0.938004426826875,2.13741501373428,2.53555693057291,-1.48649510036574,-0.486315826438259,0.270738737677023,-0.0443632033457444,1.77252402639562,-0.146195302671861,-0.514736604470158,0.0761391577734045,1.35594958099571,1.24180697417927,1.12766436736282,1.01352176054638,0.89937915372994,0.785236546913498,0.671093940097055,0.556951333280614,0.442808726464172,0.32866611964773,0.214523512831288,0.100380906014845,-0.0137617008015951,-0.127904307618037,-0.24204691443448,-0.356189521250922,-0.470332128067366,-0.584474734883806,-0.698617341700247,-0.812759948516687,-0.812759948516687,-0.812759948516687,-0.812759948516687,-0.812759948516687,-0.812759948516687,-0.812759948516687,-0.812759948516687,-0.812759948516687,-0.812759948516687,-0.812759948516687,-0.812759948516687,-0.812759948516687,-0.812759948516687,-0.812759948516687,-0.812759948516687,-0.812759948516687,-0.812759948516687,-0.812759948516687,-0.812759948516687,-0.812759948516687,-21.4714647537248,-14.7306097085812,-9.36002782352087,-5.22367715579255,-2.18551576264494,-0.109501701326737,1.14040697091333,1.70025219682655,1.70607591916422,1.29392008067761,0.59982662411803,-0.240162507763259,-1.09000537221497,-1.81366002648576,-2.27508452782443,-2.33823693347964,-1.86707530070011,-0.725557686734531,1.22235785116833,4.11271325575978,4.11271325575978,4.11271325575978,4.11271325575978,4.11271325575978,4.11271325575978,4.11271325575978,4.11271325575978,4.11271325575978,4.11271325575978,4.11271325575978,4.11271325575978,4.11271325575978,4.11271325575978,4.11271325575978,4.11271325575978,4.11271325575978,4.11271325575978,4.11271325575978,4.11271325575978,4.11271325575978,3.40557545375496,3.00158071896469,2.59758598417442,2.19359124938415,1.78959651459388,1.38560177980361,0.989726015460455,0.637402251687393,0.345546646404159,0.100838738996815,-0.118575302598218,-0.323369706460298,-0.499664976640616,-0.612648974654116,-0.633046115565996,-0.554394234749941,-0.385127712902186,-0.143826740881332,0.13844165722195,0.432927638026998,0.432927638026998,0.432927638026998,0.432927638026998,0.432927638026998,0.432927638026998,0.432927638026998,0.432927638026998,0.432927638026998,0.432927638026998,0.432927638026998,0.432927638026998,0.432927638026998,0.432927638026998,0.432927638026998,0.432927638026998,0.432927638026998,0.432927638026998,0.432927638026998,0.432927638026998,0.432927638026998,1,1,1,1,1,1,1,1,1,1,1,1,1,1,1,1,1,1,1,1,1,1,1,1,1,1,1,1,1,1,1,1,1,1,1,1,1,1,1,1
1.15109682677383,1.71700422067506,-0.852650323883268,-0.416020801568687,-0.925087920898909,0.630024683797442,-0.969506137778723,-1.12670217406439,-0.196702540695044,2.89626300880809,1.21548651470688,1.64261337238519,2.11853088066422,-1.76172085889459,-0.666743113638445,2.33348798765151,0.812540359691745,1.94570262679617,3.82959020069567,-3.89920482604947,0.94025441221074,0.415085034261034,0.480681000847756,-1.73931020734414,1.1995641543275,-0.255896352474593,-1.61401750445804,-0.967969149086528,-0.412867659252395,-1.75176208764974,0.72018215509414,1.15781321533445,1.79342162175596,1.80149801507749,-0.336231449756445,0.566909572916995,0.193874080115515,0.847421845162604,2.32280661362489,1.785154653773,-0.354468953529739,-0.221633649673795,-0.0887983458178505,0.0440369580380944,0.176872261894039,0.309707565749983,0.442542869605928,0.575378173461875,0.708213477317818,0.841048781173765,0.973884085029709,1.10671938888565,1.2395546927416,1.37238999659754,1.50522530045349,1.63806060430943,1.77089590816538,1.90373121202132,2.03656651587727,2.16940181973321,2.16940181973321,2.16940181973321,2.16940181973321,2.16940181973321,2.16940181973321,2.16940181973321,2.16940181973321,2.16940181973321,2.16940181973321,2.16940181973321,2.16940181973321,2.16940181973321,2.16940181973321,2.16940181973321,2.16940181973321,2.16940181973321,2.16940181973321,2.16940181973321,2.16940181973321,2.16940181973321,6.46525060014315,3.8210052089659,1.85704956953199,0.496816390634083,-0.336261618935121,-0.718751750382934,-0.727221294916667,-0.438237543743627,0.0716322119288524,0.725820680893486,1.44776057194296,2.16088459386993,2.78862545546712,3.25441586552721,3.48168853284287,3.39387616620682,2.91441147441171,1.96672716625024,0.474255950515163,-1.63956946400096,-1.63956946400096,-1.63956946400096,-1.63956946400096,-1.63956946400096,-1.63956946400096,-1.63956946400096,-1.63956946400096,-1.63956946400096,-1.63956946400096,-1.63956946400096,-1.63956946400096,-1.63956946400096,-1.63956946400096,-1.63956946400096,-1.63956946400096,-1.63956946400096,-1.63956946400096,-1.63956946400096,-1.63956946400096,-1.63956946400096,-2.98256225447493,-2.50473181879074,-2.02690138310653,-1.54907094742234,-1.07124051173814,-0.593410076053945,-0.115806018911994,0.354525270477,0.785526557153638,1.1399396021867,1.40527566870135,1.59726966479236,1.7485258777994,1.8884781166646,2.01073482255979,2.06349027365773,1.99212312679435,1.78945249132964,1.49677790722328,1.16663189676068,1.16663189676068,1.16663189676068,1.16663189676068,1.16663189676068,1.16663189676068,1.16663189676068,1.16663189676068,1.16663189676068,1.16663189676068,1.16663189676068,1.16663189676068,1.16663189676068,1.16663189676068,1.16663189676068,1.16663189676068,1.16663189676068,1.16663189676068,1.16663189676068,1.16663189676068,1.16663189676068,1,1,1,1,1,1,1,1,1,1,1,1,1,1,1,1,1,1,1,1,1,1,1,1,1,1,1,1,1,1,1,1,1,1,1,1,1,1,1,1
0.588574084045584,-0.753622496839862,-1.44741941940466,1.51445851068539,2.48551618772627,-0.14585217511303,0.644004969167812,1.09946860714809,0.190477044113202,2.50401992719759,-1.05499743366349,-0.626480806895785,1.42989517084761,-1.14424743436144,-0.384375820791663,0.349279492564865,-2.49958663728584,0.0119665557305453,-0.374686355784068,-1.19724838367228,-0.36697060500066,0.279174491731069,-0.809096432847255,1.43929744808916,0.924297525525112,-0.0562160686915352,0.134472495981063,-0.101643294804289,1.56439421365499,2.06298543722704,-1.10897107853648,0.0282620770330677,0.167967320323708,0.0641806803700646,0.079798128820233,-1.92140782504586,-0.602883278331426,-2.22369643758176,-0.160795873005116,-0.320567194718352,-1.23022019415729,-1.18829291164343,-1.14636562912958,-1.10443834661573,-1.06251106410188,-1.02058378158802,-0.978656499074175,-0.936729216560323,-0.894801934046468,-0.852874651532618,-0.810947369018765,-0.769020086504913,-0.727092803991063,-0.685165521477211,-0.64323823896336,-0.601310956449506,-0.559383673935653,-0.517456391421803,-0.475529108907949,-0.433601826394098,-0.433601826394098,-0.433601826394098,-0.433601826394098,-0.433601826394098,-0.433601826394098,-0.433601826394098,-0.433601826394098,-0.433601826394098,-0.433601826394098,-0.433601826394098,-0.433601826394098,-0.433601826394098,-0.433601826394098,-0.433601826394098,-0.433601826394098,-0.433601826394098,-0.433601826394098,-0.433601826394098,-0.433601826394098,-0.433601826394098,-23.9572746344602,-18.2656242179759,-13.4936658531874,-9.56619219310226,-6.40799589072805,-3.94386959907241,-2.09860597114296,-0.796997659947298,0.0361626815069442,0.47608240021219,0.597968843160785,0.477029357345113,0.188471289757597,-0.19249801260939,-0.590671202763479,-0.930840933712267,-1.13779985846338,-1.1363406300244,-0.85125590140297,-0.207338325606694,-0.207338325606694,-0.207338325606694,-0.207338325606694,-0.207338325606694,-0.207338325606694,-0.207338325606694,-0.207338325606694,-0.207338325606694,-0.207338325606694,-0.207338325606694,-0.207338325606694,-0.207338325606694,-0.207338325606694,-0.207338325606694,-0.207338325606694,-0.207338325606694,-0.207338325606694,-0.207338325606694,-0.207338325606694,-0.207338325606694,-5.81377027597464,-5.14521905267053,-4.47666782936642,-3.80811660606232,-3.13956538275821,-2.4710141594541,-1.81140549289143,-1.20401895488432,-0.691563351985758,-0.298631737187131,-0.0386479863624967,0.0840112876716521,0.0812501106274084,-0.0166393995303924,-0.172505799070741,-0.359984935168155,-0.569097353970408,-0.794200153357361,-1.02481532841966,-1.25350746213319,-1.25350746213319,-1.25350746213319,-1.25350746213319,-1.25350746213319,-1.25350746213319,-1.25350746213319,-1.25350746213319,-1.25350746213319,-1.25350746213319,-1.25350746213319,-1.25350746213319,-1.25350746213319,-1.25350746213319,-1.25350746213319,-1.25350746213319,-1.25350746213319,-1.25350746213319,-1.25350746213319,-1.25350746213319,-1.25350746213319,1,1,1,1,1,1,1,1,1,1,1,1,1,1,1,1,1,1,1,1,1,1,1,1,1,1,1,1,1,1,1,1,1,1,1,1,1,1,1,1
-0.742489974841983,1.21910238610797,-2.15155254782056,3.3270783007846,0.13252233586586,-0.542210050714472,-0.0941244506966932,0.228034841355682,0.0221856674931935,2.44541208749657,0.0646868275904016,0.141307899233334,-0.251434257960486,-0.668943801987266,0.173907287142372,-1.66188910180069,-1.69143263756426,2.77036225244047,-0.741744523792601,-1.01194035958798,0.884626553917759,-0.802927238581075,-0.900745776285374,0.441358662654849,-1.60935570148109,-1.20563730155999,0.695658499949015,-1.31974358883624,1.89193005381728,-1.04182540689825,-1.10551759150555,-2.29058921714861,2.18927399654643,1.71351536732434,0.166066530498071,0.0220094413425329,-0.515094056930408,1.77468852901134,-0.187882249905609,1.84834451747975,-2.35659656245555,-2.1532371859361,-1.94987780941664,-1.74651843289718,-1.54315905637772,-1.33979967985827,-1.13644030333881,-0.933080926819357,-0.729721550299899,-0.526362173780443,-0.323002797260985,-0.119643420741529,0.0837159557779277,0.287075332297384,0.490434708816842,0.693794085336298,0.897153461855755,1.10051283837521,1.30387221489467,1.50723159141412,1.50723159141412,1.50723159141412,1.50723159141412,1.50723159141412,1.50723159141412,1.50723159141412,1.50723159141412,1.50723159141412,1.50723159141412,1.50723159141412,1.50723159141412,1.50723159141412,1.50723159141412,1.50723159141412,1.50723159141412,1.50723159141412,1.50723159141412,1.50723159141412,1.50723159141412,1.50723159141412,-8.94784660481609,-6.57172594878088,-4.66375482821106,-3.17504743998913,-2.05671798099755,-1.2598806481188,-0.735649638235343,-0.435139148229673,-0.309463374984245,-0.309736515381548,-0.387072766304058,-0.492586324634235,-0.577391387254568,-0.592602151047535,-0.489332812895586,-0.218697569681222,0.268189381713098,1.02021384440489,2.08626162151168,3.515218516151,3.515218516151,3.515218516151,3.515218516151,3.515218516151,3.515218516151,3.515218516151,3.515218516151,3.515218516151,3.515218516151,3.515218516151,3.515218516151,3.515218516151,3.515218516151,3.515218516151,3.515218516151,3.515218516151,3.515218516151,3.515218516151,3.515218516151,3.515218516151,-3.68898427117093,-3.28566469157695,-2.88234511198299,-2.47902553238902,-2.07570595279505,-1.67238637320108,-1.27106223111752,-0.886029068437362,-0.549551301694884,-0.286710959226507,-0.0929740228880114,0.0539895125605518,0.175494242899534,0.291193649345859,0.421809428668654,0.584098292419277,0.784244684803753,1.01306834266166,1.25079043146941,1.48509620792344,1.48509620792344,1.48509620792344,1.48509620792344,1.48509620792344,1.48509620792344,1.48509620792344,1.48509620792344,1.48509620792344,1.48509620792344,1.48509620792344,1.48509620792344,1.48509620792344,1.48509620792344,1.48509620792344,1.48509620792344,1.48509620792344,1.48509620792344,1.48509620792344,1.48509620792344,1.48509620792344,1,1,1,1,1,1,1,1,1,1,1,1,1,1,1,1,1,1,1,1,1,1,1,1,1,1,1,1,1,1,1,1,1,1,1,1,1,1,1,1
-0.139140347986203,-0.976445357352427,1.4560062017805,-0.769826281626896,-0.548767695475694,1.31692140550927,0.144581822224526,-0.880237534771795,0.80837463972599,0.541181688640213,-1.06789399685213,-0.924862920787806,-1.51800755830999,0.431626259999829,-0.991604979923437,0.105289464874012,-2.2970259037285,-0.293712229380491,0.238567827356137,1.49489793099629,0.296228188729641,1.82796233049612,-0.0653791904583159,0.101524433512648,3.21546942954287,0.822832337948645,-0.0106611917994819,0.879320670780327,-0.544320938937558,-0.0603174227233048,-0.167038470287199,1.34581114614036,3.59883008884005,-1.71285654117099,-0.554681192569266,0.592802519054043,-1.91285072680744,1.61386293343928,-0.377460069604624,0.214802918337714,-1.74697434227271,-1.55267845289878,-1.35838256352486,-1.16408667415094,-0.969790784777015,-0.775494895403091,-0.581199006029168,-0.386903116655247,-0.192607227281323,0.0016886620925991,0.19598455146652,0.390280440840444,0.584576330214366,0.778872219588289,0.973168108962209,1.16746399833613,1.36175988771005,1.55605577708398,1.7503516664579,1.94464755583182,1.94464755583182,1.94464755583182,1.94464755583182,1.94464755583182,1.94464755583182,1.94464755583182,1.94464755583182,1.94464755583182,1.94464755583182,1.94464755583182,1.94464755583182,1.94464755583182,1.94464755583182,1.94464755583182,1.94464755583182,1.94464755583182,1.94464755583182,1.94464755583182,1.94464755583182,1.94464755583182,-12.3161928554626,-9.26087247862657,-6.72972984088918,-4.67387784394765,-3.04442938949919,-1.792497379241,-0.869194714870297,-0.225634298084271,0.187070969419866,0.417808185944912,0.51546444979366,0.528926859268905,0.507082512673444,0.498818508310062,0.553021944481571,0.718579919490763,1.04437953164042,1.57930787923335,2.37225206057235,3.4720991739602,3.4720991739602,3.4720991739602,3.4720991739602,3.4720991739602,3.4720991739602,3.4720991739602,3.4720991739602,3.4720991739602,3.4720991739602,3.4720991739602,3.4720991739602,3.4720991739602,3.4720991739602,3.4720991739602,3.4720991739602,3.4720991739602,3.4720991739602,3.4720991739602,3.4720991739602,3.4720991739602,-2.15910686964885,-1.90507733251134,-1.65104779537383,-1.39701825823632,-1.14298872109882,-0.888959183961302,-0.632027065224214,-0.366353985056529,-0.121419049365917,0.0591193307685387,0.171851701740618,0.25989092514547,0.371644524341098,0.534080281583021,0.760945350616518,1.06135373521617,1.4284163214854,1.8312135864709,2.2339363358665,2.62430594368871,2.62430594368871,2.62430594368871,2.62430594368871,2.62430594368871,2.62430594368871,2.62430594368871,2.62430594368871,2.62430594368871,2.62430594368871,2.62430594368871,2.62430594368871,2.62430594368871,2.62430594368871,2.62430594368871,2.62430594368871,2.62430594368871,2.62430594368871,2.62430594368871,2.62430594368871,2.62430594368871,1,1,1,1,1,1,1,1,1,1,1,1,1,1,1,1,1,1,1,1,1,1,1,1,1,1,1,1,1,1,1,1,1,1,1,1,1,1,1,1
-0.472356290829216,-1.13566171880591,2.44417993653644,0.871799613581636,1.72430796790925,-0.442699916116531,1.59068087038366,-3.35488050530855,1.42258235522211,1.88424876660858,-0.733982051178785,-0.543049792944309,2.9118701490059,-0.0829075230032608,-1.94741773408306,-0.678145052968022,1.87588012636207,-1.72835689308979,-1.51523372065263,-1.34959155662037,0.167877756194748,0.404684166103335,-2.5145771048651,-0.363957018280386,-1.15029714648374,0.693246493578696,-2.38233040803777,-2.4959518219588,1.76549255226594,-0.746205864518926,1.76815675659703,2.71516138281878,-1.49181414877388,-1.07709069491249,1.85401311731733,0.275790432421783,1.11552553798995,1.00432893950391,-2.09102597107097,-2.05825699186921,0.867397900548099,0.861390476099134,0.855383051650172,0.849375627201209,0.843368202752244,0.83736077830328,0.831353353854317,0.825345929405353,0.819338504956391,0.813331080507428,0.807323656058463,0.801316231609499,0.795308807160534,0.789301382711571,0.783293958262609,0.777286533813644,0.771279109364682,0.765271684915719,0.759264260466756,0.753256836017792,0.753256836017792,0.753256836017792,0.753256836017792,0.753256836017792,0.753256836017792,0.753256836017792,0.753256836017792,0.753256836017792,0.753256836017792,0.753256836017792,0.753256836017792,0.753256836017792,0.753256836017792,0.753256836017792,0.753256836017792,0.753256836017792,0.753256836017792,0.753256836017792,0.753256836017792,0.753256836017792,-2.72263692769985,-1.77089638881954,-0.997465799383173,-0.384991064682401,0.0838819099910957,0.426507219345666,0.660238958089635,0.802431220931339,0.870438102579122,0.881613697741301,0.853312101126225,0.802887407442229,0.747693711397654,0.705085107700819,0.692415691060051,0.727039556183698,0.826310797780103,1.00758351055761,1.2882117892245,1.68554972848919,1.68554972848919,1.68554972848919,1.68554972848919,1.68554972848919,1.68554972848919,1.68554972848919,1.68554972848919,1.68554972848919,1.68554972848919,1.68554972848919,1.68554972848919,1.68554972848919,1.68554972848919,1.68554972848919,1.68554972848919,1.68554972848919,1.68554972848919,1.68554972848919,1.68554972848919,1.68554972848919,1.02841605923505,1.00161169506903,0.97480733090301,0.948002966736991,0.921198602570971,0.894394238404952,0.867517326398259,0.840268425246721,0.812815144834818,0.78685187487247,0.765568576969519,0.751739435176903,0.74578710320465,0.746399592393644,0.752796121231903,0.765409926757366,0.784716846754238,0.81052259915219,0.841850939927735,0.876437086295937,0.876437086295937,0.876437086295937,0.876437086295937,0.876437086295937,0.876437086295937,0.876437086295937,0.876437086295937,0.876437086295937,0.876437086295937,0.876437086295937,0.876437086295937,0.876437086295937,0.876437086295937,0.876437086295937,0.876437086295937,0.876437086295937,0.876437086295937,0.876437086295937,0.876437086295937,0.876437086295937,1,1,1,1,1,1,1,1,1,1,1,1,1,1,1,1,1,1,1,1,1,1,1,1,1,1,1,1,1,1,1,1,1,1,1,1,1,1,1,1
2.21929044908597,0.457493062019247,-0.49423049540147,-0.689350041858368,0.480740802568372,1.42978691764268,1.6595327378671,-0.715575004318438,-1.99810359367047,1.22972352252767,0.389102394034964,1.27751672613204,-0.0568520679300839,0.0198216424429845,-1.01168787678317,-2.92675629874241,0.234181017994908,0.200356687444296,0.0156881977773367,1.10609705969941,-0.258027413967673,0.406745422227306,0.371502477549321,1.30985508727475,1.33401156679861,-3.23767315198685,1.97859438098614,3.68514641254706,-0.313214588235692,-0.553035558085519,0.246397956683809,-0.770113771871433,-2.47905963053013,0.365161149388463,-0.830117792132899,1.05002979046389,-0.93545262993943,0.344890385313922,-0.601486550282468,0.506915423490192,1.44844398547472,1.23579781033306,1.02315163519141,0.810505460049753,0.597859284908097,0.385213109766443,0.172566934624788,-0.0400792405168664,-0.252725415658523,-0.465371590800176,-0.67801776594183,-0.890663941083483,-1.10331011622514,-1.31595629136679,-1.52860246650845,-1.7412486416501,-1.95389481679176,-2.16654099193341,-2.37918716707507,-2.59183334221672,-2.59183334221672,-2.59183334221672,-2.59183334221672,-2.59183334221672,-2.59183334221672,-2.59183334221672,-2.59183334221672,-2.59183334221672,-2.59183334221672,-2.59183334221672,-2.59183334221672,-2.59183334221672,-2.59183334221672,-2.59183334221672,-2.59183334221672,-2.59183334221672,-2.59183334221672,-2.59183334221672,-2.59183334221672,-2.59183334221672,8.95803755638708,6.64008074925906,4.69170716203818,3.08297823834731,1.78395542180935,0.76470015604716,-0.00472611531635092,-0.554261948658312,-0.913845900355817,-1.11341652678601,-1.18291238432601,-1.15227202935291,-1.05143401824384,-0.910336907375898,-0.758919253126217,-0.627119611871928,-0.54487653999011,-0.542128593857893,-0.648814329852405,-0.894872304350743,-0.894872304350743,-0.894872304350743,-0.894872304350743,-0.894872304350743,-0.894872304350743,-0.894872304350743,-0.894872304350743,-0.894872304350743,-0.894872304350743,-0.894872304350743,-0.894872304350743,-0.894872304350743,-0.894872304350743,-0.894872304350743,-0.894872304350743,-0.894872304350743,-0.894872304350743,-0.894872304350743,-0.894872304350743,-0.894872304350743,3.69682639754302,3.08552301428548,2.47421963102793,1.86291624777039,1.25161286451284,0.640309481255288,0.0513292346540375,-0.420832942575559,-0.742385883362481,-0.949664453795544,-1.06729624835531,-1.09789814313158,-1.06522471875549,-1.01595171185235,-0.989558219404746,-1.01182173685418,-1.10483535986847,-1.28181050035948,-1.53191162010256,-1.82075657015302,-1.82075657015302,-1.82075657015302,-1.82075657015302,-1.82075657015302,-1.82075657015302,-1.82075657015302,-1.82075657015302,-1.82075657015302,-1.82075657015302,-1.82075657015302,-1.82075657015302,-1.82075657015302,-1.82075657015302,-1.82075657015302,-1.82075657015302,-1.82075657015302,-1.82075657015302,-1.82075657015302,-1.82075657015302,-1.82075657015302,1,1,1,1,1,1,1,1,1,1,1,1,1,1,1,1,1,1,1,1,1,1,1,1,1,1,1,1,1,1,1,1,1,1,1,1,1,1,1,1
0.147621865543281,0.394986137160861,-2.10291994145321,0.985584204328252,0.335186884178167,-0.690247423597579,-0.21472329462631,-0.299450800038933,-0.835374266087353,-0.722433448191328,1.1115544804053,-3.04781916831453,-0.254114620776535,0.786945967773786,-0.360771531931391,-0.593810328540265,0.934528948852421,-0.875750396156743,1.42438249792177,1.77404041430054,-0.260967283388698,-2.272999100447,-0.921816211884515,0.831286728299307,0.479877659332558,-0.0600105641827078,-0.620075479353593,-1.41613231374768,-2.99349398518982,-2.11515115311075,-2.01708095722707,0.275450757326611,1.80254377464945,0.259014441167505,-0.203214987435752,-0.581350687387518,-0.798362901609496,-0.67752637724595,0.883938592901577,-0.062071126237262,-2.32514537341842,-2.11801784959821,-1.91089032577801,-1.70376280195781,-1.49663527813761,-1.28950775431741,-1.0823802304972,-0.875252706677005,-0.668125182856803,-0.4609976590366,-0.253870135216397,-0.0467426113961977,0.160384912424004,0.367512436244208,0.57463996006441,0.781767483884609,0.98889500770481,1.19602253152501,1.40315005534521,1.61027757916542,1.61027757916542,1.61027757916542,1.61027757916542,1.61027757916542,1.61027757916542,1.61027757916542,1.61027757916542,1.61027757916542,1.61027757916542,1.61027757916542,1.61027757916542,1.61027757916542,1.61027757916542,1.61027757916542,1.61027757916542,1.61027757916542,1.61027757916542,1.61027757916542,1.61027757916542,1.61027757916542,3.15940969610352,2.55955157720411,1.97138931408779,1.40541485572061,0.872120151068571,0.381997149097707,-0.0544622012259772,-0.42676595093644,-0.724422151067701,-0.936938852653693,-1.05382410672843,-1.06458596432588,-0.958732476480005,-0.725771694224816,-0.355211668594283,0.163439549377637,0.840673908656914,1.68698335820959,2.71285984700173,3.92879532399929,3.92879532399929,3.92879532399929,3.92879532399929,3.92879532399929,3.92879532399929,3.92879532399929,3.92879532399929,3.92879532399929,3.92879532399929,3.92879532399929,3.92879532399929,3.92879532399929,3.92879532399929,3.92879532399929,3.92879532399929,3.92879532399929,3.92879532399929,3.92879532399929,3.92879532399929,3.92879532399929,0.72127918586933,0.510204378505357,0.299129571141388,0.0880547637774187,-0.123020043586551,-0.334094850950517,-0.548657988753707,-0.776664277328663,-0.99389783510661,-1.1376945825692,-1.14443050474798,-0.988405233515351,-0.692310383359127,-0.30230861836981,0.149796373987806,0.6591711777491,1.22900100422886,1.85230649361482,2.51243354557245,3.189985757249,3.189985757249,3.189985757249,3.189985757249,3.189985757249,3.189985757249,3.189985757249,3.189985757249,3.189985757249,3.189985757249,3.189985757249,3.189985757249,3.189985757249,3.189985757249,3.189985757249,3.189985757249,3.189985757249,3.189985757249,3.189985757249,3.189985757249,3.189985757249,1,1,1,1,1,1,1,1,1,1,1,1,1,1,1,1,1,1,1,1,1,1,1,1,1,1,1,1,1,1,1,1,1,1,1,1,1,1,1,1
-0.86748005281151,-2.14873533031793,-1.49072813607025,-0.89542232338301,-0.0581425927712456,-0.586671564680515,-1.56292245180273,-0.2582848467248,-0.211738008739319,0.504791225193511,-0.061390236726373,0.268951069006341,0.00928943465962107,-2.43429485113648,-0.507623966574577,0.985095447399461,0.588774639843432,-0.358653150429257,-0.605798318623098,1.72313789177621,-0.62981326922376,0.0695255530531078,1.32294626777464,-0.00134998132283926,4.21377497225827,-0.374373476968396,0.00123730698322433,-1.04385605019053,2.0976660193221,0.348346793600808,0.118023153801275,2.03356537519577,2.03351933447957,0.563589239137029,1.01114172459882,-2.7589372901792,-1.07094112118247,-2.34357527574048,-0.0488559167428519,-0.333611221873669,-0.0378363899378069,-0.0556400744066003,-0.0734437588753938,-0.0912474433441872,-0.109051127812981,-0.126854812281774,-0.144658496750569,-0.162462181219361,-0.180265865688154,-0.198069550156948,-0.215873234625741,-0.233676919094536,-0.251480603563328,-0.269284288032122,-0.287087972500915,-0.304891656969708,-0.322695341438502,-0.340499025907294,-0.358302710376089,-0.376106394844884,-0.376106394844884,-0.376106394844884,-0.376106394844884,-0.376106394844884,-0.376106394844884,-0.376106394844884,-0.376106394844884,-0.376106394844884,-0.376106394844884,-0.376106394844884,-0.376106394844884,-0.376106394844884,-0.376106394844884,-0.376106394844884,-0.376106394844884,-0.376106394844884,-0.376106394844884,-0.376106394844884,-0.376106394844884,-0.376106394844884,-3.89997427435146,-2.48691419095002,-1.41385583802228,-0.642575742276272,-0.134850430420009,0.147543570838484,0.242829734791178,0.189231534730062,0.024972443947096,-0.211724064265731,-0.48263451661645,-0.749535439813075,-0.974203360563633,-1.11841480557615,-1.14394630155866,-1.01257437521916,-0.686075553265699,-0.126226362406273,0.705196670651054,1.84641701919831,1.84641701919831,1.84641701919831,1.84641701919831,1.84641701919831,1.84641701919831,1.84641701919831,1.84641701919831,1.84641701919831,1.84641701919831,1.84641701919831,1.84641701919831,1.84641701919831,1.84641701919831,1.84641701919831,1.84641701919831,1.84641701919831,1.84641701919831,1.84641701919831,1.84641701919831,1.84641701919831,2.13886287019739,1.82865323293746,1.51844359567753,1.20823395841761,0.898024321157684,0.587814683897752,0.280261189609099,-0.0130499526613548,-0.285065305044281,-0.529903550760762,-0.731768575933765,-0.866099145680256,-0.908702673955412,-0.846850291770291,-0.689558850710617,-0.464192303262376,-0.198265258080808,0.091485679945567,0.39456841983422,0.702689101227433,0.702689101227433,0.702689101227433,0.702689101227433,0.702689101227433,0.702689101227433,0.702689101227433,0.702689101227433,0.702689101227433,0.702689101227433,0.702689101227433,0.702689101227433,0.702689101227433,0.702689101227433,0.702689101227433,0.702689101227433,0.702689101227433,0.702689101227433,0.702689101227433,0.702689101227433,0.702689101227433,1,1,1,1,1,1,1,1,1,1,1,1,1,1,1,1,1,1,1,1,1,1,1,1,1,1,1,1,1,1,1,1,1,1,1,1,1,1,1,1
-0.948369731960404,0.141262584218462,0.876079725617352,2.45042321934993,-1.51794595778344,-0.829309836594311,-0.455835128953662,1.82525457380146,1.5821433731461,-1.20498195634019,-0.948178056084132,-0.488159064152853,0.548887578169307,0.119905548365901,-0.098995893235875,0.0936553447048407,1.1298815528083,-2.88154694553929,-1.51114118104742,0.815591122821004,1.66655316043124,-2.37385560370346,-2.08233280200881,2.26065606561786,0.426566701250142,2.58413336261124,1.9141908411434,-1.03430505664113,-0.557131333396475,0.540401348553067,0.72317839361677,-1.46526536772529,2.06196082948219,1.83984924298796,-0.520749161350452,-0.941299011324519,-1.81275832927054,-1.59931870996626,-3.362558309983,-1.99591905202356,3.07532233715139,2.95415224030213,2.83298214345287,2.71181204660361,2.59064194975434,2.46947185290508,2.34830175605582,2.22713165920656,2.1059615623573,1.98479146550804,1.86362136865878,1.74245127180951,1.62128117496026,1.500111078111,1.37894098126173,1.25777088441247,1.13660078756321,1.01543069071395,0.894260593864688,0.773090497015426,0.773090497015426,0.773090497015426,0.773090497015426,0.773090497015426,0.773090497015426,0.773090497015426,0.773090497015426,0.773090497015426,0.773090497015426,0.773090497015426,0.773090497015426,0.773090497015426,0.773090497015426,0.773090497015426,0.773090497015426,0.773090497015426,0.773090497015426,0.773090497015426,0.773090497015426,0.773090497015426,-5.69127427520362,-2.99540242867042,-0.900297222456979,0.656789725563225,1.73860679751673,2.40790237553006,2.72742484172976,2.75992257824234,2.56814396719435,2.21483739071231,1.76275123092274,1.27463386995221,0.813233689927211,0.441299072974285,0.221578401219977,0.216820056790795,0.489772421813285,1.103183878414,2.11980280871941,3.60237759485609,3.60237759485609,3.60237759485609,3.60237759485609,3.60237759485609,3.60237759485609,3.60237759485609,3.60237759485609,3.60237759485609,3.60237759485609,3.60237759485609,3.60237759485609,3.60237759485609,3.60237759485609,3.60237759485609,3.60237759485609,3.60237759485609,3.60237759485609,3.60237759485609,3.60237759485609,3.60237759485609,9.93525666689107,8.77851639143586,7.62177611598062,6.46503584052541,5.30829556507019,4.15155528961497,3.0390624417635,2.17479186456119,1.69791390051059,1.54557974864652,1.52402454257103,1.47187738759673,1.34551244980072,1.16031642503805,0.92147123843043,0.680989354400815,0.612224427710538,0.914785313868791,1.62643208826453,2.5810130047753,2.5810130047753,2.5810130047753,2.5810130047753,2.5810130047753,2.5810130047753,2.5810130047753,2.5810130047753,2.5810130047753,2.5810130047753,2.5810130047753,2.5810130047753,2.5810130047753,2.5810130047753,2.5810130047753,2.5810130047753,2.5810130047753,2.5810130047753,2.5810130047753,2.5810130047753,2.5810130047753,1,1,1,1,1,1,1,1,1,1,1,1,1,1,1,1,1,1,1,1,1,1,1,1,1,1,1,1,1,1,1,1,1,1,1,1,1,1,1,1
-1.79347839268982,1.85231308482239,-0.869490835128056,2.18356256697833,-0.650684661451213,1.00748250606435,1.63060822482587,0.863589400993589,0.249109858009529,-1.01581003114219,-0.215802090906358,-0.85990675403503,-0.249678844518522,-0.306532652269729,-0.940018637179554,2.05125893259188,1.30398669402231,2.14356611259814,0.698498108830261,0.545052488276751,-0.849523244293048,-0.709161242260457,-0.398712336650107,0.138986157446601,-3.89729250337905,-0.100099610817754,3.78534667840517,-0.68327535657455,1.24038839577574,1.56534127066084,-3.0069344963812,0.135352153707533,-0.116610653217037,-0.293433134861811,-0.639853668535078,0.101056317473148,-1.68005561459588,0.0197234024230397,3.08690623150575,-1.53200093885154,-0.886376676449477,-0.877251861205252,-0.868127045961031,-0.859002230716809,-0.849877415472585,-0.840752600228363,-0.831627784984138,-0.822502969739915,-0.813378154495695,-0.804253339251471,-0.795128524007248,-0.786003708763024,-0.776878893518802,-0.76775407827458,-0.758629263030356,-0.749504447786133,-0.740379632541911,-0.731254817297687,-0.722130002053467,-0.713005186809244,-0.713005186809244,-0.713005186809244,-0.713005186809244,-0.713005186809244,-0.713005186809244,-0.713005186809244,-0.713005186809244,-0.713005186809244,-0.713005186809244,-0.713005186809244,-0.713005186809244,-0.713005186809244,-0.713005186809244,-0.713005186809244,-0.713005186809244,-0.713005186809244,-0.713005186809244,-0.713005186809244,-0.713005186809244,-0.713005186809244,13.8869446027621,9.86969023757058,6.57832618445044,3.94739239891943,1.91142883649532,0.404975452695835,-0.637427796961273,-1.28124095695824,-1.59192407177732,-1.63493718590079,-1.47574034381088,-1.17979358998985,-0.812556968919935,-0.439490525083412,-0.126054302962519,0.0622916529605018,0.0600872982033618,-0.198127411716147,-0.777812521280298,-1.74442807497134,-1.74442807497134,-1.74442807497134,-1.74442807497134,-1.74442807497134,-1.74442807497134,-1.74442807497134,-1.74442807497134,-1.74442807497134,-1.74442807497134,-1.74442807497134,-1.74442807497134,-1.74442807497134,-1.74442807497134,-1.74442807497134,-1.74442807497134,-1.74442807497134,-1.74442807497134,-1.74442807497134,-1.74442807497134,-1.74442807497134,0.242410020585671,0.0987709359763889,-0.0448681486328972,-0.188507233242178,-0.332146317851461,-0.475785402460743,-0.617579850308693,-0.748412728594845,-0.858907328629165,-0.944674243054479,-1.00253675565989,-1.02619115048419,-1.01132471548296,-0.961790224035331,-0.886440338691557,-0.795146952119444,-0.700308985135196,-0.613856365359313,-0.539106816324152,-0.470840447145919,-0.470840447145919,-0.470840447145919,-0.470840447145919,-0.470840447145919,-0.470840447145919,-0.470840447145919,-0.470840447145919,-0.470840447145919,-0.470840447145919,-0.470840447145919,-0.470840447145919,-0.470840447145919,-0.470840447145919,-0.470840447145919,-0.470840447145919,-0.470840447145919,-0.470840447145919,-0.470840447145919,-0.470840447145919,-0.470840447145919,1,1,1,1,1,1,1,1,1,1,1,1,1,1,1,1,1,1,1,1,1,1,1,1,1,1,1,1,1,1,1,1,1,1,1,1,1,1,1,1
0.0482899986434537,0.867794026447652,0.818296268511427,-0.834224904980875,0.344527299115614,-0.387122664971008,0.554979405711943,-0.802403027666825,0.85736417751764,-0.990683011488354,0.748960794674442,3.65467277184528,-0.359380555036044,0.285960628295129,1.36753638785319,-0.426910182676869,1.91569963018725,0.191776110602868,-1.92809456037961,-1.38318991607231,1.18553427076863,-0.241503262417387,-1.7978945477308,2.96387627531306,-2.88867400032218,0.0555233714494037,-2.62607430360909,0.0327428105815315,-0.826634045169147,0.344034277999178,-0.00770839529628731,0.520813899686338,-0.318000123982644,-0.112812308248085,2.04231128806489,0.586582647980881,1.90933858320229,0.817532618878307,-1.42827179613528,1.04375232036328,-1.03407042551332,-1.1228144714378,-1.21155851736228,-1.30030256328676,-1.38904660921124,-1.47779065513572,-1.5665347010602,-1.65527874698468,-1.74402279290916,-1.83276683883364,-1.92151088475812,-2.0102549306826,-2.09899897660708,-2.18774302253156,-2.27648706845604,-2.36523111438052,-2.453975160305,-2.54271920622948,-2.63146325215396,-2.72020729807844,-2.72020729807844,-2.72020729807844,-2.72020729807844,-2.72020729807844,-2.72020729807844,-2.72020729807844,-2.72020729807844,-2.72020729807844,-2.72020729807844,-2.72020729807844,-2.72020729807844,-2.72020729807844,-2.72020729807844,-2.72020729807844,-2.72020729807844,-2.72020729807844,-2.72020729807844,-2.72020729807844,-2.72020729807844,-2.72020729807844,4.04216461877672,2.35836305774222,1.00384062445174,-0.054668117563085,-0.850428604770611,-1.41670627363922,-1.78676656063727,-1.99387490223313,-2.07129673489517,-2.05229749509176,-1.97014261929126,-1.85809754396205,-1.74942770557248,-1.67739854059094,-1.67527548548577,-1.77632397672537,-2.01380945077808,-2.42099734411227,-3.03115309319633,-3.8775421344986,-3.8775421344986,-3.8775421344986,-3.8775421344986,-3.8775421344986,-3.8775421344986,-3.8775421344986,-3.8775421344986,-3.8775421344986,-3.8775421344986,-3.8775421344986,-3.8775421344986,-3.8775421344986,-3.8775421344986,-3.8775421344986,-3.8775421344986,-3.8775421344986,-3.8775421344986,-3.8775421344986,-3.8775421344986,-3.8775421344986,-1.03200389790375,-1.12103074119218,-1.2100575844806,-1.29908442776903,-1.38811127105745,-1.47713811434588,-1.56616214864517,-1.65516899448012,-1.74413965710363,-1.83305360255786,-1.92189585256138,-2.01066793384897,-2.09938376289861,-2.18805625092117,-2.27669492538722,-2.36530828694832,-2.45390053725011,-2.54247386013381,-2.63103574308854,-2.7195949779933,-2.7195949779933,-2.7195949779933,-2.7195949779933,-2.7195949779933,-2.7195949779933,-2.7195949779933,-2.7195949779933,-2.7195949779933,-2.7195949779933,-2.7195949779933,-2.7195949779933,-2.7195949779933,-2.7195949779933,-2.7195949779933,-2.7195949779933,-2.7195949779933,-2.7195949779933,-2.7195949779933,-2.7195949779933,-2.7195949779933,1,1,1,1,1,1,1,1,1,1,1,1,1,1,1,1,1,1,1,1,1,1,1,1,1,1,1,1,1,1,1,1,1,1,1,1,1,1,1,1
-0.376165003021741,-1.57728436257455,0.728130776527494,-0.986214007234752,-0.930249840852269,0.334790198393485,0.857859409733396,0.23074278972025,-1.06101763242779,2.39046984019196,0.0874308786957201,-0.912193832669564,-1.46246354922383,-1.79243255144437,0.0670555955588767,-0.0415276813356407,-0.0746870385861023,3.02094225736506,-0.420121710603246,-0.394602886717486,1.57515701065187,-0.670939781404957,-0.933424870314886,-1.70127427098449,2.67584204170893,-0.428296405560177,0.269140244633663,0.107664624712628,-0.625467006375558,0.996181587304131,-0.800699456022144,-0.315563340126365,0.450687350639358,-2.72449335772164,-0.538390430353653,1.73434628547724,-0.223685176091683,-0.645464249459755,2.05231412224924,-0.760245486577528,1.38516471485911,1.30794141811724,1.23071812137537,1.1534948246335,1.07627152789164,0.999048231149766,0.921824934407897,0.844601637666028,0.767378340924159,0.690155044182292,0.612931747440424,0.535708450698555,0.458485153956685,0.381261857214819,0.304038560472947,0.226815263731078,0.149591966989211,0.0723686702473412,-0.00485462649452728,-0.0820779232363957,-0.0820779232363957,-0.0820779232363957,-0.0820779232363957,-0.0820779232363957,-0.0820779232363957,-0.0820779232363957,-0.0820779232363957,-0.0820779232363957,-0.0820779232363957,-0.0820779232363957,-0.0820779232363957,-0.0820779232363957,-0.0820779232363957,-0.0820779232363957,-0.0820779232363957,-0.0820779232363957,-0.0820779232363957,-0.0820779232363957,-0.0820779232363957,-0.0820779232363957,-7.22368481988004,-4.81316511025606,-2.89688411595379,-1.42500767169827,-0.347701612214548,0.384868227772338,0.822536013537337,1.01513591035541,1.01250208350151,0.864468698250597,0.620869919877615,0.331539913657542,0.0463128448653087,-0.184977121224112,-0.312495819335767,-0.286409084194707,-0.0568827505259648,0.425917346945411,1.21182537349437,2.35067549439588,2.35067549439588,2.35067549439588,2.35067549439588,2.35067549439588,2.35067549439588,2.35067549439588,2.35067549439588,2.35067549439588,2.35067549439588,2.35067549439588,2.35067549439588,2.35067549439588,2.35067549439588,2.35067549439588,2.35067549439588,2.35067549439588,2.35067549439588,2.35067549439588,2.35067549439588,2.35067549439588,2.72871681217221,2.48030032079435,2.23188382941648,1.98346733803861,1.73505084666074,1.48663435528287,1.23022011695794,0.941505414309733,0.649679116892882,0.382489200901869,0.126452155702825,-0.0982523964657638,-0.225330837325204,-0.228202229805408,-0.129502391926495,0.0617089871277834,0.351530694521315,0.731874026769056,1.18608413166091,1.68637325275909,1.68637325275909,1.68637325275909,1.68637325275909,1.68637325275909,1.68637325275909,1.68637325275909,1.68637325275909,1.68637325275909,1.68637325275909,1.68637325275909,1.68637325275909,1.68637325275909,1.68637325275909,1.68637325275909,1.68637325275909,1.68637325275909,1.68637325275909,1.68637325275909,1.68637325275909,1.68637325275909,1,1,1,1,1,1,1,1,1,1,1,1,1,1,1,1,1,1,1,1,1,1,1,1,1,1,1,1,1,1,1,1,1,1,1,1,1,1,1,1
3.4988433749799,0.304195501830009,0.178241285293991,-0.546020809404081,1.17901264249038,-0.33290882552903,0.096297087536831,-0.214598002441557,0.275017215809884,0.768999922001434,2.46036730148291,-2.03577880962034,-1.51800124996237,-1.96212015629628,-0.310064867465433,2.38922516471573,1.87107028572951,0.209561113402847,0.224347691599444,0.152621318147897,1.82363928270707,0.0772689563216531,-0.658616211373243,-1.61432486677515,1.48405273869086,0.390779844145236,-0.72188227564645,-0.801350205374161,0.644121574521053,2.63920375920123,0.507423280677935,-1.85547680643751,1.77407068273124,3.59539457659914,0.412376054101337,1.08863428552698,-0.401287079984687,-2.68336073700579,-0.89904785308746,0.145183560985528,1.31514485793969,1.26190258474428,1.20866031154887,1.15541803835346,1.10217576515805,1.04893349196264,0.995691218767234,0.942448945571824,0.889206672376416,0.835964399181005,0.782722125985597,0.729479852790186,0.676237579594776,0.622995306399366,0.569753033203957,0.516510760008547,0.46326848681314,0.410026213617728,0.356783940422316,0.303541667226906,0.303541667226906,0.303541667226906,0.303541667226906,0.303541667226906,0.303541667226906,0.303541667226906,0.303541667226906,0.303541667226906,0.303541667226906,0.303541667226906,0.303541667226906,0.303541667226906,0.303541667226906,0.303541667226906,0.303541667226906,0.303541667226906,0.303541667226906,0.303541667226906,0.303541667226906,0.303541667226906,-7.02376254004708,-4.39086085373792,-2.33519222942759,-0.79548650458619,0.289526483316147,0.98111689680931,1.34055489842318,1.42911065068763,1.30805431613255,1.03865605728783,0.682186036683341,0.299914416848974,-0.0468886396854025,-0.296952970389897,-0.389008412734634,-0.261784804189725,0.145988017774705,0.895580215688559,2.04826195208169,3.66530338948401,3.66530338948401,3.66530338948401,3.66530338948401,3.66530338948401,3.66530338948401,3.66530338948401,3.66530338948401,3.66530338948401,3.66530338948401,3.66530338948401,3.66530338948401,3.66530338948401,3.66530338948401,3.66530338948401,3.66530338948401,3.66530338948401,3.66530338948401,3.66530338948401,3.66530338948401,3.66530338948401,2.95596050899124,2.67585904812628,2.39575758726132,2.11565612639636,1.8355546655314,1.55545320466644,1.2752031342163,0.995592405493838,0.725942567755769,0.489519009953929,0.320439310689753,0.249084485506081,0.282663417104006,0.397436585238129,0.553002238740763,0.717337545633205,0.879213154877457,1.0403052762864,1.20254086663298,1.36523443747654,1.36523443747654,1.36523443747654,1.36523443747654,1.36523443747654,1.36523443747654,1.36523443747654,1.36523443747654,1.36523443747654,1.36523443747654,1.36523443747654,1.36523443747654,1.36523443747654,1.36523443747654,1.36523443747654,1.36523443747654,1.36523443747654,1.36523443747654,1.36523443747654,1.36523443747654,1.36523443747654,1,1,1,1,1,1,1,1,1,1,1,1,1,1,1,1,1,1,1,1,1,1,1,1,1,1,1,1,1,1,1,1,1,1,1,1,1,1,1,1
0.0656197369563518,-1.22171741794043,-0.0677530183120298,-1.36822946056968,-0.176739039468719,1.92701950812951,3.36908934144808,-2.55084351185942,-0.581314115615477,0.27996107185422,0.951344789036321,1.84013243463963,0.385690375029357,0.982271729206047,1.62304573322457,-1.31553018153135,-0.154575657863827,1.9245971581324,0.0917772628889004,0.655140640729797,0.80483019211208,-0.53438808404019,1.33545513427104,1.39032291709566,-0.35174216204615,1.81743978221513,-1.54250867160355,-0.992896961323153,-0.602198733960501,-0.267158546588528,2.84820948601252,-0.913310024636797,1.04441768305164,1.48072792641676,-0.75259867930688,0.57381840413399,-2.69783964366918,-0.885464922141306,-0.773925806252029,-1.20062522155859,0.559569239169946,0.683402304379907,0.807235369589869,0.931068434799831,1.05490150000979,1.17873456521975,1.30256763042971,1.42640069563968,1.55023376084964,1.6740668260596,1.79789989126956,1.92173295647952,2.04556602168948,2.16939908689945,2.29323215210941,2.41706521731937,2.54089828252933,2.66473134773929,2.78856441294925,2.91239747815921,2.91239747815921,2.91239747815921,2.91239747815921,2.91239747815921,2.91239747815921,2.91239747815921,2.91239747815921,2.91239747815921,2.91239747815921,2.91239747815921,2.91239747815921,2.91239747815921,2.91239747815921,2.91239747815921,2.91239747815921,2.91239747815921,2.91239747815921,2.91239747815921,2.91239747815921,2.91239747815921,20.1378888501379,14.8640665191443,10.5680730023162,7.16207626382203,4.55824426783026,2.66874497850942,1.405746360028,0.681416376554512,0.407922992257429,0.497434171305292,0.862117877866593,1.41414207610981,2.06567473020346,2.72888380431604,3.31593726261606,3.73900306927203,3.91024918845241,3.74184358432573,3.14595422106053,2.03474906282523,2.03474906282523,2.03474906282523,2.03474906282523,2.03474906282523,2.03474906282523,2.03474906282523,2.03474906282523,2.03474906282523,2.03474906282523,2.03474906282523,2.03474906282523,2.03474906282523,2.03474906282523,2.03474906282523,2.03474906282523,2.03474906282523,2.03474906282523,2.03474906282523,2.03474906282523,2.03474906282523,4.52611082368483,3.98886878404267,3.45162674440051,2.91438470475832,2.37714266511616,1.839900625474,1.31070028743361,0.866278592860565,0.714799476077363,0.956660586615424,1.45410793506653,2.02275392552645,2.52463383654718,2.82027124581032,2.8850780713004,2.87415256197976,2.90756228227519,2.95949392774751,3.00912964167656,3.07974008971478,3.07974008971478,3.07974008971478,3.07974008971478,3.07974008971478,3.07974008971478,3.07974008971478,3.07974008971478,3.07974008971478,3.07974008971478,3.07974008971478,3.07974008971478,3.07974008971478,3.07974008971478,3.07974008971478,3.07974008971478,3.07974008971478,3.07974008971478,3.07974008971478,3.07974008971478,3.07974008971478,1,1,1,1,1,1,1,1,1,1,1,1,1,1,1,1,1,1,1,1,1,1,1,1,1,1,1,1,1,1,1,1,1,1,1,1,1,1,1,1
0.44503947312397,0.275513248376756,0.344193119724313,-1.66315860398164,0.596772699594644,-1.40438601929208,-1.70529055421455,-0.43681785376118,0.480767209620486,-1.63185094653551,-1.15968427491948,1.34612278540372,-0.422279309872566,-0.87316417692085,2.44716094480974,-1.97328098639546,-3.47488351195552,2.8300826122938,-0.894993340634375,-0.262051740307978,-1.36819858659403,-0.374204310128009,0.391690213319757,-1.09625631530997,-0.832147568345331,0.19323416450373,1.41916579840341,0.667089878448936,1.33409016646698,-0.514576576673086,-1.71190141380001,0.682215910201272,1.02556933405895,-1.68611730670102,-2.29156753983318,2.3835630772705,-0.199236359256359,-0.30424783972296,-1.69958492192987,-0.136213388748727,-2.87186319573573,-2.60546416525442,-2.33906513477311,-2.0726661042918,-1.80626707381049,-1.53986804332919,-1.27346901284788,-1.00706998236657,-0.740670951885262,-0.474271921403954,-0.207872890922642,0.0585261395586656,0.324925170039974,0.59132420052128,0.857723231002588,1.1241222614839,1.3905212919652,1.65692032244651,1.92331935292782,2.18971838340913,2.18971838340913,2.18971838340913,2.18971838340913,2.18971838340913,2.18971838340913,2.18971838340913,2.18971838340913,2.18971838340913,2.18971838340913,2.18971838340913,2.18971838340913,2.18971838340913,2.18971838340913,2.18971838340913,2.18971838340913,2.18971838340913,2.18971838340913,2.18971838340913,2.18971838340913,2.18971838340913,-27.8242582310696,-20.5581240483942,-14.6085645120395,-9.85087714608864,-6.16035947462441,-3.4123090217298,-1.48202331148775,-0.244799867981206,0.424063784706902,0.649270122493618,0.555521621296034,0.267520757031184,-0.0900299943839027,-0.392428157032075,-0.514971254996423,-0.332956812359731,0.27831764679493,1.44355459838476,3.28745651832663,5.93472588253782,5.93472588253782,5.93472588253782,5.93472588253782,5.93472588253782,5.93472588253782,5.93472588253782,5.93472588253782,5.93472588253782,5.93472588253782,5.93472588253782,5.93472588253782,5.93472588253782,5.93472588253782,5.93472588253782,5.93472588253782,5.93472588253782,5.93472588253782,5.93472588253782,5.93472588253782,5.93472588253782,-11.140950517393,-9.59337997661442,-8.04580943583593,-6.49823889505736,-4.95066835427876,-3.4030978135002,-1.87898688320993,-0.55717754205083,0.171878483725866,0.224292296636982,0.122784783588884,0.399778145398965,0.928686996083467,1.16699064389697,0.870821194707755,0.325080455840952,0.0781372678917016,0.661936307553649,2.31749970939018,4.72229600711896,4.72229600711896,4.72229600711896,4.72229600711896,4.72229600711896,4.72229600711896,4.72229600711896,4.72229600711896,4.72229600711896,4.72229600711896,4.72229600711896,4.72229600711896,4.72229600711896,4.72229600711896,4.72229600711896,4.72229600711896,4.72229600711896,4.72229600711896,4.72229600711896,4.72229600711896,4.72229600711896,1,1,1,1,1,1,1,1,1,1,1,1,1,1,1,1,1,1,1,1,1,1,1,1,1,1,1,1,1,1,1,1,1,1,1,1,1,1,1,1
0.0152282825881609,-1.25245708084932,2.04516213931611,-2.04667977630759,-1.22243039422419,0.458942095477905,-1.47942201280729,1.55178961979227,0.18677771952013,0.225808150457627,1.55214033328078,-0.24921185987581,0.0783481021744592,1.92855682351629,1.64970489517512,0.356398731787611,0.22808257327903,2.28477321141066,-1.16982081098297,2.0017935184813,0.825922873304473,0.472527160754941,-1.97686651794376,-1.02613265889812,0.866085608583681,2.17852650283349,-0.715660019830358,-0.699123223855299,2.94427021025795,0.915410574049776,1.99905750769607,-1.42209515144979,0.337326752324319,1.00870900743073,-0.955436094493422,-1.04841433719336,0.714858478332651,-0.7247460849433,0.203559282544854,-1.05359843334346,3.96858201743552,3.7203669674582,3.47215191748089,3.22393686750357,2.97572181752626,2.72750676754895,2.47929171757163,2.23107666759432,1.982861617617,1.73464656763969,1.48643151766238,1.23821646768506,0.990001417707747,0.741786367730436,0.493571317753121,0.245356267775806,-0.0028587822015087,-0.251073832178822,-0.499288882156135,-0.74750393213345,-0.74750393213345,-0.74750393213345,-0.74750393213345,-0.74750393213345,-0.74750393213345,-0.74750393213345,-0.74750393213345,-0.74750393213345,-0.74750393213345,-0.74750393213345,-0.74750393213345,-0.74750393213345,-0.74750393213345,-0.74750393213345,-0.74750393213345,-0.74750393213345,-0.74750393213345,-0.74750393213345,-0.74750393213345,-0.74750393213345,-7.40202026898909,-4.63407710371533,-2.39818106587345,-0.646875571869132,0.667295961891946,1.59179011900411,2.17406348306166,2.46157263765893,2.50177416639024,2.3421246528499,2.03008068063224,1.61309883333158,1.13863569454222,0.654147847858487,0.207091876874724,-0.155075634814786,-0.384898103615695,-0.43491894593369,-0.257681578174482,0.194270583256312,0.194270583256312,0.194270583256312,0.194270583256312,0.194270583256312,0.194270583256312,0.194270583256312,0.194270583256312,0.194270583256312,0.194270583256312,0.194270583256312,0.194270583256312,0.194270583256312,0.194270583256312,0.194270583256312,0.194270583256312,0.194270583256312,0.194270583256312,0.194270583256312,0.194270583256312,0.194270583256312,5.40357955495963,4.99697935573339,4.59037915650723,4.18377895728101,3.77717875805477,3.37057855882856,2.9014968940776,2.16169188502554,1.34834907048339,0.893099357311504,0.907100167109876,1.14110223093139,1.32694808268926,1.3385201823889,1.14472931351487,0.768704799616078,0.253417002890474,-0.38439529786357,-1.14319125077826,-1.98495083329871,-1.98495083329871,-1.98495083329871,-1.98495083329871,-1.98495083329871,-1.98495083329871,-1.98495083329871,-1.98495083329871,-1.98495083329871,-1.98495083329871,-1.98495083329871,-1.98495083329871,-1.98495083329871,-1.98495083329871,-1.98495083329871,-1.98495083329871,-1.98495083329871,-1.98495083329871,-1.98495083329871,-1.98495083329871,-1.98495083329871,1,1,1,1,1,1,0,0,1,1,1,1,1,1,1,1,1,1,1,1,1,1,1,1,1,1,1,1,1,1,1,1,1,1,1,1,1,1,1,1
-1.15979514117922,-0.346966384316384,-1.790224140698,-1.27819592818704,2.5829765047743,-2.05497478618629,1.18307474648596,1.44466933493148,-0.189416839213981,-0.270581749648786,0.576606582451488,0.537476928436185,0.147648792704222,-1.48594395800859,0.502291119768261,-0.132661319664622,1.09179730230177,1.10910043935941,-1.00406432727936,-0.358519432650247,0.102610178782568,-1.06723133716792,0.833893817229621,0.0426506884579254,-0.905092258312488,-3.19717576258382,3.17666153048974,-0.917084045449297,-1.78901384239762,-0.649859869379419,-0.847108693633263,0.837378835115905,-0.834225898479316,-0.0412133581285765,-1.94420009638355,-0.988160261483856,-1.39435084124135,0.917573859406087,0.176264354850282,1.99974056851866,0.722167436892303,0.645411130984009,0.568654825075712,0.491898519167414,0.415142213259116,0.338385907350821,0.261629601442523,0.184873295534228,0.108116989625934,0.0313606837176366,-0.0453956221906626,-0.122151928098956,-0.198908234007256,-0.275664539915551,-0.352420845823847,-0.429177151732144,-0.50593345764044,-0.582689763548736,-0.659446069457033,-0.736202375365332,-0.736202375365332,-0.736202375365332,-0.736202375365332,-0.736202375365332,-0.736202375365332,-0.736202375365332,-0.736202375365332,-0.736202375365332,-0.736202375365332,-0.736202375365332,-0.736202375365332,-0.736202375365332,-0.736202375365332,-0.736202375365332,-0.736202375365332,-0.736202375365332,-0.736202375365332,-0.736202375365332,-0.736202375365332,-0.736202375365332,7.69868059391963,5.51929261218516,3.76071442764565,2.3812857289027,1.33934620455787,0.593235543212776,0.101293433468983,-0.178140436071912,-0.286726376808323,-0.26612470013867,-0.157995717461359,-0.00399974017480709,0.15420292032257,0.274951952632358,0.316587045356158,0.237447887095538,-0.00412583354790641,-0.449794427972584,-1.14121820757692,-2.12005748375932,-2.12005748375932,-2.12005748375932,-2.12005748375932,-2.12005748375932,-2.12005748375932,-2.12005748375932,-2.12005748375932,-2.12005748375932,-2.12005748375932,-2.12005748375932,-2.12005748375932,-2.12005748375932,-2.12005748375932,-2.12005748375932,-2.12005748375932,-2.12005748375932,-2.12005748375932,-2.12005748375932,-2.12005748375932,-2.12005748375932,0.722550055670093,0.645734937652431,0.568919819634771,0.492104701617109,0.415289583599451,0.338474465581786,0.261660278447831,0.184852598380324,0.1080606812488,0.0312896113289653,-0.0454618474779807,-0.122197143816013,-0.198924129436387,-0.275654760848106,-0.352393666235605,-0.429136073265294,-0.505880054206763,-0.582626924241945,-0.659371978634976,-0.736111160872319,-0.736111160872319,-0.736111160872319,-0.736111160872319,-0.736111160872319,-0.736111160872319,-0.736111160872319,-0.736111160872319,-0.736111160872319,-0.736111160872319,-0.736111160872319,-0.736111160872319,-0.736111160872319,-0.736111160872319,-0.736111160872319,-0.736111160872319,-0.736111160872319,-0.736111160872319,-0.736111160872319,-0.736111160872319,-0.736111160872319,1,1,1,1,1,1,1,1,1,1,1,1,1,1,1,1,1,1,1,1,1,1,1,1,1,1,1,1,1,1,1,1,1,1,1,1,1,1,1,1
-1.62573941612743,-1.45011871506597,1.29843204188211,-2.03049060870723,-2.57362983005582,2.37243706536365,-1.83204839605304,2.70252418788846,-0.83399034396998,-1.93254809213884,-0.396601050842218,-0.169531316933808,-1.19581303725765,1.4322553008829,1.92906726501546,0.519351981086192,2.05810476347428,0.833580801583022,-1.00362324064923,0.990467360659837,1.72109294550087,0.278823285370333,1.5247520209774,-1.48944204674792,-0.435790413582003,-0.959877348658445,-1.41106521256865,-0.203318602302941,-0.766701002099863,1.18786603386448,-1.58077652386735,-0.318512762558822,0.61613266719554,0.164114944649384,-2.36843086472784,-0.478398425135385,-0.862043482969574,-1.54088595441493,0.931910397204573,-0.358551019062912,1.95857406022194,1.85590449537254,1.75323493052314,1.65056536567374,1.54789580082434,1.44522623597494,1.34255667112554,1.23988710627613,1.13721754142673,1.03454797657733,0.931878411727933,0.829208846878531,0.72653928202913,0.623869717179732,0.52120015233033,0.418530587480927,0.315861022631529,0.213191457782125,0.110521892932725,0.00785232808332559,0.00785232808332559,0.00785232808332559,0.00785232808332559,0.00785232808332559,0.00785232808332559,0.00785232808332559,0.00785232808332559,0.00785232808332559,0.00785232808332559,0.00785232808332559,0.00785232808332559,0.00785232808332559,0.00785232808332559,0.00785232808332559,0.00785232808332559,0.00785232808332559,0.00785232808332559,0.00785232808332559,0.00785232808332559,0.00785232808332559,24.3640515570245,17.3194745810411,11.687672531512,7.32821549952322,4.10067357616085,1.86461685251097,0.479615419659718,-0.194760631306897,-0.298941209302738,0.0266437767582364,0.641564417962131,1.40539080539502,2.17769303014303,2.81804118329212,3.18600535592853,3.14115563913818,2.54306212400721,1.25129490162185,-0.874575936932017,-3.97498030056826,-3.97498030056826,-3.97498030056826,-3.97498030056826,-3.97498030056826,-3.97498030056826,-3.97498030056826,-3.97498030056826,-3.97498030056826,-3.97498030056826,-3.97498030056826,-3.97498030056826,-3.97498030056826,-3.97498030056826,-3.97498030056826,-3.97498030056826,-3.97498030056826,-3.97498030056826,-3.97498030056826,-3.97498030056826,-3.97498030056826,6.27200308693705,5.3744337771485,4.47686446735997,3.57929515757144,2.68172584778291,1.78415653799436,0.940625919310227,0.365459926418508,0.0946569107730308,0.106444159171993,0.474288541088603,1.13261810517966,1.79773379974983,2.21924494952532,2.27551406158207,1.90554686114658,1.16041391546952,0.190686766966035,-0.908447153542591,-2.09399194865221,-2.09399194865221,-2.09399194865221,-2.09399194865221,-2.09399194865221,-2.09399194865221,-2.09399194865221,-2.09399194865221,-2.09399194865221,-2.09399194865221,-2.09399194865221,-2.09399194865221,-2.09399194865221,-2.09399194865221,-2.09399194865221,-2.09399194865221,-2.09399194865221,-2.09399194865221,-2.09399194865221,-2.09399194865221,-2.09399194865221,1,1,1,1,1,1,1,1,1,1,1,1,1,1,1,1,1,1,1,1,1,1,1,1,1,1,1,1,1,1,1,1,1,1,1,1,1,1,1,1
-3.18458136008861,0.595446287784386,0.874731417901934,-1.49208092091914,0.992622254718412,0.816589053421928,-3.27225066978136,-1.12294559481537,-0.930087737230798,-0.207743492483386,0.28522757785159,0.351355753911999,1.67515005802782,-1.08529147197847,-1.19696452146317,1.72179963074602,0.379370264538194,2.01643834728879,2.26315372819787,0.434733495981632,-1.10188584931051,-0.096507945839889,1.33215772342434,3.07089529485505,1.06040730293992,-1.36658849224366,-0.11981709152729,2.30306787325949,1.12472330020581,0.0765276487365334,-0.784303518305968,-0.654140261171806,-0.715495548388775,0.840144898066942,-0.732008131024646,-0.739831610997804,-0.670587552691559,1.10504252372753,1.62770717572533,0.509471109310629,-4.68552449439547,-4.21307802206944,-3.74063154974342,-3.2681850774174,-2.79573860509137,-2.32329213276535,-1.85084566043933,-1.3783991881133,-0.905952715787279,-0.433506243461258,0.0389402288647656,0.511386701190789,0.983833173516816,1.45627964584284,1.92872611816886,2.40117259049488,2.87361906282091,3.34606553514693,3.81851200747295,4.29095847979898,4.29095847979898,4.29095847979898,4.29095847979898,4.29095847979898,4.29095847979898,4.29095847979898,4.29095847979898,4.29095847979898,4.29095847979898,4.29095847979898,4.29095847979898,4.29095847979898,4.29095847979898,4.29095847979898,4.29095847979898,4.29095847979898,4.29095847979898,4.29095847979898,4.29095847979898,4.29095847979898,-12.7250984623548,-10.0081029937308,-7.71255486862858,-5.79843102809821,-4.22570841318991,-2.95436396495387,-1.94437462444023,-1.15571733269919,-0.548369030780915,-0.0823066597355648,0.282492839386677,0.586052525535647,0.868395457661135,1.16954469471303,1.52952329564114,1.98835431939525,2.58606082492524,3.36266587118089,4.3581925171121,5.61266382166861,5.61266382166861,5.61266382166861,5.61266382166861,5.61266382166861,5.61266382166861,5.61266382166861,5.61266382166861,5.61266382166861,5.61266382166861,5.61266382166861,5.61266382166861,5.61266382166861,5.61266382166861,5.61266382166861,5.61266382166861,5.61266382166861,5.61266382166861,5.61266382166861,5.61266382166861,5.61266382166861,-2.92894323464302,-2.69779248127204,-2.46664172790107,-2.23549097453009,-2.00434022115911,-1.77318946778814,-1.53780278202733,-1.27971430750352,-0.989370149653027,-0.668106020384057,-0.314322643190643,0.0796167144580533,0.523247403790565,1.02837732664695,1.60729695528395,2.26329875967361,2.98569309530996,3.75689363573773,4.56020842266124,5.37967384911714,5.37967384911714,5.37967384911714,5.37967384911714,5.37967384911714,5.37967384911714,5.37967384911714,5.37967384911714,5.37967384911714,5.37967384911714,5.37967384911714,5.37967384911714,5.37967384911714,5.37967384911714,5.37967384911714,5.37967384911714,5.37967384911714,5.37967384911714,5.37967384911714,5.37967384911714,5.37967384911714,1,1,1,1,1,1,1,1,1,1,1,1,1,1,1,1,1,0,0,1,1,1,1,1,1,1,1,1,1,1,1,1,1,1,1,1,1,1,1,1
-1.24872454648203,-1.82567477374143,-0.334772171769788,3.50299340303485,0.385787516348377,-1.46728126604539,-0.232002075982534,-0.274432085278345,1.58575975845274,-1.29512698095949,-1.38302665501705,2.57977459816583,0.658592725491078,0.633400531555839,-0.875910024121142,0.153714499797434,-0.217674698716191,1.5722743737265,-2.28086767437861,-0.791096578134603,2.22527725375437,1.75069903430183,-1.90621142789376,3.11790362177419,-2.25974515380606,-0.784058223583495,0.794580580470569,-1.81012530737474,0.196925836862547,-1.84650228320901,1.29797613671892,-0.735833808557052,-0.579021517597427,-0.0506217226468042,-0.0286835135063885,-0.071400239176338,-0.278054178321323,0.700599444236325,-0.956122942819036,-0.263807609964051,-1.88989478946337,-1.69940939118576,-1.50892399290815,-1.31843859463053,-1.12795319635292,-0.93746779807531,-0.746982399797696,-0.556497001520084,-0.36601160324247,-0.175526204964859,0.0149591933127553,0.205444591590366,0.395929989867982,0.586415388145593,0.776900786423207,0.967386184700819,1.15787158297843,1.34835698125604,1.53884237953366,1.72932777781127,1.72932777781127,1.72932777781127,1.72932777781127,1.72932777781127,1.72932777781127,1.72932777781127,1.72932777781127,1.72932777781127,1.72932777781127,1.72932777781127,1.72932777781127,1.72932777781127,1.72932777781127,1.72932777781127,1.72932777781127,1.72932777781127,1.72932777781127,1.72932777781127,1.72932777781127,1.72932777781127,-13.3661235790804,-10.3634578116237,-7.80822131055326,-5.66485452688309,-3.89779791162739,-2.47149191580033,-1.35037699041608,-0.498893586488796,0.118517844967366,0.537416852938257,0.793362986409699,0.9219157943675,0.958634825797535,0.939079629685651,0.898809755017648,0.87338475077938,0.898364165956703,1.00930754953542,1.24177445050139,1.63132441784045,1.63132441784045,1.63132441784045,1.63132441784045,1.63132441784045,1.63132441784045,1.63132441784045,1.63132441784045,1.63132441784045,1.63132441784045,1.63132441784045,1.63132441784045,1.63132441784045,1.63132441784045,1.63132441784045,1.63132441784045,1.63132441784045,1.63132441784045,1.63132441784045,1.63132441784045,1.63132441784045,-3.1759208651826,-2.84042863408543,-2.50493640298825,-2.16944417189107,-1.8339519407939,-1.49845970969672,-1.16064387931551,-0.809158135747433,-0.433262564004337,-0.0332619544780322,0.370859319942095,0.73690359105926,1.01462864819262,1.17345008390671,1.21785203902115,1.17433195243041,1.07134402435509,0.936247605655192,0.795461007446113,0.661329922833984,0.661329922833984,0.661329922833984,0.661329922833984,0.661329922833984,0.661329922833984,0.661329922833984,0.661329922833984,0.661329922833984,0.661329922833984,0.661329922833984,0.661329922833984,0.661329922833984,0.661329922833984,0.661329922833984,0.661329922833984,0.661329922833984,0.661329922833984,0.661329922833984,0.661329922833984,0.661329922833984,1,1,1,1,1,1,1,1,1,1,1,1,1,1,1,1,1,1,1,1,1,1,1,1,1,1,1,1,1,1,1,1,1,1,1,1,1,1,1,1
-0.36793040112847,-4.1196704766833,0.0175323372377125,-0.44016222826609,0.347487589278452,1.87367832999294,-0.424877646493663,-0.843587312400931,1.00651090463279,0.463408899748055,-1.5998894437104,1.70074875604467,0.104086059943819,2.03720756591362,-1.40284845527836,3.07775172438952,-1.55121333041659,-0.344857239563076,-1.93782238821443,-0.547161762185686,-2.86495705897112,1.27432504692473,0.660899047513542,1.30673429066138,1.16720915050452,-0.99792392991483,-1.93441966885841,-1.83131949221728,0.571211621113349,-0.395146137406908,-0.252486312531618,1.09999765260389,-0.29343873761117,-0.217050775021018,2.54146966104118,-2.26489611944159,-0.0119167005727636,0.212955197592189,-0.407154209924247,-0.109010093404699,1.41399082726098,1.21287541405226,1.01176000084355,0.81064458763483,0.609529174426115,0.408413761217396,0.207298348008681,0.00618293479996446,-0.194932478408756,-0.396047891617469,-0.597163304826186,-0.798278718034904,-0.999394131243619,-1.20050954445234,-1.40162495766106,-1.60274037086977,-1.80385578407848,-2.00497119728721,-2.20608661049592,-2.40720202370463,-2.40720202370463,-2.40720202370463,-2.40720202370463,-2.40720202370463,-2.40720202370463,-2.40720202370463,-2.40720202370463,-2.40720202370463,-2.40720202370463,-2.40720202370463,-2.40720202370463,-2.40720202370463,-2.40720202370463,-2.40720202370463,-2.40720202370463,-2.40720202370463,-2.40720202370463,-2.40720202370463,-2.40720202370463,-2.40720202370463,20.834275718648,15.1843068742497,10.5459875390646,6.82577605297466,3.93013075586146,1.76550998760679,0.238372088092376,-0.744824602800055,-1.27762174518877,-1.45356099919202,-1.36618402492808,-1.10903248251523,-0.775648032071707,-0.459572333715798,-0.254347047565785,-0.253513833739888,-0.550614352356417,-1.23919026353361,-2.41278322738977,-4.16493490404311,-4.16493490404311,-4.16493490404311,-4.16493490404311,-4.16493490404311,-4.16493490404311,-4.16493490404311,-4.16493490404311,-4.16493490404311,-4.16493490404311,-4.16493490404311,-4.16493490404311,-4.16493490404311,-4.16493490404311,-4.16493490404311,-4.16493490404311,-4.16493490404311,-4.16493490404311,-4.16493490404311,-4.16493490404311,-4.16493490404311,-0.475160774312193,-0.433202149416131,-0.391243524520063,-0.349284899624,-0.307326274727936,-0.26536764983187,-0.222857929611772,-0.181315698666229,-0.160123360981199,-0.184512713873866,-0.26295850835545,-0.387340892445708,-0.54920326369508,-0.750564001663475,-1.00375590555116,-1.32245290359205,-1.71062752650627,-2.16023616834151,-2.65544669580274,-3.1745679069214,-3.1745679069214,-3.1745679069214,-3.1745679069214,-3.1745679069214,-3.1745679069214,-3.1745679069214,-3.1745679069214,-3.1745679069214,-3.1745679069214,-3.1745679069214,-3.1745679069214,-3.1745679069214,-3.1745679069214,-3.1745679069214,-3.1745679069214,-3.1745679069214,-3.1745679069214,-3.1745679069214,-3.1745679069214,-3.1745679069214,1,1,1,1,1,1,1,1,1,1,1,1,1,1,1,1,1,1,1,1,1,1,1,1,1,1,1,1,1,1,1,1,1,1,1,1,1,1,1,1
-0.563578765264669,1.16351036908553,-3.53206179654017,-0.0134556001820014,0.113648888147035,-0.576772178181193,0.575407036770012,-0.653956259876894,1.50562800014604,0.680151699373443,0.493423433725887,0.613986352945206,1.13361309521824,-2.11114699049434,0.369411801125404,0.132338567805537,1.05319049129568,-0.230831595928462,0.455194626726852,1.7187506699855,-0.268910284466418,-3.19122395679843,0.74544360609077,1.43846714065195,-0.696326329594081,-1.64398951597698,0.616413100367346,-0.00680127689843424,0.648451979849581,-2.12251933059347,-0.188062368017636,1.84238524175068,-0.773645783567853,0.43124571105152,-0.533370326186413,-0.253050718538168,0.29326873707603,-0.0816991596226764,-1.69278491039539,-3.8643291652668,-3.98403568766055,-3.62935668192061,-3.27467767618068,-2.91999867044075,-2.56531966470082,-2.21064065896088,-1.85596165322095,-1.50128264748102,-1.14660364174109,-0.791924636001157,-0.437245630261225,-0.082566624521295,0.272112381218637,0.626791386958571,0.981470392698503,1.33614939843843,1.69082840417837,2.0455074099183,2.40018641565823,2.75486542139816,2.75486542139816,2.75486542139816,2.75486542139816,2.75486542139816,2.75486542139816,2.75486542139816,2.75486542139816,2.75486542139816,2.75486542139816,2.75486542139816,2.75486542139816,2.75486542139816,2.75486542139816,2.75486542139816,2.75486542139816,2.75486542139816,2.75486542139816,2.75486542139816,2.75486542139816,2.75486542139816,14.9962699149242,10.0695991558678,6.1149114926534,3.04290060357565,0.764260166929209,-0.810316138991281,-1.77013463589117,-2.20450164547583,-2.20272348945056,-1.85410648952076,-1.24795696739178,-0.473581244768933,0.379714356642404,1.22262351513687,1.96583990900914,2.52005721655386,2.79596911606565,2.70426928583918,2.15565140416912,1.06080914935007,1.06080914935007,1.06080914935007,1.06080914935007,1.06080914935007,1.06080914935007,1.06080914935007,1.06080914935007,1.06080914935007,1.06080914935007,1.06080914935007,1.06080914935007,1.06080914935007,1.06080914935007,1.06080914935007,1.06080914935007,1.06080914935007,1.06080914935007,1.06080914935007,1.06080914935007,1.06080914935007,-2.45122980749346,-2.33898651166656,-2.22674321583964,-2.11449992001273,-2.00225662418583,-1.89001332835891,-1.77414719992542,-1.63632483033544,-1.45165885910342,-1.18355275784638,-0.786149683551379,-0.249650366699422,0.358440277609999,0.931952662840247,1.41125468689989,1.79941015790843,2.09164725214017,2.23581430915719,2.19588335562578,2.02893084993896,2.02893084993896,2.02893084993896,2.02893084993896,2.02893084993896,2.02893084993896,2.02893084993896,2.02893084993896,2.02893084993896,2.02893084993896,2.02893084993896,2.02893084993896,2.02893084993896,2.02893084993896,2.02893084993896,2.02893084993896,2.02893084993896,2.02893084993896,2.02893084993896,2.02893084993896,2.02893084993896,1,1,1,1,1,1,1,1,1,1,1,1,1,1,1,1,1,1,1,1,1,1,1,1,1,1,1,1,1,1,1,1,1,1,1,1,1,1,1,1
-0.549098794295702,-2.72594602542353,0.385087949299376,0.302512143293064,-1.84312016944706,-0.902682415964699,1.49141876627297,1.44026926735851,0.675309635818531,1.2442822402709,0.415113222154631,-0.962868078921336,-0.102667422988061,2.21224998964082,-2.21753595004597,-1.7719534835649,0.0971901885070388,1.20650288566944,-0.718724382715797,1.22522473118216,-0.597932619773427,-0.173891188026083,1.65380003317532,-0.384080650414004,0.876304347583833,0.145783462693426,0.355273080787564,2.08605320152917,-0.740814254908226,2.31434786678729,0.654562877433793,-0.981500867020179,-3.45829784984307,-1.03891656305815,-1.2226798870067,0.364273219144344,1.46749479134665,0.906967835437658,-0.0372246211586482,0.518723658650558,-1.27174949326225,-1.1444320512106,-1.01711460915897,-0.889797167107326,-0.762479725055687,-0.635162283004046,-0.507844840952408,-0.380527398900767,-0.25320995684913,-0.125892514797489,0.00142492725415266,0.12874236930579,0.25605981135743,0.383377253409071,0.51069469546071,0.638012137512348,0.765329579563987,0.892647021615627,1.01996446366727,1.14728190571891,1.14728190571891,1.14728190571891,1.14728190571891,1.14728190571891,1.14728190571891,1.14728190571891,1.14728190571891,1.14728190571891,1.14728190571891,1.14728190571891,1.14728190571891,1.14728190571891,1.14728190571891,1.14728190571891,1.14728190571891,1.14728190571891,1.14728190571891,1.14728190571891,1.14728190571891,1.14728190571891,11.8583465389283,8.3005379953847,5.42751018954514,3.17581714451795,1.48201288341148,0.282651429334074,-0.485713194605929,-0.886526965300178,-0.983235859640333,-0.839285854518034,-0.51812292682496,-0.0831930534527547,0.40205778870693,0.874183622762432,1.26973847182209,1.52527635899427,1.57735130738732,1.36251734010954,0.817328480269321,-0.121661249025026,-0.121661249025026,-0.121661249025026,-0.121661249025026,-0.121661249025026,-0.121661249025026,-0.121661249025026,-0.121661249025026,-0.121661249025026,-0.121661249025026,-0.121661249025026,-0.121661249025026,-0.121661249025026,-0.121661249025026,-0.121661249025026,-0.121661249025026,-0.121661249025026,-0.121661249025026,-0.121661249025026,-0.121661249025026,-0.121661249025026,-1.27115538475389,-1.14391842204488,-1.01668145933587,-0.889444496626861,-0.762207533917851,-0.634970571208841,-0.507735766334961,-0.380510082379928,-0.253286121455966,-0.126048201843446,0.00122039629632908,0.128538896980558,0.255910267365168,0.383308950416826,0.510709275763507,0.638105516521829,0.765492678306956,0.892861721061173,1.02021899910747,1.14757738488566,1.14757738488566,1.14757738488566,1.14757738488566,1.14757738488566,1.14757738488566,1.14757738488566,1.14757738488566,1.14757738488566,1.14757738488566,1.14757738488566,1.14757738488566,1.14757738488566,1.14757738488566,1.14757738488566,1.14757738488566,1.14757738488566,1.14757738488566,1.14757738488566,1.14757738488566,1.14757738488566,1,1,1,1,1,1,1,1,1,1,1,1,1,1,1,1,1,1,1,1,1,1,1,1,1,1,1,1,1,1,1,1,1,1,1,1,1,1,1,1
2.40126168001843,1.21837977511133,-1.19570376176281,2.74248630891293,1.71903225123995,2.28656659208747,0.325045570380029,-1.55267875278705,3.95913862775131,2.20195230202475,0.833353450666808,0.104664150480014,-1.21527881261932,0.710156751538007,0.382900102115375,2.32566696421003,-1.08299304589738,2.1780604298077,-2.49254020436937,-0.829806047087734,0.690831410096083,-0.921245977775547,-0.814995973131044,1.85725065948326,1.01376410301062,-0.991227403954166,-1.52479786172327,-0.963928086588751,0.393595264722451,2.43299106414952,-0.291947745775696,-0.99320111792176,-2.76148486571031,1.07782922048751,0.517527487441207,0.282091141836913,0.548736198018803,-0.412101906859933,-2.80041661463746,0.477866508841096,2.31994740151003,2.19727005767532,2.07459271384062,1.95191537000591,1.82923802617121,1.70656068233651,1.5838833385018,1.4612059946671,1.33852865083239,1.21585130699769,1.09317396316298,0.970496619328284,0.847819275493578,0.725141931658875,0.602464587824167,0.479787243989465,0.357109900154761,0.234432556320058,0.111755212485354,-0.0109221313493535,-0.0109221313493535,-0.0109221313493535,-0.0109221313493535,-0.0109221313493535,-0.0109221313493535,-0.0109221313493535,-0.0109221313493535,-0.0109221313493535,-0.0109221313493535,-0.0109221313493535,-0.0109221313493535,-0.0109221313493535,-0.0109221313493535,-0.0109221313493535,-0.0109221313493535,-0.0109221313493535,-0.0109221313493535,-0.0109221313493535,-0.0109221313493535,-0.0109221313493535,3.1182606612906,1.90796372593015,1.06091630092053,0.530436176608796,0.269841143342016,0.232448991467249,0.371577511331549,0.640544493281983,0.992667727665607,1.38126500482948,1.75965411512067,2.08115284888623,2.29907899647323,2.36675034822871,2.23748469449975,1.86459982563341,1.20141353197674,0.201243603876801,-1.18259216831934,-2.99677599426464,-2.99677599426464,-2.99677599426464,-2.99677599426464,-2.99677599426464,-2.99677599426464,-2.99677599426464,-2.99677599426464,-2.99677599426464,-2.99677599426464,-2.99677599426464,-2.99677599426464,-2.99677599426464,-2.99677599426464,-2.99677599426464,-2.99677599426464,-2.99677599426464,-2.99677599426464,-2.99677599426464,-2.99677599426464,-2.99677599426464,0.89767899919759,0.869658748281191,0.841638497364793,0.813618246448385,0.785597995531982,0.757577744615586,0.745135386650772,0.814252355361749,0.988672304898602,1.24092151246032,1.5376801061924,1.83313902647017,2.0437963742295,2.07624143805318,1.87824280363593,1.45122463844391,0.831304744410755,0.0737439496731067,-0.759167873635755,-1.61784783415225,-1.61784783415225,-1.61784783415225,-1.61784783415225,-1.61784783415225,-1.61784783415225,-1.61784783415225,-1.61784783415225,-1.61784783415225,-1.61784783415225,-1.61784783415225,-1.61784783415225,-1.61784783415225,-1.61784783415225,-1.61784783415225,-1.61784783415225,-1.61784783415225,-1.61784783415225,-1.61784783415225,-1.61784783415225,-1.61784783415225,1,1,1,1,1,1,1,1,1,1,1,1,1,1,1,1,1,1,1,1,1,1,1,1,1,1,1,1,1,1,1,1,1,1,1,1,1,1,1,1
1.93698756054202,0.484840225968632,-1.19748250281855,-0.0357772843590736,1.66596012344633,0.469073040600591,0.138942349533518,0.0196131966542268,-2.3731246065376,0.661402788670875,1.12296739349419,0.0769140638816062,-2.31477952750734,-0.208742976811882,1.14991963046928,-3.01049819746852,0.387219678500028,1.15007178269599,0.304111953697847,-0.614424749378083,0.757396794021226,0.983430206166416,-2.10716014571347,-0.447242603388636,-0.870750873185248,1.23538149974576,-2.82731806017353,0.271900359859345,1.03454430398449,-3.52302430448486,-0.810898443168364,0.895525485800642,-1.15511191676416,-0.765280678867656,2.44834739235475,1.29305523696643,0.219337107069247,0.37205396964214,-0.786114461325427,1.64641066893991,-0.507580469486411,-0.536992951927848,-0.566405434369285,-0.595817916810723,-0.62523039925216,-0.654642881693597,-0.684055364135036,-0.713467846576472,-0.742880329017909,-0.772292811459346,-0.801705293900783,-0.83111777634222,-0.860530258783658,-0.889942741225093,-0.919355223666532,-0.948767706107969,-0.978180188549405,-1.00759267099084,-1.03700515343228,-1.06641763587372,-1.06641763587372,-1.06641763587372,-1.06641763587372,-1.06641763587372,-1.06641763587372,-1.06641763587372,-1.06641763587372,-1.06641763587372,-1.06641763587372,-1.06641763587372,-1.06641763587372,-1.06641763587372,-1.06641763587372,-1.06641763587372,-1.06641763587372,-1.06641763587372,-1.06641763587372,-1.06641763587372,-1.06641763587372,-1.06641763587372,11.8797229559434,8.49667685834628,5.71132189173328,3.47073490024857,1.72199272803643,0.412172219241091,-0.51164978199319,-1.10239643152217,-1.41299088520161,-1.49635629888725,-1.40541582843485,-1.19309262970015,-0.912309858538915,-0.6159906708069,-0.357058222359839,-0.188435669053508,-0.163046166743637,-0.333812871285987,-0.753658938536319,-1.4755075243504,-1.4755075243504,-1.4755075243504,-1.4755075243504,-1.4755075243504,-1.4755075243504,-1.4755075243504,-1.4755075243504,-1.4755075243504,-1.4755075243504,-1.4755075243504,-1.4755075243504,-1.4755075243504,-1.4755075243504,-1.4755075243504,-1.4755075243504,-1.4755075243504,-1.4755075243504,-1.4755075243504,-1.4755075243504,-1.4755075243504,0.370577957342568,0.235224016570539,0.0998700757985151,-0.0354838649735107,-0.170837805745534,-0.306191746517563,-0.443834378236152,-0.595069727807,-0.769477296406576,-0.958118228280298,-1.12917373823899,-1.24417598294511,-1.27756957176556,-1.22209037942405,-1.08485632223188,-0.884622757264946,-0.648712390286585,-0.404748450136776,-0.169721872603978,0.0555175747346475,0.0555175747346475,0.0555175747346475,0.0555175747346475,0.0555175747346475,0.0555175747346475,0.0555175747346475,0.0555175747346475,0.0555175747346475,0.0555175747346475,0.0555175747346475,0.0555175747346475,0.0555175747346475,0.0555175747346475,0.0555175747346475,0.0555175747346475,0.0555175747346475,0.0555175747346475,0.0555175747346475,0.0555175747346475,0.0555175747346475,1,1,1,1,1,1,1,1,1,1,1,1,1,1,1,1,1,1,1,1,1,1,1,1,1,1,1,1,1,1,1,1,1,1,1,1,1,1,1,1
-1.79610558370201,2.89343295340903,0.370462334480003,-0.883205773540539,-2.00086309719267,0.987464821746914,0.486724314177853,-1.22130742585819,0.014721665064755,-0.469878707314596,-0.974349543254196,0.393792785273378,4.63290047523857,-0.844373667750331,-2.33721833726938,0.28274071816057,-1.24352025625646,0.547021634362705,-2.05200507575691,1.71046110965073,-0.0324969779966509,-0.111584395615088,1.41929137050023,0.381678963534629,-1.8526693704209,-2.06192702899006,2.14466018012065,-0.0706846786650956,-1.02739941267997,-0.334902909249791,-0.838244674336645,-0.421018450504764,-1.37020034088186,0.407395697119037,0.64065873456147,-0.685969456095117,-0.0156877037361607,-0.290784859633977,-4.53863656507805,1.47764061331771,-2.07971243044067,-1.94681367747293,-1.81391492450518,-1.68101617153744,-1.5481174185697,-1.41521866560196,-1.28231991263421,-1.14942115966647,-1.01652240669873,-0.883623653730988,-0.750724900763242,-0.617826147795501,-0.484927394827759,-0.352028641860016,-0.219129888892271,-0.0862311359245318,0.0466676170432088,0.179566370010955,0.312465122978697,0.445363875946441,0.445363875946441,0.445363875946441,0.445363875946441,0.445363875946441,0.445363875946441,0.445363875946441,0.445363875946441,0.445363875946441,0.445363875946441,0.445363875946441,0.445363875946441,0.445363875946441,0.445363875946441,0.445363875946441,0.445363875946441,0.445363875946441,0.445363875946441,0.445363875946441,0.445363875946441,0.445363875946441,8.39014173327213,7.22421079148467,5.98789890181653,4.71374918884931,3.43430477716463,2.18210879134411,0.989704355969339,-0.110365404378053,-1.08555736511647,-1.90332840166428,-2.5311353894399,-2.93643520386168,-3.08668472034805,-2.94934081431738,-2.49186036118804,-1.68170023637846,-0.486317315306987,1.12683152660797,3.19028941394798,5.73659947129475,5.73659947129475,5.73659947129475,5.73659947129475,5.73659947129475,5.73659947129475,5.73659947129475,5.73659947129475,5.73659947129475,5.73659947129475,5.73659947129475,5.73659947129475,5.73659947129475,5.73659947129475,5.73659947129475,5.73659947129475,5.73659947129475,5.73659947129475,5.73659947129475,5.73659947129475,5.73659947129475,3.7102976681571,3.15544287278839,2.60058807741969,2.04573328205099,1.49087848668229,0.936023691313579,0.381336039015959,-0.181012498556148,-0.786252380539789,-1.43000707703081,-2.01640739432505,-2.42367157404717,-2.58152474767923,-2.44809252470906,-1.97669353523612,-1.1725066296778,-0.137934513124362,1.00085009696585,2.18238284248325,3.3896238912569,3.3896238912569,3.3896238912569,3.3896238912569,3.3896238912569,3.3896238912569,3.3896238912569,3.3896238912569,3.3896238912569,3.3896238912569,3.3896238912569,3.3896238912569,3.3896238912569,3.3896238912569,3.3896238912569,3.3896238912569,3.3896238912569,3.3896238912569,3.3896238912569,3.3896238912569,3.3896238912569,1,1,1,1,1,1,1,1,1,1,1,1,1,1,1,1,1,1,1,1,1,1,1,1,1,1,1,1,1,1,1,1,1,1,1,1,1,1,1,1
-1.14797498514068,1.22391013691931,-2.05276979774676,1.79488695666858,0.668157591733949,0.288108973087168,0.601658623350364,-0.748208953762432,0.552986733854871,-1.2822888122749,0.908535773327673,-0.902197765507916,0.460992342206708,-0.348478633946842,-0.437141221802017,3.11936534901161,-0.50834792469732,2.20282446776382,0.304908755022311,-0.354655776494331,-2.81848576982122,0.0860998010524217,1.92659934756789,2.2385937006552,0.205949311911805,-2.34701080866003,2.54091601106262,-1.16827984009335,0.655056965885224,-1.56506234192953,0.0927393225791331,0.0667643166790253,0.932826788313534,-0.710499388480567,-1.51156319230597,-2.46841867695148,-0.857064290111342,0.689813965814524,1.04381986741467,-1.29009495582419,1.58454097719516,1.51296735259351,1.44139372799186,1.36982010339021,1.29824647878855,1.2266728541869,1.15509922958525,1.0835256049836,1.01195198038195,0.940378355780295,0.868804731178644,0.797231106576993,0.72565748197534,0.654083857373688,0.582510232772036,0.510936608170384,0.439362983568733,0.367789358967084,0.296215734365429,0.224642109763778,0.224642109763778,0.224642109763778,0.224642109763778,0.224642109763778,0.224642109763778,0.224642109763778,0.224642109763778,0.224642109763778,0.224642109763778,0.224642109763778,0.224642109763778,0.224642109763778,0.224642109763778,0.224642109763778,0.224642109763778,0.224642109763778,0.224642109763778,0.224642109763778,0.224642109763778,0.224642109763778,14.3210321161338,10.6705536744019,7.67857395466511,5.28553009538651,3.43185923502905,2.05799851205573,1.10438506492953,0.511456032113443,0.21964855207046,0.169399763263572,0.301146804155765,0.555326813210041,0.872376928889361,1.19273428965675,1.45683603397517,1.60511930030764,1.57802122711712,1.31597895286661,0.759429616019114,-0.151189644962374,-0.151189644962374,-0.151189644962374,-0.151189644962374,-0.151189644962374,-0.151189644962374,-0.151189644962374,-0.151189644962374,-0.151189644962374,-0.151189644962374,-0.151189644962374,-0.151189644962374,-0.151189644962374,-0.151189644962374,-0.151189644962374,-0.151189644962374,-0.151189644962374,-0.151189644962374,-0.151189644962374,-0.151189644962374,-0.151189644962374,2.65803622353124,2.43039191622462,2.20274760891801,1.9751033016114,1.74745899430478,1.51981468699816,1.29436777624603,1.08327136446324,0.903826717768945,0.764971677139952,0.663000856833799,0.59164759929191,0.548431601627611,0.531081368077459,0.536295836757361,0.561679652222807,0.603778310038614,0.656944455226206,0.716477372468205,0.779297048217559,0.779297048217559,0.779297048217559,0.779297048217559,0.779297048217559,0.779297048217559,0.779297048217559,0.779297048217559,0.779297048217559,0.779297048217559,0.779297048217559,0.779297048217559,0.779297048217559,0.779297048217559,0.779297048217559,0.779297048217559,0.779297048217559,0.779297048217559,0.779297048217559,0.779297048217559,0.779297048217559,1,1,1,1,1,1,1,1,1,1,1,1,1,1,1,1,1,1,1,1,1,1,1,1,1,1,1,1,1,1,1,1,1,1,1,1,1,1,1,1
0.15450444414454,0.684532287270184,-0.698914603165156,0.606421184681718,1.70966752230178,-1.22427444116346,0.98734497322369,-0.0249588119311639,-1.03392394127507,-1.06640299335097,0.908741864251281,0.00870778127707439,-0.18568685212678,-1.17834280098677,-1.19072693372319,-0.633862292022433,1.49999606961468,1.20947481860945,-0.764234793128258,2.68753774493445,2.25120510234372,-0.836062825422614,-2.49678732473896,0.755047840780437,1.22873267468729,-0.461502139903031,-1.12621413011194,-1.57141078388754,0.253454851981235,-0.679978908083482,3.54856732527926,0.896948426618097,0.53128187372708,1.11477549797219,0.772042360963145,-1.68034855421475,-2.16822807324493,-0.147864107717448,0.778628763013014,1.07176058749569,-3.66360663752151,-3.38066761576517,-3.09772859400884,-2.81478957225249,-2.53185055049616,-2.24891152873982,-1.96597250698348,-1.68303348522714,-1.4000944634708,-1.11715544171446,-0.834216419958128,-0.551277398201792,-0.268338376445453,0.0146006453108853,0.297539667067225,0.580478688823563,0.863417710579901,1.14635673233624,1.42929575409258,1.71223477584892,1.71223477584892,1.71223477584892,1.71223477584892,1.71223477584892,1.71223477584892,1.71223477584892,1.71223477584892,1.71223477584892,1.71223477584892,1.71223477584892,1.71223477584892,1.71223477584892,1.71223477584892,1.71223477584892,1.71223477584892,1.71223477584892,1.71223477584892,1.71223477584892,1.71223477584892,1.71223477584892,-2.05040530786439,-2.41793196571519,-2.62818696628337,-2.69854448040976,-2.64637867893519,-2.48906373270048,-2.24397381254645,-1.92848308931393,-1.55996573384377,-1.15579591697676,-0.733347809553747,-0.309995582415548,0.096886593597004,0.469924547643096,0.791744108881879,1.04497110647253,1.21223136957425,1.27615072734618,1.21935500894755,1.02447004353743,1.02447004353743,1.02447004353743,1.02447004353743,1.02447004353743,1.02447004353743,1.02447004353743,1.02447004353743,1.02447004353743,1.02447004353743,1.02447004353743,1.02447004353743,1.02447004353743,1.02447004353743,1.02447004353743,1.02447004353743,1.02447004353743,1.02447004353743,1.02447004353743,1.02447004353743,1.02447004353743,-5.36215286409054,-4.85539482257211,-4.34863678105368,-3.84187873953525,-3.33512069801681,-2.82836265649838,-2.32178834540844,-1.82015383534057,-1.34401561107447,-0.914546876979806,-0.53391976347403,-0.193956276423261,0.10495607707337,0.3580833974569,0.570353367085133,0.749691886231703,0.894275930778761,1.00247640695228,1.08725006429654,1.16566709395624,1.16566709395624,1.16566709395624,1.16566709395624,1.16566709395624,1.16566709395624,1.16566709395624,1.16566709395624,1.16566709395624,1.16566709395624,1.16566709395624,1.16566709395624,1.16566709395624,1.16566709395624,1.16566709395624,1.16566709395624,1.16566709395624,1.16566709395624,1.16566709395624,1.16566709395624,1.16566709395624,1,1,1,1,1,1,1,1,1,1,1,1,1,1,1,1,1,1,1,1,1,1,1,1,1,1,1,1,1,1,1,1,1,1,1,1,1,1,1,1
-0.0552494633360703,-1.91251204705079,-1.1849488892055,-1.70900357552701,-2.14927031145265,-0.277815268659285,0.259815797064034,0.342339637038849,2.65659914233415,-0.129434219423972,-0.879177367679686,2.5536012821524,0.679791414320725,1.18699380512982,0.559482504857897,1.65839680875236,-0.171897448591976,-1.00511973429961,1.6549994094209,2.02204848674678,1.29746644226871,0.81701955165477,3.84228028910976,-0.735600100911219,-0.473305954904482,-0.822089796518522,1.2256377960691,-2.5349779100286,0.385234738082355,-0.165773114970428,2.21518934194385,-2.65965714047273,-0.564115166523431,-1.09118601145777,-1.53156032667664,2.74946301737853,-3.05049860062551,-0.202297973195781,1.40961867465901,2.03317581144647,2.93009109883679,2.73099757336318,2.53190404788957,2.33281052241597,2.13371699694236,1.93462347146875,1.73552994599514,1.53643642052153,1.33734289504792,1.13824936957431,0.939155844100705,0.740062318627096,0.540968793153489,0.34187526767988,0.142781742206271,-0.0563117832673381,-0.255405308740945,-0.454498834214554,-0.653592359688163,-0.852685885161772,-0.852685885161772,-0.852685885161772,-0.852685885161772,-0.852685885161772,-0.852685885161772,-0.852685885161772,-0.852685885161772,-0.852685885161772,-0.852685885161772,-0.852685885161772,-0.852685885161772,-0.852685885161772,-0.852685885161772,-0.852685885161772,-0.852685885161772,-0.852685885161772,-0.852685885161772,-0.852685885161772,-0.852685885161772,-0.852685885161772,-8.76381075430287,-5.52316071339441,-2.963550978167,-1.01748892637503,0.382518064227175,1.30396261588525,1.81433735084485,1.9811348913516,1.87184785965118,1.55396887798922,1.09499056861136,0.562405553763261,0.0237064556905544,-0.453614103361101,-0.80206350114605,-0.954149115418655,-0.842378323933263,-0.399258504444253,0.442702965294036,1.75099870752728,1.75099870752728,1.75099870752728,1.75099870752728,1.75099870752728,1.75099870752728,1.75099870752728,1.75099870752728,1.75099870752728,1.75099870752728,1.75099870752728,1.75099870752728,1.75099870752728,1.75099870752728,1.75099870752728,1.75099870752728,1.75099870752728,1.75099870752728,1.75099870752728,1.75099870752728,1.75099870752728,5.81107985864629,5.23036345857595,4.64964705850561,4.06893065843528,3.48821425836494,2.90749785829461,2.32740728110277,1.75071258964625,1.18655513851783,0.676111059965947,0.271817352492963,-0.0200547258390973,-0.226641044850005,-0.349544553182534,-0.369570785435075,-0.284239991596104,-0.100648129685359,0.173669925919526,0.511136218773213,0.87232311408529,0.87232311408529,0.87232311408529,0.87232311408529,0.87232311408529,0.87232311408529,0.87232311408529,0.87232311408529,0.87232311408529,0.87232311408529,0.87232311408529,0.87232311408529,0.87232311408529,0.87232311408529,0.87232311408529,0.87232311408529,0.87232311408529,0.87232311408529,0.87232311408529,0.87232311408529,0.87232311408529,1,1,1,1,1,1,1,1,1,1,1,1,1,1,1,1,1,1,1,1,1,1,1,1,1,1,1,1,1,1,1,1,1,1,1,1,1,1,1,1
0.0462314322064223,0.987200824408416,1.40600142880242,-0.267145255941353,-1.36789119370667,2.38470829153099,-0.476801618058323,1.03560915695657,-0.361814390927842,0.0045946725454975,0.338092695244066,-0.23275395690893,-2.81456790565974,0.452009260627467,-0.837367236493792,-2.30173928553157,-0.517522259549683,0.69389133011766,-0.0693305613246071,1.54907100086123,-0.487447535989052,-1.85640843819955,1.18219860305543,-0.461757481477642,1.20132836439833,0.667314168364534,-0.671785859878486,0.256577897058495,-0.342239303905798,0.90062505138782,-0.489403000563611,0.241480360446324,-0.538083648537407,0.351362239775312,-0.277770514547909,-1.72338883969043,0.16817436992487,0.572147564917355,-1.02081734616529,-0.714933092290966,2.73769327799471,2.54100066632713,2.34430805465955,2.14761544299197,1.95092283132439,1.75423021965681,1.55753760798924,1.36084499632166,1.16415238465408,0.967459772986498,0.770767161318918,0.574074549651341,0.377381937983762,0.18068932631618,-0.0160032853513972,-0.212695897018978,-0.409388508686556,-0.606081120354135,-0.802773732021715,-0.999466343689296,-0.999466343689296,-0.999466343689296,-0.999466343689296,-0.999466343689296,-0.999466343689296,-0.999466343689296,-0.999466343689296,-0.999466343689296,-0.999466343689296,-0.999466343689296,-0.999466343689296,-0.999466343689296,-0.999466343689296,-0.999466343689296,-0.999466343689296,-0.999466343689296,-0.999466343689296,-0.999466343689296,-0.999466343689296,-0.999466343689296,-0.0681412963076511,0.880470687879338,1.53835512885128,1.93954505868178,2.11807350944444,2.10797351321286,1.94327810206063,1.65802030806137,1.28623316328867,0.861949699816154,0.419202949717395,-0.0079740549340066,-0.38554828206442,-0.679486699600258,-0.855756275467925,-0.8803239775938,-0.71915677390434,-0.33822163232586,0.296514479215187,1.21908459279241,1.21908459279241,1.21908459279241,1.21908459279241,1.21908459279241,1.21908459279241,1.21908459279241,1.21908459279241,1.21908459279241,1.21908459279241,1.21908459279241,1.21908459279241,1.21908459279241,1.21908459279241,1.21908459279241,1.21908459279241,1.21908459279241,1.21908459279241,1.21908459279241,1.21908459279241,1.21908459279241,3.71554250296403,3.40976192421458,3.10398134546513,2.79820076671568,2.49242018796622,2.18663960921676,1.89457086966783,1.64904486950517,1.35878286659331,0.94958026517593,0.47829628515448,0.0109713119567374,-0.411167780874361,-0.722674299913718,-0.91909229094864,-1.03681667941994,-0.960085278486511,-0.503828291283845,0.29405799527108,1.22610505884863,1.22610505884863,1.22610505884863,1.22610505884863,1.22610505884863,1.22610505884863,1.22610505884863,1.22610505884863,1.22610505884863,1.22610505884863,1.22610505884863,1.22610505884863,1.22610505884863,1.22610505884863,1.22610505884863,1.22610505884863,1.22610505884863,1.22610505884863,1.22610505884863,1.22610505884863,1.22610505884863,1,1,1,1,1,1,1,1,1,1,1,1,1,1,1,1,1,1,1,1,1,1,1,1,1,1,1,1,1,1,1,1,1,1,1,1,1,1,1,1
0.945174458979676,-2.05219358021364,-2.73067533687872,1.42478527720819,1.67806005480987,-0.75590742067038,-0.732243686526656,-0.636099451308905,-0.365310115756992,-1.11374419307728,2.41093915699324,-0.536471190748475,2.58873693716214,-1.28129029665153,1.7578520216013,-0.645523400426759,1.27765611708927,-1.29399881598067,-0.807208361932123,-0.468099750686127,0.457404745014431,-0.542164823215517,-0.217376393431669,-0.80390579491694,-0.966846535704068,-0.609740534725507,-0.174371549846077,-1.38974946511719,-2.09147158750161,-1.0334084527182,-1.50831019663534,-0.13486575877606,1.43858766712068,2.32179357252092,0.953647073772869,-0.317663719596798,1.11207577616853,0.576808695988618,-0.0343305112952663,-0.0792881161374037,0.560330881326426,0.402168837754875,0.244006794183326,0.0858447506117752,-0.0723172929597755,-0.230479336531326,-0.388641380102875,-0.546803423674428,-0.704965467245977,-0.863127510817526,-1.02128955438907,-1.17945159796063,-1.33761364153218,-1.49577568510372,-1.65393772867528,-1.81209977224683,-1.97026181581838,-2.12842385938993,-2.28658590296148,-2.44474794653303,-2.44474794653303,-2.44474794653303,-2.44474794653303,-2.44474794653303,-2.44474794653303,-2.44474794653303,-2.44474794653303,-2.44474794653303,-2.44474794653303,-2.44474794653303,-2.44474794653303,-2.44474794653303,-2.44474794653303,-2.44474794653303,-2.44474794653303,-2.44474794653303,-2.44474794653303,-2.44474794653303,-2.44474794653303,-2.44474794653303,-10.3876280639609,-7.53131776346622,-5.227085254361,-3.42411025270541,-2.07157247455959,-1.11865163598372,-0.514527453037946,-0.208379641782441,-0.149387918277371,-0.286731998582889,-0.569591598759169,-0.947146434866358,-1.36857622296464,-1.78306067911418,-2.13977951937511,-2.38791245980765,-2.47663921647188,-2.35513950542802,-1.97259304273624,-1.27817954445667,-1.27817954445667,-1.27817954445667,-1.27817954445667,-1.27817954445667,-1.27817954445667,-1.27817954445667,-1.27817954445667,-1.27817954445667,-1.27817954445667,-1.27817954445667,-1.27817954445667,-1.27817954445667,-1.27817954445667,-1.27817954445667,-1.27817954445667,-1.27817954445667,-1.27817954445667,-1.27817954445667,-1.27817954445667,-1.27817954445667,0.561556716165882,0.4032149272799,0.244873138393927,0.0865313495079469,-0.0718104393780319,-0.230152228264011,-0.388489648611289,-0.546802768933709,-0.705076959704291,-0.863308404468659,-1.02149983791901,-1.17966023900357,-1.33779863702051,-1.49591679783804,-1.65401563620603,-1.81210267155393,-1.9701848292115,-2.12826168014417,-2.28633154439544,-2.44439697757941,-2.44439697757941,-2.44439697757941,-2.44439697757941,-2.44439697757941,-2.44439697757941,-2.44439697757941,-2.44439697757941,-2.44439697757941,-2.44439697757941,-2.44439697757941,-2.44439697757941,-2.44439697757941,-2.44439697757941,-2.44439697757941,-2.44439697757941,-2.44439697757941,-2.44439697757941,-2.44439697757941,-2.44439697757941,-2.44439697757941,1,1,1,1,1,1,1,1,1,1,1,1,1,1,1,1,1,1,1,1,1,1,1,1,1,1,1,1,1,1,1,1,1,1,1,1,1,1,1,1
-0.0233424932715613,1.41703422111644,0.791872978103937,0.26481361479166,1.25975891005725,-0.337898567410691,-0.391083045642175,0.445347601857705,0.779603874636974,0.530630494935775,-1.45338769725879,0.150658045288779,-0.916167489484879,-1.12095946639976,-0.586983498608136,-1.37902416091259,-2.75470765628044,0.934886771620793,-0.99511126970252,-1.0902683835612,-0.143367240453349,0.294161488081052,0.790130691147761,1.8220900500942,1.43004014455737,0.175857570182169,0.977797044773981,0.124828093416424,1.48326261070079,-0.3940757511537,0.921089892918578,-1.9945872328305,-0.274872120866133,0.143092663894048,1.00397501952331,3.11237467439855,-3.56558035341754,-1.54552313578469,-0.510124727253528,1.84553478734546,-2.77786726243699,-2.5708065184742,-2.36374577451141,-2.15668503054861,-1.94962428658582,-1.74256354262303,-1.53550279866023,-1.32844205469744,-1.12138131073465,-0.914320566771854,-0.707259822809061,-0.500199078846265,-0.293138334883475,-0.0860775909206808,0.120983153042111,0.328043897004905,0.535104640967697,0.742165384930491,0.949226128893283,1.15628687285608,1.15628687285608,1.15628687285608,1.15628687285608,1.15628687285608,1.15628687285608,1.15628687285608,1.15628687285608,1.15628687285608,1.15628687285608,1.15628687285608,1.15628687285608,1.15628687285608,1.15628687285608,1.15628687285608,1.15628687285608,1.15628687285608,1.15628687285608,1.15628687285608,1.15628687285608,1.15628687285608,-11.350961534402,-8.19000033706162,-5.68211347027949,-3.7579833481303,-2.3482923846887,-1.38372299402932,-0.794957590226848,-0.512678587355898,-0.467568399491146,-0.590309440707237,-0.811584125078818,-1.0620748666806,-1.27246407958711,-1.37343417787311,-1.29566757561319,-0.969846686882041,-0.32665392575429,0.703228293695405,2.18911755739238,4.20033145126203,4.20033145126203,4.20033145126203,4.20033145126203,4.20033145126203,4.20033145126203,4.20033145126203,4.20033145126203,4.20033145126203,4.20033145126203,4.20033145126203,4.20033145126203,4.20033145126203,4.20033145126203,4.20033145126203,4.20033145126203,4.20033145126203,4.20033145126203,4.20033145126203,4.20033145126203,4.20033145126203,-2.43435834544258,-2.22358360211117,-2.01280885877976,-1.80203411544834,-1.59125937211693,-1.38048462878552,-1.16929135211766,-0.958214031417654,-0.764119657214966,-0.633996483279002,-0.620811025030042,-0.72283072654527,-0.863240060935514,-0.952527427081719,-0.933583730559178,-0.728273505055071,-0.210460936382393,0.680384790480014,1.84467419892599,3.11628462302504,3.11628462302504,3.11628462302504,3.11628462302504,3.11628462302504,3.11628462302504,3.11628462302504,3.11628462302504,3.11628462302504,3.11628462302504,3.11628462302504,3.11628462302504,3.11628462302504,3.11628462302504,3.11628462302504,3.11628462302504,3.11628462302504,3.11628462302504,3.11628462302504,3.11628462302504,3.11628462302504,1,1,1,1,1,1,1,1,1,1,1,1,1,1,1,1,1,1,1,1,1,1,1,1,1,1,1,1,1,1,1,1,1,1,1,1,1,1,1,1
-0.402100263628032,-0.0538711263051348,1.38918677765688,1.44014418320198,1.17850951810087,2.03514177393143,-0.380239600195713,1.32687324191989,1.18325935008118,0.0052071387812731,-0.425494855036655,-0.684152650611162,1.48290409109798,-0.566475245179038,-1.24321292937635,0.654187544564756,2.41877189870987,0.389500993934506,-2.60944538194918,1.113637029812,-1.60026312593039,1.37119042019052,-0.198533286345679,0.0399984997296041,0.419889832783204,0.362787054711761,0.143827651245752,-2.2224141975212,-2.569504649995,1.53412553094599,-0.47275519795717,-0.490587319189698,-2.15996643480511,0.1171974908914,0.821329853294738,2.93126330491577,-0.00587250882874812,0.338975754146578,-0.465999974029206,-0.710433484257209,0.39427031661366,0.347838931792569,0.301407546971478,0.254976162150387,0.208544777329299,0.162113392508207,0.115682007687118,0.0692506228660257,0.022819238044935,-0.0236121467761539,-0.0700435315972445,-0.116474916418335,-0.162906301239428,-0.209337686060517,-0.255769070881609,-0.302200455702698,-0.348631840523788,-0.395063225344879,-0.44149461016597,-0.487925994987059,-0.487925994987059,-0.487925994987059,-0.487925994987059,-0.487925994987059,-0.487925994987059,-0.487925994987059,-0.487925994987059,-0.487925994987059,-0.487925994987059,-0.487925994987059,-0.487925994987059,-0.487925994987059,-0.487925994987059,-0.487925994987059,-0.487925994987059,-0.487925994987059,-0.487925994987059,-0.487925994987059,-0.487925994987059,-0.487925994987059,6.10821259380512,4.13664775302153,2.5906383652966,1.42465914315832,0.593184799134705,0.0506900457537487,-0.248350404456538,-0.349461838968155,-0.298169545253094,-0.139998810783354,0.0795250769690554,0.314876830532148,0.520531162433935,0.650962785202415,0.660646411365571,0.504056753451458,0.13566852398802,-0.490043564496697,-1.41860479947471,-2.69554046841801,-2.69554046841801,-2.69554046841801,-2.69554046841801,-2.69554046841801,-2.69554046841801,-2.69554046841801,-2.69554046841801,-2.69554046841801,-2.69554046841801,-2.69554046841801,-2.69554046841801,-2.69554046841801,-2.69554046841801,-2.69554046841801,-2.69554046841801,-2.69554046841801,-2.69554046841801,-2.69554046841801,-2.69554046841801,-2.69554046841801,-0.0051255484841306,-0.000347705913791962,0.00443013665654579,0.00920797922688266,0.0139858217972204,0.0187636643675582,0.0239863298102367,0.0309572005903398,0.0371557379100853,0.0371265366041431,0.0265547773440442,0.00318096256230227,-0.0344727512491438,-0.087737644095311,-0.158167046074739,-0.247452626477644,-0.355787017645358,-0.48024346578595,-0.615316517284121,-0.755064069430466,-0.755064069430466,-0.755064069430466,-0.755064069430466,-0.755064069430466,-0.755064069430466,-0.755064069430466,-0.755064069430466,-0.755064069430466,-0.755064069430466,-0.755064069430466,-0.755064069430466,-0.755064069430466,-0.755064069430466,-0.755064069430466,-0.755064069430466,-0.755064069430466,-0.755064069430466,-0.755064069430466,-0.755064069430466,-0.755064069430466,1,1,1,1,1,1,1,1,1,1,1,1,1,1,1,1,1,1,1,1,1,1,1,1,1,1,1,1,1,1,1,1,1,1,1,1,1,1,1,1
1.2728244829578,0.806558646521222,2.15594338362876,-1.99784199032268,-0.469625119212049,2.27481588853487,2.53810378580894,0.322190153710423,-0.0534222853034194,0.566933171346975,1.59843277644385,2.7204190410303,1.71495139928375,-0.445727380037095,2.24146836565168,3.34480875249953,0.903948283328404,0.232295373527524,-2.20405225505405,3.03118304368781,-1.85182685277094,-0.00117038945177939,1.74102521018386,-2.00383549552324,-0.090415325385786,0.200876413042439,-1.19016980287763,0.45979200659125,-0.655251477094939,2.04895478332975,-0.822527402313773,-2.23186515908023,0.978025156923518,-0.225359366000029,-0.879847157546081,2.31852102698115,0.114349623120097,-1.57971741456359,1.19617118591957,0.468264075518702,0.496070839238262,0.593568689792979,0.691066540347696,0.788564390902413,0.886062241457131,0.983560092011846,1.08105794256656,1.17855579312128,1.276053643676,1.37355149423071,1.47104934478543,1.56854719534015,1.66604504589486,1.76354289644958,1.8610407470043,1.95853859755901,2.05603644811373,2.15353429866845,2.25103214922316,2.34852999977788,2.34852999977788,2.34852999977788,2.34852999977788,2.34852999977788,2.34852999977788,2.34852999977788,2.34852999977788,2.34852999977788,2.34852999977788,2.34852999977788,2.34852999977788,2.34852999977788,2.34852999977788,2.34852999977788,2.34852999977788,2.34852999977788,2.34852999977788,2.34852999977788,2.34852999977788,2.34852999977788,24.2806008647837,18.1057493582863,13.0257168884112,8.94456835377448,5.76636865299217,3.39518268468027,1.73507534745477,0.690111539931687,0.16435616072701,0.0618741084567702,0.28673028173697,0.742989579183606,1.33471689941268,1.9659771410402,2.54083520268221,2.96335598295464,3.13760438047357,2.96764529385499,2.35754362171492,1.21136426266933,1.21136426266933,1.21136426266933,1.21136426266933,1.21136426266933,1.21136426266933,1.21136426266933,1.21136426266933,1.21136426266933,1.21136426266933,1.21136426266933,1.21136426266933,1.21136426266933,1.21136426266933,1.21136426266933,1.21136426266933,1.21136426266933,1.21136426266933,1.21136426266933,1.21136426266933,1.21136426266933,1.7775614694193,1.70799284385278,1.63842421828626,1.56885559271974,1.49928696715323,1.42971834158671,1.35966369083239,1.2881878276972,1.22323743612824,1.18813740039505,1.20592301342745,1.27661353585731,1.38414609681377,1.52020776855919,1.68475171086437,1.87231678817427,2.07442659975963,2.2877131080707,2.51004295346632,2.73664112226536,2.73664112226536,2.73664112226536,2.73664112226536,2.73664112226536,2.73664112226536,2.73664112226536,2.73664112226536,2.73664112226536,2.73664112226536,2.73664112226536,2.73664112226536,2.73664112226536,2.73664112226536,2.73664112226536,2.73664112226536,2.73664112226536,2.73664112226536,2.73664112226536,2.73664112226536,2.73664112226536,1,1,1,1,1,1,1,1,1,1,1,1,1,1,1,1,1,1,1,1,1,1,1,1,1,1,1,1,1,1,1,1,1,1,1,1,1,1,1,1
-0.0565778893026363,-1.48125507067206,-0.187341071419898,-1.15782281439063,0.0676784978532261,0.132462466696609,-1.40926327803485,-0.622212667003181,-0.560881074381021,2.62209640328039,-2.39504370931287,-1.8750561938655,0.838972306776434,-0.398128868384319,1.40696472524004,0.338658259149993,1.24855243320827,-0.311254096353665,1.98629045020579,-1.28068433025773,0.803651917036223,-0.248727392732977,3.13675502771624,-0.438406631878719,-2.14724995636555,0.302414859422084,-1.68768824846173,2.46459151837796,0.744315310892697,2.06692137593763,1.47776743413849,1.08855310574077,1.85363454854576,-0.909992467256789,-3.16052530428733,-0.838581256052146,-2.73484726312286,-1.66045588217782,-0.85762996359669,-1.70571034442301,-0.400129894061062,-0.328305648015469,-0.256481401969877,-0.184657155924283,-0.112832909878692,-0.041008663833102,0.0308155822124903,0.102639828258082,0.174464074303673,0.246288320349265,0.318112566394859,0.38993681244045,0.461761058486042,0.533585304531634,0.605409550577226,0.67723379662282,0.749058042668409,0.820882288714003,0.892706534759593,0.964530780805186,0.964530780805186,0.964530780805186,0.964530780805186,0.964530780805186,0.964530780805186,0.964530780805186,0.964530780805186,0.964530780805186,0.964530780805186,0.964530780805186,0.964530780805186,0.964530780805186,0.964530780805186,0.964530780805186,0.964530780805186,0.964530780805186,0.964530780805186,0.964530780805186,0.964530780805186,0.964530780805186,9.14572941762213,6.79810723144832,4.8521022393945,3.27441492064667,2.03174575439079,1.09079521981285,0.418263796098824,-0.0191480375653033,-0.254739801993559,-0.321811017999956,-0.253661206398514,-0.0835898880032691,0.155103416371778,0.429119185912604,0.705157899805171,0.949920037235481,1.13010607738951,1.21241649945321,1.16355178261261,0.950212406053639,0.950212406053639,0.950212406053639,0.950212406053639,0.950212406053639,0.950212406053639,0.950212406053639,0.950212406053639,0.950212406053639,0.950212406053639,0.950212406053639,0.950212406053639,0.950212406053639,0.950212406053639,0.950212406053639,0.950212406053639,0.950212406053639,0.950212406053639,0.950212406053639,0.950212406053639,0.950212406053639,-0.885962480343422,-0.752392815699576,-0.618823151055729,-0.48525348641188,-0.351683821768034,-0.218114157124186,-0.0842315288521238,0.0511581932896235,0.187196876348693,0.318679994790092,0.438135986011774,0.53953941712116,0.618478024813337,0.671727595824848,0.700445845230417,0.711447631053645,0.712210879999036,0.706563995307251,0.696283537586297,0.683605090918832,0.683605090918832,0.683605090918832,0.683605090918832,0.683605090918832,0.683605090918832,0.683605090918832,0.683605090918832,0.683605090918832,0.683605090918832,0.683605090918832,0.683605090918832,0.683605090918832,0.683605090918832,0.683605090918832,0.683605090918832,0.683605090918832,0.683605090918832,0.683605090918832,0.683605090918832,0.683605090918832,1,1,1,1,1,1,1,1,1,1,1,1,1,1,1,1,1,1,1,1,1,1,1,1,1,1,1,1,1,1,1,1,1,1,1,1,1,1,1,1
0.9956878916146,-0.795095263360601,-0.237859470864763,0.21630610453913,-1.31500235443748,-0.961103039471245,-0.74653629752426,-1.07818943785136,-0.194413305845771,0.426591382294264,-0.810623665872987,1.46422903565486,-0.899440510634468,0.159985445702707,0.0835749064749134,2.11115088967831,0.156013736070978,-0.841474944979003,3.76442845450557,-0.356671473718322,0.578731380943037,-1.44257590864974,0.790007884787007,0.27130412215624,-2.02068356110315,2.76473108982267,0.711964974769517,1.3611360596196,-0.603600680793352,-1.69883808115688,-0.989567123510561,3.72836004447216,-1.6924378956653,2.17014002561833,-0.309614740671467,0.197070847611128,-0.693593082017637,-1.2939318545864,1.56367476999634,-0.647704233267621,2.55971177874369,2.3452039087562,2.1306960387687,1.9161881687812,1.70168029879371,1.48717242880621,1.27266455881871,1.05815668883121,0.84364881884372,0.629140948856223,0.414633078868725,0.200125208881229,-0.0143826611062696,-0.228890531093764,-0.443398401081261,-0.657906271068756,-0.872414141056254,-1.08692201104375,-1.30142988103125,-1.51593775101874,-1.51593775101874,-1.51593775101874,-1.51593775101874,-1.51593775101874,-1.51593775101874,-1.51593775101874,-1.51593775101874,-1.51593775101874,-1.51593775101874,-1.51593775101874,-1.51593775101874,-1.51593775101874,-1.51593775101874,-1.51593775101874,-1.51593775101874,-1.51593775101874,-1.51593775101874,-1.51593775101874,-1.51593775101874,-1.51593775101874,-14.91407374432,-10.4813975650493,-6.8663509017598,-3.99650566714712,-1.79943377390683,-0.202707134734539,0.866102337674176,1.47942273062369,1.70968213141843,1.62930862736277,1.31073030576115,0.826375253917943,0.248671559137502,-0.349952691275709,-0.897069410017243,-1.32025050978273,-1.54706790326784,-1.50509350316812,-1.12189922217916,-0.32505697299657,-0.32505697299657,-0.32505697299657,-0.32505697299657,-0.32505697299657,-0.32505697299657,-0.32505697299657,-0.32505697299657,-0.32505697299657,-0.32505697299657,-0.32505697299657,-0.32505697299657,-0.32505697299657,-0.32505697299657,-0.32505697299657,-0.32505697299657,-0.32505697299657,-0.32505697299657,-0.32505697299657,-0.32505697299657,-0.32505697299657,-1.60970921028558,-1.22227179720467,-0.834834384123779,-0.447396971042891,-0.0599595579619958,0.327477855118911,0.722723490390658,1.13948319378079,1.47953190503675,1.56296531946264,1.29587533266865,0.758090643427629,0.116590516585452,-0.484728500671103,-0.943660129800836,-1.20606086846799,-1.28871121671616,-1.23549349540972,-1.06193942108925,-0.799478140975843,-0.799478140975843,-0.799478140975843,-0.799478140975843,-0.799478140975843,-0.799478140975843,-0.799478140975843,-0.799478140975843,-0.799478140975843,-0.799478140975843,-0.799478140975843,-0.799478140975843,-0.799478140975843,-0.799478140975843,-0.799478140975843,-0.799478140975843,-0.799478140975843,-0.799478140975843,-0.799478140975843,-0.799478140975843,-0.799478140975843,1,1,1,1,1,1,1,1,1,1,1,1,1,1,1,1,1,1,1,1,1,1,1,1,1,1,1,1,1,1,1,1,1,1,1,1,1,1,1,1
0.816899372930873,-1.25213029478388,0.565432918180072,-0.126011042155221,2.02865744257159,-1.18917268150887,0.218582869018976,-1.3237067247737,2.47985165661567,-0.514258132599936,-0.0173725233761992,-0.417127518675738,-0.577982307298742,-1.86257046641808,-0.341148826579174,0.056054422241635,-2.32831518039015,-0.231249831305133,-0.433126582622522,1.11534482244315,-1.71601771381202,-2.21344882850934,1.23943225149009,-1.16705741487161,-2.5710791517852,-1.37519058249758,-0.339709036451495,0.521537959489354,0.371733210146058,-0.878141901829096,0.696580503698167,-1.67547987737788,0.226115778964392,2.01786472097823,-1.10352781511786,0.0270315965563626,0.361134865909573,-0.149641916078261,-0.00114776734315214,-0.402869467562551,-1.7499951184636,-1.70958563253999,-1.66917614661637,-1.62876666069276,-1.58835717476915,-1.54794768884554,-1.50753820292193,-1.46712871699832,-1.42671923107471,-1.3863097451511,-1.34590025922748,-1.30549077330387,-1.26508128738026,-1.22467180145665,-1.18426231553304,-1.14385282960942,-1.10344334368582,-1.06303385776221,-1.02262437183859,-0.982214885914981,-0.982214885914981,-0.982214885914981,-0.982214885914981,-0.982214885914981,-0.982214885914981,-0.982214885914981,-0.982214885914981,-0.982214885914981,-0.982214885914981,-0.982214885914981,-0.982214885914981,-0.982214885914981,-0.982214885914981,-0.982214885914981,-0.982214885914981,-0.982214885914981,-0.982214885914981,-0.982214885914981,-0.982214885914981,-0.982214885914981,-12.9567631924151,-10.6498419855614,-8.59319799873437,-6.77790275991379,-5.19502779707943,-3.83564463821109,-2.69082481128851,-1.75163984429151,-1.00916126519986,-0.454460601993317,-0.078609382651706,0.127320864845231,0.172258612517671,0.065132332385895,-0.185129503529962,-0.569598423209591,-1.07934595463284,-1.70544362577948,-2.43896296462929,-3.27097549916198,-3.27097549916198,-3.27097549916198,-3.27097549916198,-3.27097549916198,-3.27097549916198,-3.27097549916198,-3.27097549916198,-3.27097549916198,-3.27097549916198,-3.27097549916198,-3.27097549916198,-3.27097549916198,-3.27097549916198,-3.27097549916198,-3.27097549916198,-3.27097549916198,-3.27097549916198,-3.27097549916198,-3.27097549916198,-3.27097549916198,-4.98208691733391,-4.5144477812485,-4.04680864516309,-3.57916950907769,-3.11153037299229,-2.64389123690688,-2.17615246362735,-1.7139222931141,-1.28893843122081,-0.942807448140915,-0.702933995616364,-0.58218394935672,-0.577554200780151,-0.663766055722142,-0.805320690057759,-0.97396546439321,-1.15402088264355,-1.34825069517474,-1.57326076273531,-1.82847300600397,-1.82847300600397,-1.82847300600397,-1.82847300600397,-1.82847300600397,-1.82847300600397,-1.82847300600397,-1.82847300600397,-1.82847300600397,-1.82847300600397,-1.82847300600397,-1.82847300600397,-1.82847300600397,-1.82847300600397,-1.82847300600397,-1.82847300600397,-1.82847300600397,-1.82847300600397,-1.82847300600397,-1.82847300600397,-1.82847300600397,1,1,1,1,1,1,1,1,1,1,1,1,1,1,1,1,1,1,1,1,1,1,1,1,1,1,1,1,1,1,1,1,1,1,1,1,1,1,1,1
0.723836528377029,2.76585751210043,-3.07528140540972,-0.290869946420067,-1.12016180213209,-1.70709718671055,2.38107036175481,-1.58987460909649,2.6322675660399,2.29519703539536,-1.22810338984207,-1.59723085613355,2.73419350098232,0.126693404624953,-0.993385374826316,0.642362675885547,0.541630839749754,-0.455960753388041,0.38271826951741,1.88687060051076,1.19082522397079,-1.32007911073916,-1.66585273432668,0.467328157638491,1.93618722819478,1.00711520175249,1.96505606888493,0.129362749775602,-0.517515362577178,1.07050913056695,-0.775237469486656,-2.08272649227319,-1.07052199467903,1.84219669033616,0.799307289544835,-0.483063795179209,1.19637014343547,1.49644332991702,-1.18362873889779,2.09001073405872,-0.744781327448663,-0.708478398005321,-0.67217546856198,-0.63587253911864,-0.599569609675297,-0.563266680231957,-0.526963750788615,-0.490660821345275,-0.454357891901934,-0.418054962458591,-0.38175203301525,-0.345449103571909,-0.309146174128568,-0.272843244685227,-0.236540315241886,-0.200237385798543,-0.163934456355204,-0.127631526911861,-0.0913285974685198,-0.0550256680251788,-0.0550256680251788,-0.0550256680251788,-0.0550256680251788,-0.0550256680251788,-0.0550256680251788,-0.0550256680251788,-0.0550256680251788,-0.0550256680251788,-0.0550256680251788,-0.0550256680251788,-0.0550256680251788,-0.0550256680251788,-0.0550256680251788,-0.0550256680251788,-0.0550256680251788,-0.0550256680251788,-0.0550256680251788,-0.0550256680251788,-0.0550256680251788,-0.0550256680251788,-24.9083160134584,-18.9221038745943,-13.8928327807046,-9.74347987549785,-6.39702230268268,-3.77643720596774,-1.80470172906165,-0.404793015673038,0.500311790489469,0.987635545717247,1.13420110630166,1.01703132853409,0.713149068705894,0.29957718310844,-0.146661471966871,-0.548544040228684,-0.829047665385612,-0.911149491146306,-0.717826661219382,-0.172056319313493,-0.172056319313493,-0.172056319313493,-0.172056319313493,-0.172056319313493,-0.172056319313493,-0.172056319313493,-0.172056319313493,-0.172056319313493,-0.172056319313493,-0.172056319313493,-0.172056319313493,-0.172056319313493,-0.172056319313493,-0.172056319313493,-0.172056319313493,-0.172056319313493,-0.172056319313493,-0.172056319313493,-0.172056319313493,-0.172056319313493,-2.68195923187516,-2.41882363613601,-2.15568804039675,-1.89255244465757,-1.62941684891839,-1.36628125317921,-1.06364144455139,-0.630723489843121,-0.331714383153056,-0.285033392052695,-0.14635700938595,0.175025410286665,0.220634132380425,-0.189613731953528,-0.521360298686739,-0.263689108428164,0.35362604208661,0.593559968381838,-0.03816125474704,-1.34066687353004,-1.34066687353004,-1.34066687353004,-1.34066687353004,-1.34066687353004,-1.34066687353004,-1.34066687353004,-1.34066687353004,-1.34066687353004,-1.34066687353004,-1.34066687353004,-1.34066687353004,-1.34066687353004,-1.34066687353004,-1.34066687353004,-1.34066687353004,-1.34066687353004,-1.34066687353004,-1.34066687353004,-1.34066687353004,-1.34066687353004,1,1,1,1,1,1,1,1,1,1,1,1,1,1,1,1,1,1,1,1,1,1,1,1,1,1,1,1,1,1,1,1,1,1,1,1,1,1,1,1
3.398862708446,2.04369956152118,-1.42825137540505,0.51639370221177,1.26109394978687,-1.72268214185346,-1.99980833595066,-0.487722629772309,-0.252827766021866,0.0239286169934978,0.113485509470692,1.43262177468559,0.141182935802428,1.00728707640523,1.85054133818762,0.816026870576726,0.379731454897627,-0.096771578294172,-1.41652210599655,-0.205047849313578,-2.34187980523566,-1.16945250751157,2.00343981350843,-1.5062476777082,1.40562792095655,-3.61351279473969,-0.325158307151547,-1.00319963120051,0.919320347469618,-1.24595523597991,0.904194955057374,0.580317269779266,-1.63936974722714,1.34470995096505,-1.69190418435486,0.187502432736101,-0.102329805438911,-1.04318537652228,1.87980470464493,0.211994765392287,0.713332592686875,0.62483310453948,0.536333616392087,0.447834128244693,0.359334640097298,0.270835151949903,0.18233566380251,0.0938361756551167,0.00533668750772165,-0.0831628006396734,-0.171662288787067,-0.260161776934464,-0.348661265081857,-0.43716075322925,-0.525660241376647,-0.61415972952404,-0.702659217671433,-0.791158705818827,-0.879658193966224,-0.968157682113617,-0.968157682113617,-0.968157682113617,-0.968157682113617,-0.968157682113617,-0.968157682113617,-0.968157682113617,-0.968157682113617,-0.968157682113617,-0.968157682113617,-0.968157682113617,-0.968157682113617,-0.968157682113617,-0.968157682113617,-0.968157682113617,-0.968157682113617,-0.968157682113617,-0.968157682113617,-0.968157682113617,-0.968157682113617,-0.968157682113617,7.72579152698095,5.99672701593032,4.51192914053581,3.25363310669355,2.2040741202997,1.34548738725041,0.660108113441805,0.130171504770038,-0.262087232868735,-0.534432893578382,-0.704630271462756,-0.790444160625707,-0.809639355171091,-0.779980649202761,-0.719232836824586,-0.645160712140417,-0.575529069254101,-0.528102702269479,-0.520646405290437,-0.570924972420814,-0.570924972420814,-0.570924972420814,-0.570924972420814,-0.570924972420814,-0.570924972420814,-0.570924972420814,-0.570924972420814,-0.570924972420814,-0.570924972420814,-0.570924972420814,-0.570924972420814,-0.570924972420814,-0.570924972420814,-0.570924972420814,-0.570924972420814,-0.570924972420814,-0.570924972420814,-0.570924972420814,-0.570924972420814,-0.570924972420814,0.713101995438856,0.624637208185504,0.536172420932154,0.447707633678798,0.359242846425447,0.270778059172095,0.182314466947975,0.0938560782847571,0.00539773729727422,-0.0830772420739461,-0.17158248979781,-0.260112086982632,-0.348643371446471,-0.437158737809392,-0.525660616991228,-0.614163189882056,-0.70267675948126,-0.791204862628861,-0.879747904862354,-0.968301177915489,-0.968301177915489,-0.968301177915489,-0.968301177915489,-0.968301177915489,-0.968301177915489,-0.968301177915489,-0.968301177915489,-0.968301177915489,-0.968301177915489,-0.968301177915489,-0.968301177915489,-0.968301177915489,-0.968301177915489,-0.968301177915489,-0.968301177915489,-0.968301177915489,-0.968301177915489,-0.968301177915489,-0.968301177915489,-0.968301177915489,1,1,1,1,1,1,1,1,1,1,1,1,1,1,1,1,1,1,1,1,1,1,1,1,1,1,1,1,1,1,1,1,1,1,1,1,1,1,1,1
1.20519262958407,1.0320813187525,0.866608678691233,1.761614836441,3.00505359125894,-1.9919263648278,0.0555923552561861,0.515048873988459,-2.12614347302833,-0.116799911621248,1.33341617799386,-1.44646123490059,1.61396347350561,0.55292206525314,1.16885388053071,-1.34507468959009,0.111555700631632,1.06242174692085,-3.74444305967342,1.05569191802878,-2.36032347455592,-0.104048983433417,-0.58362577205048,-1.70612574683667,0.922555396907748,2.28062092746211,0.0134064130275853,0.924691242309885,-0.458775733948579,0.4457670013827,1.91548835673068,-1.05602463594192,-0.489872971409765,0.771271838739754,-2.03283217941448,-2.27152149576657,-2.70520381616228,-0.753345210828257,-1.62546732084109,2.52515342580798,2.01930376608771,1.83383112821395,1.64835849034019,1.46288585246643,1.27741321459268,1.09194057671892,0.906467938845161,0.720995300971403,0.535522663097648,0.350050025223888,0.16457738735013,-0.0208952505236262,-0.206367888397383,-0.391840526271141,-0.577313164144899,-0.762785802018657,-0.948258439892413,-1.13373107776617,-1.31920371563993,-1.50467635351369,-1.50467635351369,-1.50467635351369,-1.50467635351369,-1.50467635351369,-1.50467635351369,-1.50467635351369,-1.50467635351369,-1.50467635351369,-1.50467635351369,-1.50467635351369,-1.50467635351369,-1.50467635351369,-1.50467635351369,-1.50467635351369,-1.50467635351369,-1.50467635351369,-1.50467635351369,-1.50467635351369,-1.50467635351369,-1.50467635351369,18.1788458310902,13.1472588300452,9.08049903211053,5.8833091430024,3.460431868437,1.71660991413051,0.556585985799146,-0.114897210840933,-0.393096970073517,-0.373270586182414,-0.150675353451433,0.179431433835594,0.521792481394874,0.781150494942601,0.862248180194955,0.669828242868103,0.108633388678266,-0.916593676658383,-2.50111024742559,-4.74017361790727,-4.74017361790727,-4.74017361790727,-4.74017361790727,-4.74017361790727,-4.74017361790727,-4.74017361790727,-4.74017361790727,-4.74017361790727,-4.74017361790727,-4.74017361790727,-4.74017361790727,-4.74017361790727,-4.74017361790727,-4.74017361790727,-4.74017361790727,-4.74017361790727,-4.74017361790727,-4.74017361790727,-4.74017361790727,-4.74017361790727,-17.8719484741357,-14.4764837194009,-11.0810189646663,-7.68555420993187,-4.29008945519729,-0.894624700462669,2.0082270307187,2.52044951104103,0.854834019005443,-1.00673038394889,-1.60999986539202,-0.698066918634408,0.631885052923851,0.733467987891025,-0.240968530402244,-0.415449331321541,0.505417044168583,0.560173413059285,-1.41600515804898,-4.62866639726216,-4.62866639726216,-4.62866639726216,-4.62866639726216,-4.62866639726216,-4.62866639726216,-4.62866639726216,-4.62866639726216,-4.62866639726216,-4.62866639726216,-4.62866639726216,-4.62866639726216,-4.62866639726216,-4.62866639726216,-4.62866639726216,-4.62866639726216,-4.62866639726216,-4.62866639726216,-4.62866639726216,-4.62866639726216,-4.62866639726216,1,1,1,1,1,1,1,1,1,1,1,1,1,1,1,1,1,1,1,1,1,1,1,1,1,1,1,1,1,1,1,1,1,1,1,1,1,1,1,1
-1.16728513598488,-0.748959094936019,1.78013969851454,-0.943496570726753,-1.14545029189264,-0.421727362336672,0.362650317041972,0.463466189348097,1.61983968170674,-0.470883415806071,0.362755292390165,1.82344542519804,0.179941109026142,1.27656316229222,-2.67255480696126,-0.524287883497101,-0.613356384350858,0.536615458331585,-0.234970694360294,2.92027683956703,0.200357070292991,-1.5832410536187,-0.172696660793818,1.5872156977425,-0.159396705852606,2.01361918830272,0.662135679123258,1.11574165637033,-0.60130334528459,-0.523937369826021,-0.732168529568479,-3.17818760822719,2.82570807076418,2.42113292054946,1.89287112037609,-0.627106800060453,0.812889287117152,1.53611908128436,-0.587403964812722,0.138120012421091,3.64703364772913,3.34192916130594,3.03682467488277,2.73172018845958,2.4266157020364,2.12151121561322,1.81640672919004,1.51130224276686,1.20619775634368,0.901093269920494,0.595988783497313,0.290884297074133,-0.0142201893490501,-0.319324675772231,-0.624429162195412,-0.929533648618595,-1.23463813504178,-1.53974262146496,-1.84484710788814,-2.14995159431132,-2.14995159431132,-2.14995159431132,-2.14995159431132,-2.14995159431132,-2.14995159431132,-2.14995159431132,-2.14995159431132,-2.14995159431132,-2.14995159431132,-2.14995159431132,-2.14995159431132,-2.14995159431132,-2.14995159431132,-2.14995159431132,-2.14995159431132,-2.14995159431132,-2.14995159431132,-2.14995159431132,-2.14995159431132,-2.14995159431132,-19.5449075650727,-13.1537838063643,-8.06479071336165,-4.15069097838715,-1.28424729376341,0.661777648186993,1.81462115514149,2.3015205347775,2.24971309477247,1.7864361428038,1.03892698654895,0.134422933685302,-0.799838708109666,-1.63662063115856,-2.24868552778393,-2.50879609030837,-2.28971501105447,-1.46420498234473,0.0949713034982196,2.51505115415182,2.51505115415182,2.51505115415182,2.51505115415182,2.51505115415182,2.51505115415182,2.51505115415182,2.51505115415182,2.51505115415182,2.51505115415182,2.51505115415182,2.51505115415182,2.51505115415182,2.51505115415182,2.51505115415182,2.51505115415182,2.51505115415182,2.51505115415182,2.51505115415182,2.51505115415182,2.51505115415182,4.08968565007208,3.75933116590398,3.42897668173589,3.0986221975678,2.76826771339971,2.43791322923161,2.10267707217027,1.72805432118092,1.24776320720267,0.659065675079901,0.0462184157835051,-0.516490883658349,-0.98816088746279,-1.31021362928993,-1.44103666198203,-1.40044508973332,-1.20447701441828,-0.828389841449738,-0.282025569425523,0.356125458863154,0.356125458863154,0.356125458863154,0.356125458863154,0.356125458863154,0.356125458863154,0.356125458863154,0.356125458863154,0.356125458863154,0.356125458863154,0.356125458863154,0.356125458863154,0.356125458863154,0.356125458863154,0.356125458863154,0.356125458863154,0.356125458863154,0.356125458863154,0.356125458863154,0.356125458863154,0.356125458863154,1,1,1,1,1,1,1,1,1,1,1,1,1,1,1,1,1,1,1,1,1,1,1,1,1,1,1,1,1,1,1,1,1,1,1,1,1,1,1,1
-0.288634629674425,-0.495205486800584,0.135306333586308,-0.843521781016675,4.4995501205841,-0.949548340980084,-1.2958340963353,-2.31357016792343,-1.35585893024406,0.992896685140794,0.35192921942774,1.6736763288154,0.926284338981752,-0.196350493364072,0.210335841585664,-2.10562659740296,-1.17131937019884,-1.82128364650905,-1.39531161411042,-0.174873138685628,1.79282838704975,0.182675312837286,1.1683339404742,-1.38392590302714,-0.635141836924721,0.463726541381833,-0.805429636119538,0.575938194053773,0.982256237954186,-0.695399917953754,0.860285197106824,0.124819745683963,-0.243013079695963,0.447600751327519,-0.864536926532791,2.0205724749296,-0.925656756370641,3.04113268377438,-1.19921387052672,1.0480345066691,-3.41588277289508,-3.19653210731529,-2.9771814417355,-2.75783077615571,-2.53848011057592,-2.31912944499614,-2.09977877941635,-1.88042811383656,-1.66107744825677,-1.44172678267698,-1.22237611709719,-1.0030254515174,-0.783674785937613,-0.564324120357822,-0.344973454778032,-0.125622789198244,0.0937278763815446,0.313078541961332,0.532429207541124,0.751779873120913,0.751779873120913,0.751779873120913,0.751779873120913,0.751779873120913,0.751779873120913,0.751779873120913,0.751779873120913,0.751779873120913,0.751779873120913,0.751779873120913,0.751779873120913,0.751779873120913,0.751779873120913,0.751779873120913,0.751779873120913,0.751779873120913,0.751779873120913,0.751779873120913,0.751779873120913,0.751779873120913,1.96516856825402,0.340223084862055,-0.883630156178123,-1.74805293299142,-2.29470702370275,-2.565254206437,-2.6013562593191,-2.44467496047394,-2.13687208802644,-1.7196094201015,-1.23454873482403,-0.723351810318933,-0.227680424711124,0.210803643874511,0.550438617313041,0.749562717479568,0.766514166249165,0.559631185496954,0.0872519970980203,-0.692285177072565,-0.692285177072565,-0.692285177072565,-0.692285177072565,-0.692285177072565,-0.692285177072565,-0.692285177072565,-0.692285177072565,-0.692285177072565,-0.692285177072565,-0.692285177072565,-0.692285177072565,-0.692285177072565,-0.692285177072565,-0.692285177072565,-0.692285177072565,-0.692285177072565,-0.692285177072565,-0.692285177072565,-0.692285177072565,-0.692285177072565,-4.69572909510841,-4.33017802457722,-3.96462695404605,-3.59907588351487,-3.23352481298369,-2.86797374245251,-2.50121446927191,-2.12636234889023,-1.73458648680509,-1.33070424959226,-0.938511964745784,-0.586097564593391,-0.292303237917451,-0.0630448240690846,0.104865868986002,0.207828881468235,0.228964330089541,0.165950643129163,0.052131438665894,-0.0740385142885316,-0.0740385142885316,-0.0740385142885316,-0.0740385142885316,-0.0740385142885316,-0.0740385142885316,-0.0740385142885316,-0.0740385142885316,-0.0740385142885316,-0.0740385142885316,-0.0740385142885316,-0.0740385142885316,-0.0740385142885316,-0.0740385142885316,-0.0740385142885316,-0.0740385142885316,-0.0740385142885316,-0.0740385142885316,-0.0740385142885316,-0.0740385142885316,-0.0740385142885316,1,1,1,1,1,1,1,0,1,1,1,1,1,1,1,1,1,1,1,1,1,1,1,1,1,1,1,1,1,1,1,1,1,1,1,1,1,1,1,1
-0.39070627032823,-0.511697368108665,0.161871611181907,-0.898869833081328,2.47429782790889,-0.818334237854693,-0.0158525106858409,0.193419221441674,0.0540794741081942,-0.654514764292182,0.291980781643167,0.0784123096179581,-2.38647339043339,-0.9558608545433,-0.462831999166733,-0.691988524299713,-0.199641152928566,1.33405189528026,0.482424485586826,0.70383661198475,1.83394570977688,0.102182579647792,0.46700438686854,0.0338291319196742,-0.140765100906618,0.715917393463464,0.0297362127827068,0.0697529689206746,0.385712134557528,0.483996368162668,-0.491230752687958,1.82669328183543,0.82146153864957,1.87219000834216,2.84794638738876,0.812238720149297,-2.26488355578676,-1.01685029779455,-0.34939838692951,-1.09628535610635,1.70481372983955,1.58756381306722,1.4703138962949,1.35306397952257,1.23581406275024,1.11856414597792,1.00131422920559,0.884064312433262,0.766814395660933,0.649564478888607,0.532314562116278,0.415064645343953,0.297814728571627,0.180564811799298,0.0633148950269735,-0.0539350217453549,-0.171184938517682,-0.28843485529001,-0.405684772062335,-0.522934688834662,-0.522934688834662,-0.522934688834662,-0.522934688834662,-0.522934688834662,-0.522934688834662,-0.522934688834662,-0.522934688834662,-0.522934688834662,-0.522934688834662,-0.522934688834662,-0.522934688834662,-0.522934688834662,-0.522934688834662,-0.522934688834662,-0.522934688834662,-0.522934688834662,-0.522934688834662,-0.522934688834662,-0.522934688834662,-0.522934688834662,-17.7188778617159,-12.244883470109,-7.84901952224517,-4.426607703536,-1.87296969939299,-0.0834271952276762,1.04669812354842,1.62208457152378,1.7474104632869,1.5273541134262,1.06659383653017,0.469807947187315,-0.158325240013895,-0.713127410484999,-1.08992024963756,-1.18402544288304,-0.890764675632905,-0.105459633298871,1.2765679987076,3.35999653497514,3.35999653497514,3.35999653497514,3.35999653497514,3.35999653497514,3.35999653497514,3.35999653497514,3.35999653497514,3.35999653497514,3.35999653497514,3.35999653497514,3.35999653497514,3.35999653497514,3.35999653497514,3.35999653497514,3.35999653497514,3.35999653497514,3.35999653497514,3.35999653497514,3.35999653497514,3.35999653497514,-6.95012924758696,-5.49416462940163,-4.03820001121631,-2.58223539303102,-1.12627077484568,0.329693843339641,1.65850950032034,2.3189461118528,2.10762677244872,1.26407660059313,0.119582492281946,-0.97117422715487,-1.62755754533081,-1.62764240540631,-1.032864363197,-0.143113031496259,0.655019970868256,1.16193904352585,1.49695908708631,1.83450401038698,1.83450401038698,1.83450401038698,1.83450401038698,1.83450401038698,1.83450401038698,1.83450401038698,1.83450401038698,1.83450401038698,1.83450401038698,1.83450401038698,1.83450401038698,1.83450401038698,1.83450401038698,1.83450401038698,1.83450401038698,1.83450401038698,1.83450401038698,1.83450401038698,1.83450401038698,1.83450401038698,1,1,1,1,1,1,1,1,1,1,1,1,1,1,1,1,1,1,1,1,1,1,1,1,1,1,1,1,1,1,1,1,1,1,1,1,1,1,1,1
0.267746696617446,2.59854425124343,0.443332518379663,1.27014138660339,0.197165141965756,-4.33049130400157,-2.13660875888606,-0.842436107587003,0.799891854721263,2.29490147830818,0.748366769024235,0.477960889291479,0.294421573573651,2.37595591000258,-1.99767924859778,-2.25449029623479,0.349187810657416,-2.28513093479836,0.930510630908987,-0.400814489218574,-2.36539563019348,0.155642316214983,-1.23049966648819,0.509765454656419,0.155277744352336,-1.08321812784516,1.62819325518594,1.47731390117598,-1.72196827775207,0.0784261901303243,2.16964704123097,0.317842765330802,0.238085259363185,-0.907650101837044,2.28682352131064,0.454717964925653,1.09616854489764,1.18577987058816,0.72739684898821,0.188655843403819,2.07748993774982,1.9450812935662,1.81267264938257,1.68026400519894,1.54785536101531,1.41544671683168,1.28303807264805,1.15062942846442,1.01822078428079,0.885812140097164,0.753403495913535,0.620994851729908,0.488586207546279,0.35617756336265,0.223768919179021,0.0913602749953917,-0.0410483691882373,-0.173457013371864,-0.305865657555497,-0.438274301739122,-0.438274301739122,-0.438274301739122,-0.438274301739122,-0.438274301739122,-0.438274301739122,-0.438274301739122,-0.438274301739122,-0.438274301739122,-0.438274301739122,-0.438274301739122,-0.438274301739122,-0.438274301739122,-0.438274301739122,-0.438274301739122,-0.438274301739122,-0.438274301739122,-0.438274301739122,-0.438274301739122,-0.438274301739122,-0.438274301739122,-29.0836365657656,-21.7366453017817,-15.548224316448,-10.4295401045146,-6.29175916073188,-3.04604797985004,-0.603573056619314,1.12449911421003,2.22700203788778,2.79276921966367,2.9106341647875,2.66943037850894,2.15799136607786,1.46515063274394,0.679741683756943,-0.10940197563334,-0.813446840177146,-1.34355940462479,-1.61090616372643,-1.52665361223233,-1.52665361223233,-1.52665361223233,-1.52665361223233,-1.52665361223233,-1.52665361223233,-1.52665361223233,-1.52665361223233,-1.52665361223233,-1.52665361223233,-1.52665361223233,-1.52665361223233,-1.52665361223233,-1.52665361223233,-1.52665361223233,-1.52665361223233,-1.52665361223233,-1.52665361223233,-1.52665361223233,-1.52665361223233,-1.52665361223233,-5.31758859907656,-4.49363805309912,-3.66968750712168,-2.84573696114424,-2.02178641516679,-1.19783586918935,-0.385883159555524,0.371412779507729,1.09053384583624,1.79315424283669,2.40961515217527,2.78084856641498,2.710084687903,2.07781321286624,1.01176662881218,-0.1190426520429,-0.961909361218899,-1.38698677804451,-1.46247445667248,-1.35254093339323,-1.35254093339323,-1.35254093339323,-1.35254093339323,-1.35254093339323,-1.35254093339323,-1.35254093339323,-1.35254093339323,-1.35254093339323,-1.35254093339323,-1.35254093339323,-1.35254093339323,-1.35254093339323,-1.35254093339323,-1.35254093339323,-1.35254093339323,-1.35254093339323,-1.35254093339323,-1.35254093339323,-1.35254093339323,-1.35254093339323,1,1,1,1,1,1,1,1,1,1,1,1,1,1,1,1,1,1,1,1,1,1,1,1,1,1,1,1,1,1,1,1,1,1,1,1,1,1,1,1
-2.68676884777735,-1.2040315155836,1.29876042383039,1.1261463143267,0.546748062010284,-5.54386264917192,1.83378200155711,1.00355447367095,-0.944679312548677,-0.955977814245584,2.5481424701491,0.173784852985941,-1.4257607292247,-0.250239451281599,1.44314772784958,1.22738426022817,0.331976505761419,-1.10787951287049,0.654400213687694,-1.61537841430957,0.145340456957259,-0.0358889220590033,2.47132389223119,-0.104310743848494,-1.824905296488,-0.589859072529745,2.05530989157887,2.77232059197051,-1.50681501260772,-1.15703063175134,2.37823205696867,1.1431395636168,2.00490946780483,0.860928683476212,-1.28642696651892,-2.35523900425947,-2.06773008307084,-2.18452607176096,1.15225362524754,-1.01584232055874,1.21942945554517,1.13731943674708,1.05520941794899,0.973099399150895,0.890989380352806,0.808879361554718,0.726769342756626,0.644659323958537,0.562549305160449,0.480439286362358,0.398329267564266,0.316219248766178,0.234109229968091,0.151999211169999,0.0698891923719085,-0.0122208264261818,-0.0943308452242704,-0.176440864022361,-0.258550882820451,-0.34066090161854,-0.34066090161854,-0.34066090161854,-0.34066090161854,-0.34066090161854,-0.34066090161854,-0.34066090161854,-0.34066090161854,-0.34066090161854,-0.34066090161854,-0.34066090161854,-0.34066090161854,-0.34066090161854,-0.34066090161854,-0.34066090161854,-0.34066090161854,-0.34066090161854,-0.34066090161854,-0.34066090161854,-0.34066090161854,-0.34066090161854,-3.69959943617859,-2.75949336251572,-1.93968651730598,-1.2349133452781,-0.639908291160721,-0.149405799682548,0.241859684427741,0.539153716441451,0.7477418516299,0.872889645264419,0.919862652616303,0.893926428956883,0.800346529557464,0.644388509689357,0.431317924623889,0.166400329632362,-0.145098720013898,-0.497913669043573,-0.886778962185357,-1.30642904416793,-1.30642904416793,-1.30642904416793,-1.30642904416793,-1.30642904416793,-1.30642904416793,-1.30642904416793,-1.30642904416793,-1.30642904416793,-1.30642904416793,-1.30642904416793,-1.30642904416793,-1.30642904416793,-1.30642904416793,-1.30642904416793,-1.30642904416793,-1.30642904416793,-1.30642904416793,-1.30642904416793,-1.30642904416793,-1.30642904416793,-2.28381761880268,-1.87418394407671,-1.46455026935072,-1.05491659462474,-0.645282919898754,-0.235649245172773,0.166064854797018,0.519346326105694,0.778894556515617,0.931497853104464,0.991902133621442,0.969915796592897,0.867569679660601,0.695776713890918,0.464092299241527,0.169237980663327,-0.188317443739743,-0.597613245444553,-1.04952935139211,-1.5300399650404,-1.5300399650404,-1.5300399650404,-1.5300399650404,-1.5300399650404,-1.5300399650404,-1.5300399650404,-1.5300399650404,-1.5300399650404,-1.5300399650404,-1.5300399650404,-1.5300399650404,-1.5300399650404,-1.5300399650404,-1.5300399650404,-1.5300399650404,-1.5300399650404,-1.5300399650404,-1.5300399650404,-1.5300399650404,-1.5300399650404,1,1,1,1,1,1,1,1,1,1,1,1,1,1,1,1,1,1,1,1,1,1,1,1,1,1,1,1,1,1,1,1,1,1,1,1,1,1,1,1
0.0473402783028551,-0.11683436899107,-0.00822466896097218,0.960483170840448,0.595266488018117,-0.331776739376337,0.0581024875497,1.70402369168787,0.649041592688235,-0.241920838165536,-2.41229981023601,0.885659118152372,0.459127012945276,-1.49341383058517,-0.0945967279544053,2.62374646412758,-3.05632502039724,-0.232298086627587,0.501371899984241,-1.39651512991392,-1.06867932020274,0.836453609622229,-0.0310208139287518,-0.740773844227531,-1.21250606792902,0.500806001670812,-0.905096692649572,-2.02516131246122,0.840312984966644,-1.35900683032137,-0.545883803370803,1.05239625992535,-0.368762518175847,-1.12653068519069,-0.107718335719232,-2.05774367877888,1.60837458925509,-1.38941083265456,0.792300823392489,0.0192297170501874,1.32789880185349,1.14931884418298,0.970738886512468,0.792158928841958,0.613578971171448,0.434999013500939,0.256419055830426,0.0778390981599184,-0.100740859510593,-0.279320817181105,-0.457900774851616,-0.636480732522125,-0.815060690192638,-0.993640647863149,-1.17222060553366,-1.35080056320417,-1.52938052087468,-1.70796047854519,-1.8865404362157,-2.06512039388621,-2.06512039388621,-2.06512039388621,-2.06512039388621,-2.06512039388621,-2.06512039388621,-2.06512039388621,-2.06512039388621,-2.06512039388621,-2.06512039388621,-2.06512039388621,-2.06512039388621,-2.06512039388621,-2.06512039388621,-2.06512039388621,-2.06512039388621,-2.06512039388621,-2.06512039388621,-2.06512039388621,-2.06512039388621,-2.06512039388621,-4.78509456267445,-2.63064636294715,-1.02961123567004,0.0795507638740078,0.758379580402122,1.06841515863143,1.07119744327908,0.828266379062175,0.401161910697864,-0.148576017096698,-0.759407459604434,-1.36979247210818,-1.91819110989079,-2.34306342823515,-2.58286948242414,-2.57606932774063,-2.26112301946747,-1.57649061288752,-0.460632163283664,1.1479922740612,1.1479922740612,1.1479922740612,1.1479922740612,1.1479922740612,1.1479922740612,1.1479922740612,1.1479922740612,1.1479922740612,1.1479922740612,1.1479922740612,1.1479922740612,1.1479922740612,1.1479922740612,1.1479922740612,1.1479922740612,1.1479922740612,1.1479922740612,1.1479922740612,1.1479922740612,1.1479922740612,-0.482086811083927,-0.259374622652433,-0.0366624342209416,0.186049754210547,0.408761942642034,0.631474131073524,0.821010669109146,0.830862376943701,0.579122747005201,0.0919932802805743,-0.544367391058836,-1.19865477615244,-1.75053934751343,-2.16100420749064,-2.42214224461813,-2.46638163205689,-2.20561124331758,-1.63397038323337,-0.840833346826411,0.0528929041152324,0.0528929041152324,0.0528929041152324,0.0528929041152324,0.0528929041152324,0.0528929041152324,0.0528929041152324,0.0528929041152324,0.0528929041152324,0.0528929041152324,0.0528929041152324,0.0528929041152324,0.0528929041152324,0.0528929041152324,0.0528929041152324,0.0528929041152324,0.0528929041152324,0.0528929041152324,0.0528929041152324,0.0528929041152324,0.0528929041152324,1,1,1,1,1,1,1,1,1,1,1,1,1,1,1,1,1,1,1,1,1,1,1,1,1,1,1,1,1,1,1,1,1,1,1,1,1,1,1,1
-0.283718118429128,-0.0514288264323959,1.27548207923064,-1.94031972828895,1.45072198303137,-0.606712854979174,2.22144882995119,0.120830614025509,0.66739226269183,-1.99897491498204,-1.91687812253532,1.16916624175966,1.29682414952239,0.495160775263765,-0.299800225150666,1.28731636128282,-0.665312384125983,1.92030422896134,1.59278710721526,-0.972516747108367,3.00141543944672,0.442431444893606,2.05804244393593,1.58890270689781,-1.14227085749726,-1.34237392980316,2.06546516327025,-0.0696189835225205,0.898619951362635,-3.93863987177375,0.702810834093102,1.02096166055665,1.04124953335183,-0.985681895887794,0.72571902659948,0.299299761508152,-0.233219694209891,2.16672159871731,-0.534913242285196,1.56205691487825,4.32716225562824,3.93916477725309,3.55116729887795,3.16316982050281,2.77517234212766,2.38717486375252,1.99917738537737,1.61117990700223,1.22318242862709,0.835184950251943,0.447187471876799,0.059189993501656,-0.328807484873488,-0.716804963248631,-1.10480244162378,-1.49279991999892,-1.88079739837406,-2.26879487674921,-2.65679235512435,-3.04478983349949,-3.04478983349949,-3.04478983349949,-3.04478983349949,-3.04478983349949,-3.04478983349949,-3.04478983349949,-3.04478983349949,-3.04478983349949,-3.04478983349949,-3.04478983349949,-3.04478983349949,-3.04478983349949,-3.04478983349949,-3.04478983349949,-3.04478983349949,-3.04478983349949,-3.04478983349949,-3.04478983349949,-3.04478983349949,-3.04478983349949,24.7783059676532,19.3925336243955,14.7924852101303,10.9175846964001,7.70725605474709,5.10092325671377,3.03801027384245,1.45794107767551,0.300139639755287,-0.495970068375836,-0.990964075175507,-1.24541840910136,-1.31990909861103,-1.27501217216217,-1.1713036582124,-1.06935958521935,-1.02975598164069,-1.11306887593402,-1.37987429655702,-1.8907482719673,-1.8907482719673,-1.8907482719673,-1.8907482719673,-1.8907482719673,-1.8907482719673,-1.8907482719673,-1.8907482719673,-1.8907482719673,-1.8907482719673,-1.8907482719673,-1.8907482719673,-1.8907482719673,-1.8907482719673,-1.8907482719673,-1.8907482719673,-1.8907482719673,-1.8907482719673,-1.8907482719673,-1.8907482719673,-1.8907482719673,5.03090040814655,4.55039433380674,4.06988825946692,3.58938218512709,3.10887611078728,2.62837003644746,2.14777715808182,1.66758451963963,1.19254664090885,0.730789906504477,0.289587767612021,-0.126847728071178,-0.516707108752,-0.879423580961525,-1.21584860594985,-1.52948731989818,-1.8260454437896,-2.11038961384939,-2.38538631448178,-2.65471480579837,-2.65471480579837,-2.65471480579837,-2.65471480579837,-2.65471480579837,-2.65471480579837,-2.65471480579837,-2.65471480579837,-2.65471480579837,-2.65471480579837,-2.65471480579837,-2.65471480579837,-2.65471480579837,-2.65471480579837,-2.65471480579837,-2.65471480579837,-2.65471480579837,-2.65471480579837,-2.65471480579837,-2.65471480579837,-2.65471480579837,1,1,1,1,1,1,0,0,1,1,1,1,1,1,1,1,1,1,1,1,1,1,1,1,1,1,1,1,1,1,1,1,1,1,1,1,1,1,1,1
-1.72519991952987,0.366001116321415,-1.18595705130123,0.304691846340719,4.22395232823088,1.02479741425006,-0.768341216663758,0.293655563516225,1.37013750325353,2.30074096986536,-1.3698588421553,-0.956035187965171,1.38466911913717,-1.4123310249616,-2.14949692625338,-0.722772605150475,1.8366936680827,1.75591135413044,2.72479967078198,1.17236566760207,0.57874438159436,-1.08536225877444,-3.37241717021801,-0.589488052625615,0.815853513868593,-1.61347718754973,0.147294901602638,-2.54924521590454,-0.15889943646685,1.22220764482546,0.271037365051455,0.0650539914475115,0.980097065852279,0.465203156991398,0.408195794520786,0.660079012073554,-0.223280812195828,-1.37335688337321,0.411249487271666,-2.19983665239835,-2.7773764117352,-2.48731552351626,-2.19725463529732,-1.90719374707838,-1.61713285885944,-1.3270719706405,-1.03701108242156,-0.746950194202622,-0.456889305983685,-0.166828417764744,0.123232470454196,0.413293358673133,0.703354246892074,0.993415135111011,1.28347602332995,1.57353691154889,1.86359779976783,2.15365868798677,2.44371957620571,2.73378046442465,2.73378046442465,2.73378046442465,2.73378046442465,2.73378046442465,2.73378046442465,2.73378046442465,2.73378046442465,2.73378046442465,2.73378046442465,2.73378046442465,2.73378046442465,2.73378046442465,2.73378046442465,2.73378046442465,2.73378046442465,2.73378046442465,2.73378046442465,2.73378046442465,2.73378046442465,2.73378046442465,-0.311553448705412,0.276749668112252,0.595806631904924,0.690479157973197,0.605628961617656,0.386117758138901,0.076807262837514,-0.277440808985912,-0.631764742030786,-0.941302820996514,-1.1611933305825,-1.24657455548817,-1.15258478041293,-0.834362290056172,-0.247045369117332,0.654227697704199,1.91431862570902,3.57808913019771,5.69040092647085,8.29611572982905,8.29611572982905,8.29611572982905,8.29611572982905,8.29611572982905,8.29611572982905,8.29611572982905,8.29611572982905,8.29611572982905,8.29611572982905,8.29611572982905,8.29611572982905,8.29611572982905,8.29611572982905,8.29611572982905,8.29611572982905,8.29611572982905,8.29611572982905,8.29611572982905,8.29611572982905,8.29611572982905,0.715171141346731,0.556078000191057,0.39698485903537,0.237891717879694,0.078798576724024,-0.0802945644316608,-0.239390828567519,-0.407151351520271,-0.617556265265534,-0.853629005317037,-0.998411138366421,-0.935373180371101,-0.660111740142915,-0.223996506278542,0.386515738755527,1.22954021038366,2.30491281815671,3.55467306898233,4.92887814488478,6.37859450533366,6.37859450533366,6.37859450533366,6.37859450533366,6.37859450533366,6.37859450533366,6.37859450533366,6.37859450533366,6.37859450533366,6.37859450533366,6.37859450533366,6.37859450533366,6.37859450533366,6.37859450533366,6.37859450533366,6.37859450533366,6.37859450533366,6.37859450533366,6.37859450533366,6.37859450533366,6.37859450533366,1,1,1,1,1,1,1,1,1,1,1,1,1,1,1,1,1,0,0,1,1,1,1,1,1,1,1,1,1,1,1,1,1,1,1,1,1,1,1,1
-0.687495414946893,-0.301245640292841,-0.8588559155603,0.0567585140480587,0.111933574004331,-1.53792635695041,-0.102377132055626,0.316088950504964,-1.404998610838,-2.31017801503253,0.399188920870895,-0.355541381172635,-1.69306543584026,1.11640614678453,0.380051387678831,0.830871267012139,-0.0684683224478899,0.964595984364935,-1.14620998682697,0.414588377434683,0.142139619682213,-0.513894433442072,-0.686644900785142,0.705792529182389,-0.173975373258795,-0.996099699354986,1.98376254254222,1.33866151894593,1.74388674472511,0.408479728265918,-0.466054956879811,-0.420829453713703,-1.06251078118433,2.38018082423849,0.825127596289695,-0.977632780570746,-2.47386159389451,0.369350609324789,-1.14943795827828,-0.597044313221387,-2.79239127373983,-2.49571150151421,-2.1990317292886,-1.90235195706298,-1.60567218483737,-1.30899241261175,-1.01231264038614,-0.715632868160521,-0.418953095934905,-0.122273323709289,0.174406448516327,0.471086220741942,0.76776599296756,1.06444576519317,1.36112553741879,1.6578053096444,1.95448508187002,2.25116485409564,2.54784462632125,2.84452439854687,2.84452439854687,2.84452439854687,2.84452439854687,2.84452439854687,2.84452439854687,2.84452439854687,2.84452439854687,2.84452439854687,2.84452439854687,2.84452439854687,2.84452439854687,2.84452439854687,2.84452439854687,2.84452439854687,2.84452439854687,2.84452439854687,2.84452439854687,2.84452439854687,2.84452439854687,2.84452439854687,3.3849345144023,1.39985756592255,-0.0603565210401956,-1.05239272039933,-1.63293600606825,-1.85867135196034,-1.78628373198901,-1.47245812006765,-0.973879490109644,-0.347232816028388,0.350796928262723,1.06352476885031,1.73426573182095,2.30633484326127,2.72304712925786,2.92771761589738,2.86366132926636,2.47419329545145,1.70262854053926,0.492282090616381,0.492282090616381,0.492282090616381,0.492282090616381,0.492282090616381,0.492282090616381,0.492282090616381,0.492282090616381,0.492282090616381,0.492282090616381,0.492282090616381,0.492282090616381,0.492282090616381,0.492282090616381,0.492282090616381,0.492282090616381,0.492282090616381,0.492282090616381,0.492282090616381,0.492282090616381,0.492282090616381,-4.0094148016518,-3.57283662978157,-3.13625845791135,-2.69968028604112,-2.2631021141709,-1.82652394230068,-1.38921334338042,-0.946192817074396,-0.489546490052167,-0.0259630657794947,0.421726082156873,0.836156264201945,1.20884349742258,1.5238097150718,1.76332228548011,1.93008997883488,2.0449317637088,2.12595068991699,2.18321818487141,2.22733343641378,2.22733343641378,2.22733343641378,2.22733343641378,2.22733343641378,2.22733343641378,2.22733343641378,2.22733343641378,2.22733343641378,2.22733343641378,2.22733343641378,2.22733343641378,2.22733343641378,2.22733343641378,2.22733343641378,2.22733343641378,2.22733343641378,2.22733343641378,2.22733343641378,2.22733343641378,2.22733343641378,1,1,1,1,1,1,1,1,1,1,1,1,1,1,1,1,1,1,1,1,1,1,1,1,1,1,1,1,1,1,1,1,1,1,1,1,1,1,1,1
0.70049049932573,-2.79054415519559,-0.0195526808240514,-0.704509473745928,-0.107544401774504,1.36529656030903,0.421068816555179,-2.05753482873466,-1.7675539916894,-0.201519037466815,1.26122639989786,-1.07132767309255,-0.848869342230898,-0.330222530214559,-2.38058423951514,-0.628767811302616,0.229635305067339,0.282117175034701,-2.25259721598696,0.611051897107329,-1.15389874453503,-1.28312905343074,-1.12303426694451,1.3442032945916,-3.75606013625388,0.854974211810585,0.140136998926167,-1.54056687065371,1.22261750432674,-0.567218508621194,-0.300407265027049,-1.26661860271749,-1.76268821054363,1.03881535410202,0.598951205021249,-2.3885228357444,-1.36668671063416,-0.257117349293139,0.177210586521477,1.64882353894213,-0.401697246728768,-0.393446613865111,-0.385195981001456,-0.376945348137799,-0.368694715274142,-0.360444082410485,-0.35219344954683,-0.343942816683173,-0.335692183819518,-0.327441550955861,-0.319190918092206,-0.310940285228549,-0.302689652364892,-0.294439019501235,-0.28618838663758,-0.277937753773925,-0.269687120910266,-0.261436488046611,-0.253185855182954,-0.244935222319297,-0.244935222319297,-0.244935222319297,-0.244935222319297,-0.244935222319297,-0.244935222319297,-0.244935222319297,-0.244935222319297,-0.244935222319297,-0.244935222319297,-0.244935222319297,-0.244935222319297,-0.244935222319297,-0.244935222319297,-0.244935222319297,-0.244935222319297,-0.244935222319297,-0.244935222319297,-0.244935222319297,-0.244935222319297,-0.244935222319297,-9.46105504530405,-7.15921883395255,-5.24411282054705,-3.68254993424406,-2.44134310420008,-1.4873052595716,-0.787249329515133,-0.307988243187184,-0.0163349297442394,0.120897681657182,0.136896661860584,0.0648490817094824,-0.0620579879526684,-0.210637476282328,-0.347702312436024,-0.44006542557022,-0.454539744841483,-0.357938199406256,-0.117073718421073,0.301240768957609,0.301240768957609,0.301240768957609,0.301240768957609,0.301240768957609,0.301240768957609,0.301240768957609,0.301240768957609,0.301240768957609,0.301240768957609,0.301240768957609,0.301240768957609,0.301240768957609,0.301240768957609,0.301240768957609,0.301240768957609,0.301240768957609,0.301240768957609,0.301240768957609,0.301240768957609,0.301240768957609,-0.571951375767589,-0.572925885542429,-0.573900395317283,-0.574874905092133,-0.575849414866979,-0.576823924641825,-0.573255611322599,-0.543921967876981,-0.4754027768575,-0.383531989794257,-0.294169712698793,-0.212327607603175,-0.134609190679278,-0.0702349520251211,-0.0264974076784714,-0.00638475778835357,-0.0293376182214793,-0.10919214567096,-0.218874452532573,-0.325155579210625,-0.325155579210625,-0.325155579210625,-0.325155579210625,-0.325155579210625,-0.325155579210625,-0.325155579210625,-0.325155579210625,-0.325155579210625,-0.325155579210625,-0.325155579210625,-0.325155579210625,-0.325155579210625,-0.325155579210625,-0.325155579210625,-0.325155579210625,-0.325155579210625,-0.325155579210625,-0.325155579210625,-0.325155579210625,-0.325155579210625,1,1,1,1,1,1,1,1,1,1,1,1,1,1,1,1,1,1,1,1,1,1,1,1,1,1,1,1,1,1,1,1,1,1,1,1,1,1,1,1
0.407369145509585,0.751973858208544,-0.262723171030386,2.18533658408748,1.54855436870658,-0.0671256123200461,0.423247286542104,1.30064793263499,1.15874225988208,-0.321262894689845,-0.872986932809896,0.333500088609938,-0.226012808938501,1.6205883664186,0.703555135754844,0.126969503318772,-2.4105801307563,1.38352767147098,-2.41052534097869,1.21501512366515,0.919107414809737,-1.21288501688663,-0.627644819206019,-0.468007405541632,0.216399731205,-0.185735201811264,0.52636512887425,-4.23290875836879,-0.388687767702073,-0.639347569112292,0.755400874031016,-2.63843841066485,2.07459744383733,-0.497536979999673,2.15059487579665,0.887333308574055,2.35705920540661,0.452352430263016,-1.41473391469846,-2.39555339367498,-1.16474518291685,-1.05843707365796,-0.952128964399071,-0.845820855140182,-0.73951274588129,-0.6332046366224,-0.52689652736351,-0.42058841810462,-0.31428030884573,-0.207972199586838,-0.101664090327947,0.00464401893094291,0.110952128189833,0.217260237448725,0.323568346707614,0.429876455966504,0.536184565225394,0.642492674484284,0.748800783743176,0.855108893002068,0.855108893002068,0.855108893002068,0.855108893002068,0.855108893002068,0.855108893002068,0.855108893002068,0.855108893002068,0.855108893002068,0.855108893002068,0.855108893002068,0.855108893002068,0.855108893002068,0.855108893002068,0.855108893002068,0.855108893002068,0.855108893002068,0.855108893002068,0.855108893002068,0.855108893002068,0.855108893002068,-1.8080641598948,-0.747675882227121,-0.0123642652211995,0.4403023244303,0.652755520034713,0.667426954899382,0.526748262331637,0.273151075638818,-0.05093297187174,-0.403072246892695,-0.740835116116717,-1.02178994623647,-1.20350510394461,-1.2435489559338,-1.09948986889671,-0.728896209525997,-0.0893363445143365,0.861621359445619,2.16640853566122,3.86745681743977,3.86745681743977,3.86745681743977,3.86745681743977,3.86745681743977,3.86745681743977,3.86745681743977,3.86745681743977,3.86745681743977,3.86745681743977,3.86745681743977,3.86745681743977,3.86745681743977,3.86745681743977,3.86745681743977,3.86745681743977,3.86745681743977,3.86745681743977,3.86745681743977,3.86745681743977,3.86745681743977,0.632784823957012,0.516550432039258,0.400316040121503,0.284081648203747,0.167847256285997,0.0516128643682396,-0.0677082127644795,-0.200346123124138,-0.335291412926709,-0.443454334611566,-0.498562946103059,-0.483757192613108,-0.393576003456655,-0.23692373158582,-0.0287842715546418,0.220885675533131,0.507344943171905,0.82876172214235,1.18350244249249,1.56041467495589,1.56041467495589,1.56041467495589,1.56041467495589,1.56041467495589,1.56041467495589,1.56041467495589,1.56041467495589,1.56041467495589,1.56041467495589,1.56041467495589,1.56041467495589,1.56041467495589,1.56041467495589,1.56041467495589,1.56041467495589,1.56041467495589,1.56041467495589,1.56041467495589,1.56041467495589,1.56041467495589,1,1,1,1,1,1,1,1,1,1,1,1,1,1,1,1,1,1,1,1,1,1,1,1,1,1,1,1,1,1,1,1,1,1,1,1,1,1,1,1
1.78830900112969,-0.883306487302082,-1.61842647152538,-1.6128468062071,2.9309188005633,1.43717703748535,-0.789517278155964,-2.69873632531659,-0.00752665096212901,-1.83896091832534,-2.40119942437247,0.37858347603121,-0.625913784588809,-1.3909254485044,0.778177481002848,-1.94630753139813,-0.0604494348139681,-0.659016586288887,-0.731672320096376,-0.305288932312994,1.08958255722921,-1.01695281661039,-2.39648788056642,0.502059234719749,2.7407341869478,-0.0134937983544194,-1.0058288006582,1.55385191043826,1.09279588242637,-1.36986846071349,0.116746144611309,-0.36114474275354,0.580447577062362,-0.664159501276457,-0.747035004593503,1.18340509593824,-0.603207302511047,-0.421175264682327,-3.64365170255649,-1.40017454884916,-4.12184636321377,-3.81049999970328,-3.49915363619279,-3.18780727268229,-2.8764609091718,-2.5651145456613,-2.25376818215081,-1.94242181864032,-1.63107545512982,-1.31972909161933,-1.00838272810883,-0.697036364598342,-0.385690001087848,-0.0743436375773534,0.237002725933142,0.548349089443635,0.859695452954128,1.17104181646462,1.48238817997512,1.79373454348561,1.79373454348561,1.79373454348561,1.79373454348561,1.79373454348561,1.79373454348561,1.79373454348561,1.79373454348561,1.79373454348561,1.79373454348561,1.79373454348561,1.79373454348561,1.79373454348561,1.79373454348561,1.79373454348561,1.79373454348561,1.79373454348561,1.79373454348561,1.79373454348561,1.79373454348561,1.79373454348561,-14.6480329037663,-11.3931272659175,-8.68623437379356,-6.47624012620656,-4.71203042196857,-3.34249115989163,-2.31650823878778,-1.5829675574691,-1.09075501474761,-0.78875650943537,-0.625857940344437,-0.550945206286853,-0.512904206074667,-0.46062083851994,-0.342981002434719,-0.108870596631053,0.292824480079018,0.91321832888344,1.80342505097014,3.0145587475271,3.0145587475271,3.0145587475271,3.0145587475271,3.0145587475271,3.0145587475271,3.0145587475271,3.0145587475271,3.0145587475271,3.0145587475271,3.0145587475271,3.0145587475271,3.0145587475271,3.0145587475271,3.0145587475271,3.0145587475271,3.0145587475271,3.0145587475271,3.0145587475271,3.0145587475271,3.0145587475271,-3.17412262413438,-2.97537656478374,-2.7766305054331,-2.57788444608246,-2.37913838673183,-2.18039232738118,-1.98027139522198,-1.77315086450223,-1.5572333129513,-1.33170594148058,-1.09183768880412,-0.833822829706211,-0.559049963999632,-0.269879028351806,0.0342716212686405,0.355317898097748,0.694706638030599,1.05278483517037,1.42671116186184,1.80939660942297,1.80939660942297,1.80939660942297,1.80939660942297,1.80939660942297,1.80939660942297,1.80939660942297,1.80939660942297,1.80939660942297,1.80939660942297,1.80939660942297,1.80939660942297,1.80939660942297,1.80939660942297,1.80939660942297,1.80939660942297,1.80939660942297,1.80939660942297,1.80939660942297,1.80939660942297,1.80939660942297,1,1,1,1,1,1,1,1,1,1,1,1,1,1,1,1,1,1,1,1,1,1,1,1,1,1,1,1,1,1,1,1,1,1,1,1,1,1,1,1
-0.0941288528883053,0.693293196451885,-0.414952432790162,-0.810038170605583,-1.04174098616169,2.10065750668153,1.12545345062822,-3.12853573344607,-0.421792350465081,-1.40056854087805,-0.363891112638761,0.16813493729612,2.01095097374769,-0.717845973288638,1.5154808487441,0.360189160051167,-0.422337406646509,-0.942243092716513,0.678587055228062,1.50038820781686,1.02013347075977,-1.33635166029689,-0.618075001796509,-0.682343465448378,0.232099531647352,1.84937608009317,0.518514307664155,-1.07230547279365,1.31695366921619,-0.172385622245338,-0.147071438249313,-2.50924777896664,-0.331269284018791,0.333359792327883,-0.423305823148851,2.17571794530674,1.12322009371294,0.116414602630403,-0.12106541188378,2.93579815935022,-3.70997766099316,-3.43505718231341,-3.16013670363365,-2.8852162249539,-2.61029574627415,-2.33537526759439,-2.06045478891464,-1.78553431023488,-1.51061383155513,-1.23569335287537,-0.960772874195621,-0.685852395515864,-0.410931916836113,-0.136011438156357,0.138909040523394,0.41382951920315,0.688749997882907,0.96367047656266,1.23859095524241,1.51351143392217,1.51351143392217,1.51351143392217,1.51351143392217,1.51351143392217,1.51351143392217,1.51351143392217,1.51351143392217,1.51351143392217,1.51351143392217,1.51351143392217,1.51351143392217,1.51351143392217,1.51351143392217,1.51351143392217,1.51351143392217,1.51351143392217,1.51351143392217,1.51351143392217,1.51351143392217,1.51351143392217,0.888853741419918,0.564459174951614,0.219556852018828,-0.132984915750037,-0.48029781672658,-0.8095135392824,-1.10776377178909,-1.36218020261826,-1.55989452014149,-1.68803841273039,-1.73374356875654,-1.68414167659157,-1.52636442460705,-1.24754350117459,-0.834810594665782,-0.275297393452229,0.443864414094476,1.33554313960273,2.41260709470094,3.68792459101752,3.68792459101752,3.68792459101752,3.68792459101752,3.68792459101752,3.68792459101752,3.68792459101752,3.68792459101752,3.68792459101752,3.68792459101752,3.68792459101752,3.68792459101752,3.68792459101752,3.68792459101752,3.68792459101752,3.68792459101752,3.68792459101752,3.68792459101752,3.68792459101752,3.68792459101752,3.68792459101752,-3.14382317368858,-2.94314880224359,-2.74247443079859,-2.54180005935359,-2.3411256879086,-2.1404513164636,-1.93918747515372,-1.73440531996155,-1.52241085315779,-1.29870478914565,-1.06019106522483,-0.807787411397463,-0.542492618175695,-0.261608028973539,0.0366376170723761,0.349556727252002,0.674608625968368,1.01144843341433,1.35750128771246,1.70756148310973,1.70756148310973,1.70756148310973,1.70756148310973,1.70756148310973,1.70756148310973,1.70756148310973,1.70756148310973,1.70756148310973,1.70756148310973,1.70756148310973,1.70756148310973,1.70756148310973,1.70756148310973,1.70756148310973,1.70756148310973,1.70756148310973,1.70756148310973,1.70756148310973,1.70756148310973,1.70756148310973,1,1,1,1,1,1,1,1,1,1,1,1,1,1,1,1,1,1,1,1,1,1,1,1,1,1,1,1,1,1,1,1,1,1,1,1,1,1,1,1
1.49781317114315,0.85318371625119,1.00302028495884,0.153100633080148,-0.114805595203852,-0.152401182904615,1.13382893004191,-1.35976409301285,-0.788303346866916,-0.04298835537762,1.65996346054883,-0.268080738887834,0.741029427576535,-0.226947046359319,2.12245591793838,0.729671694865061,-3.41754889183266,0.659456013020115,0.237324527707191,-0.963079127995433,0.574387644656005,0.713690465166643,0.167694249921285,-2.15048091516212,-1.21209211878688,2.79022364742907,0.87212671518048,-0.844325199934008,-1.45937482000568,0.615762622537392,0.597666791999222,-0.0472251144239184,1.88322204805676,0.389272673549071,0.209385545143215,1.80569550335501,1.22077879422256,1.44811394466252,2.77387667033679,1.13713779087321,-2.07319523054053,-1.86397537769391,-1.65475552484728,-1.44553567200066,-1.23631581915404,-1.02709596630741,-0.817876113460792,-0.608656260614169,-0.399436407767546,-0.190216554920923,0.019003297925698,0.228223150772322,0.437443003618945,0.64666285646557,0.855882709312192,1.06510256215881,1.27432241500544,1.48354226785206,1.69276212069868,1.90198197354531,1.90198197354531,1.90198197354531,1.90198197354531,1.90198197354531,1.90198197354531,1.90198197354531,1.90198197354531,1.90198197354531,1.90198197354531,1.90198197354531,1.90198197354531,1.90198197354531,1.90198197354531,1.90198197354531,1.90198197354531,1.90198197354531,1.90198197354531,1.90198197354531,1.90198197354531,1.90198197354531,4.29152879893594,2.60330172678972,1.29139258583871,0.318855086008939,-0.351257062773597,-0.755890150582888,-0.93199046749293,-0.916504303577707,-0.746377948911203,-0.458557693567446,-0.0899898276203732,0.322379358855967,0.741603575787604,1.13073653310056,1.45283194072084,1.67094350857444,1.74812494658737,1.64742996468564,1.33191227279526,0.764625580842244,0.764625580842244,0.764625580842244,0.764625580842244,0.764625580842244,0.764625580842244,0.764625580842244,0.764625580842244,0.764625580842244,0.764625580842244,0.764625580842244,0.764625580842244,0.764625580842244,0.764625580842244,0.764625580842244,0.764625580842244,0.764625580842244,0.764625580842244,0.764625580842244,0.764625580842244,0.764625580842244,5.43588785350473,4.32921867921002,3.22254950491535,2.1158803306207,1.00921115632604,-0.0974580179686271,-1.2215456249701,-2.25405359500462,-2.37409775987578,-1.07716496723847,0.850011552632678,2.25651262910124,2.80509487841728,2.66166465432729,1.84769374065293,0.535540013644459,-0.549134765360701,-0.561938366878808,0.731112290310987,2.81873030773507,2.81873030773507,2.81873030773507,2.81873030773507,2.81873030773507,2.81873030773507,2.81873030773507,2.81873030773507,2.81873030773507,2.81873030773507,2.81873030773507,2.81873030773507,2.81873030773507,2.81873030773507,2.81873030773507,2.81873030773507,2.81873030773507,2.81873030773507,2.81873030773507,2.81873030773507,2.81873030773507,1,1,1,1,1,1,1,1,1,1,1,1,1,1,1,1,1,1,1,1,1,1,1,1,1,1,1,1,1,1,1,1,1,1,1,1,1,1,1,1
-1.87613810792593,-0.574434977827928,0.0820584214726807,1.06064902425942,1.99377858568803,0.775468999113622,-0.561589688140064,0.24874773009435,-1.14139790841984,0.758606012888222,0.985591541297886,0.433291518445333,-1.18985751630948,-1.18424115547585,0.26509418778919,0.677450879977163,1.26297948751114,-1.41195488506355,0.0325854553377329,2.44485909682387,1.19010755063803,-1.15934116162825,-1.1850356878782,-0.0208073384033067,1.44701263710601,1.28069155373489,0.604941284019546,-1.55075015992536,-0.669794687052359,0.499396726604422,2.37268638357092,0.417537703119105,-1.45168823354365,0.238882231319863,1.23357429081944,-0.0523625111836044,1.72639953699626,1.95729464627278,-2.74763527463979,0.445397822554307,0.824655196586134,0.779771690656069,0.734888184726003,0.690004678795939,0.645121172865874,0.600237666935808,0.555354161005743,0.510470655075679,0.465587149145612,0.420703643215548,0.375820137285483,0.330936631355417,0.286053125425353,0.241169619495286,0.196286113565222,0.151402607635157,0.106519101705091,0.0616355957750265,0.0167520898449602,-0.0281314160851025,-0.0281314160851025,-0.0281314160851025,-0.0281314160851025,-0.0281314160851025,-0.0281314160851025,-0.0281314160851025,-0.0281314160851025,-0.0281314160851025,-0.0281314160851025,-0.0281314160851025,-0.0281314160851025,-0.0281314160851025,-0.0281314160851025,-0.0281314160851025,-0.0281314160851025,-0.0281314160851025,-0.0281314160851025,-0.0281314160851025,-0.0281314160851025,-0.0281314160851025,-14.2876782530105,-9.68711394181263,-6.04083532137537,-3.25168891730817,-1.22252125522043,0.143821139278431,0.944491740579002,1.27664402307188,1.23743146114764,0.924007529196908,0.433525701610245,-0.136860547221758,-0.689997742908501,-1.1287324110594,-1.35591107728386,-1.2743802671913,-0.786986506391097,0.203423679507283,1.79400376489451,4.08190722416108,4.08190722416108,4.08190722416108,4.08190722416108,4.08190722416108,4.08190722416108,4.08190722416108,4.08190722416108,4.08190722416108,4.08190722416108,4.08190722416108,4.08190722416108,4.08190722416108,4.08190722416108,4.08190722416108,4.08190722416108,4.08190722416108,4.08190722416108,4.08190722416108,4.08190722416108,4.08190722416108,1.35175472195819,1.25996341169616,1.16817210143413,1.0763807911721,0.984589480910068,0.892798170648033,0.803666606911364,0.720732619012169,0.610500960375456,0.434789485665007,0.189356301140119,-0.100149350691241,-0.36870733716488,-0.514593606986155,-0.468554258449617,-0.238660010441693,0.136633557724146,0.626192490055713,1.1871018148513,1.77174399396498,1.77174399396498,1.77174399396498,1.77174399396498,1.77174399396498,1.77174399396498,1.77174399396498,1.77174399396498,1.77174399396498,1.77174399396498,1.77174399396498,1.77174399396498,1.77174399396498,1.77174399396498,1.77174399396498,1.77174399396498,1.77174399396498,1.77174399396498,1.77174399396498,1.77174399396498,1.77174399396498,1,1,1,1,1,1,1,1,1,1,1,1,1,1,1,1,1,1,1,1,1,1,1,1,1,1,1,1,1,1,1,1,1,1,1,1,1,1,1,1
-0.511829304446452,0.35583424189987,0.063811746406885,-0.91484778286663,0.859210403412636,-2.76071843071299,-0.43178108509228,-2.25575253558319,0.0150402209913238,0.0260264591656494,-0.250534127225453,0.29170565889595,-1.29725563504263,0.516098008388166,1.07335627593551,0.329927910422727,-0.909230758685176,0.0341424519336968,-1.68798622408141,-0.406608390497787,1.79334688467726,-5.96570013093168,-1.3251641900246,0.938564279885645,3.60087570935465,0.771707200595962,1.84742159643504,1.10446797113069,2.20338337024714,0.453177321456639,-1.05138562866794,-1.31167968619145,0.481572414257158,2.45908050667299,-3.2387611361259,-1.77675942043967,0.764868148106736,1.06313788398217,-0.0961486206799176,-0.927198318049843,-4.27094448650575,-3.90876407084117,-3.54658365517658,-3.18440323951199,-2.82222282384741,-2.46004240818282,-2.09786199251824,-1.73568157685365,-1.37350116118907,-1.01132074552449,-0.6491403298599,-0.286959914195313,0.0752205014692695,0.437400917133855,0.799581332798443,1.16176174846303,1.52394216412761,1.8861225797922,2.24830299545678,2.61048341112137,2.61048341112137,2.61048341112137,2.61048341112137,2.61048341112137,2.61048341112137,2.61048341112137,2.61048341112137,2.61048341112137,2.61048341112137,2.61048341112137,2.61048341112137,2.61048341112137,2.61048341112137,2.61048341112137,2.61048341112137,2.61048341112137,2.61048341112137,2.61048341112137,2.61048341112137,2.61048341112137,13.8169352330513,9.33604710298799,5.70588924803466,2.85232230710676,0.701206919119722,-0.821596277011052,-1.79022664237012,-2.27882353804208,-2.36152632511151,-2.11247436466297,-1.60580701778105,-0.915663645550332,-0.116183609055383,0.718493730619207,1.51422901238887,2.196882875169,2.69231595787506,2.92638889942244,2.82496233872656,2.3138969147029,2.3138969147029,2.3138969147029,2.3138969147029,2.3138969147029,2.3138969147029,2.3138969147029,2.3138969147029,2.3138969147029,2.3138969147029,2.3138969147029,2.3138969147029,2.3138969147029,2.3138969147029,2.3138969147029,2.3138969147029,2.3138969147029,2.3138969147029,2.3138969147029,2.3138969147029,2.3138969147029,-3.45427339882142,-3.25584079488449,-3.05740819094756,-2.85897558701062,-2.66054298307369,-2.46211037913676,-2.25682252369085,-2.00585190667742,-1.65421419027328,-1.19106676874536,-0.666794137072207,-0.138674802617549,0.360554769758824,0.803449369884266,1.17012074612797,1.47114126777572,1.73250397758876,1.96536786892482,2.17111007499976,2.35971065113188,2.35971065113188,2.35971065113188,2.35971065113188,2.35971065113188,2.35971065113188,2.35971065113188,2.35971065113188,2.35971065113188,2.35971065113188,2.35971065113188,2.35971065113188,2.35971065113188,2.35971065113188,2.35971065113188,2.35971065113188,2.35971065113188,2.35971065113188,2.35971065113188,2.35971065113188,2.35971065113188,1,1,1,1,1,1,1,0,0,1,1,1,1,1,1,1,1,1,1,1,1,1,1,1,1,1,1,1,1,1,1,1,1,1,1,1,1,1,1,1
-1.69093866901126,-2.13120032173026,0.082952651264419,3.06625406254779,-1.17843805830809,0.298161385998258,-1.13702597287992,-0.664307870462227,3.28648095003606,0.767089632773134,-0.224395251220042,-2.18338489779384,0.667716295177733,-0.962652384185548,-0.168106918686714,-1.5926757458385,-0.273444105357436,-0.155891298697849,0.594377033994816,0.460629055949267,-1.29943360501417,0.283700008038693,0.607993444771632,1.45127652641699,-0.882025107788474,-2.13233384657649,0.630808713948223,-1.29024428867267,-1.25681234564992,2.45062949490344,-1.0936726008131,-0.273131756791789,1.97807653514925,-0.947070935984248,1.49367990099868,1.56529589622515,-0.303793056280179,0.604697724567115,-0.310792771787272,-1.46164846869964,0.252982070421876,0.241812317288845,0.230642564155819,0.219472811022788,0.208303057889759,0.19713330475673,0.185963551623701,0.174793798490671,0.163624045357642,0.152454292224613,0.141284539091583,0.130114785958556,0.118945032825527,0.107775279692497,0.0966055265594647,0.0854357734264379,0.0742660202934076,0.0630962671603772,0.0519265140273504,0.04075676089432,0.04075676089432,0.04075676089432,0.04075676089432,0.04075676089432,0.04075676089432,0.04075676089432,0.04075676089432,0.04075676089432,0.04075676089432,0.04075676089432,0.04075676089432,0.04075676089432,0.04075676089432,0.04075676089432,0.04075676089432,0.04075676089432,0.04075676089432,0.04075676089432,0.04075676089432,0.04075676089432,2.1586844812555,1.77721339388516,1.4375037760766,1.13769822860783,0.875939352256887,0.650369747801809,0.459132016020618,0.300368757691349,0.172222573592043,0.072836064500704,0.000351831195388286,-0.047087525545896,-0.0713394049450962,-0.0742612062241985,-0.0577103286051539,-0.0235441713099593,0.026379866439445,0.0902043854210621,0.166071986412936,0.252125270193103,0.252125270193103,0.252125270193103,0.252125270193103,0.252125270193103,0.252125270193103,0.252125270193103,0.252125270193103,0.252125270193103,0.252125270193103,0.252125270193103,0.252125270193103,0.252125270193103,0.252125270193103,0.252125270193103,0.252125270193103,0.252125270193103,0.252125270193103,0.252125270193103,0.252125270193103,0.252125270193103,0.254842511801665,0.243413497820216,0.231984483838766,0.220555469857314,0.209126455875863,0.197697441894412,0.186270860521121,0.174859570414723,0.163482940329541,0.152167305743367,0.140941257588288,0.12981285330169,0.118750031203293,0.10769780720144,0.0966177576355935,0.0855011158730665,0.0743518300679877,0.0631776954848426,0.0519930313665427,0.0408092160519775,0.0408092160519775,0.0408092160519775,0.0408092160519775,0.0408092160519775,0.0408092160519775,0.0408092160519775,0.0408092160519775,0.0408092160519775,0.0408092160519775,0.0408092160519775,0.0408092160519775,0.0408092160519775,0.0408092160519775,0.0408092160519775,0.0408092160519775,0.0408092160519775,0.0408092160519775,0.0408092160519775,0.0408092160519775,0.0408092160519775,1,1,1,1,1,1,1,1,1,1,1,1,1,1,1,1,1,1,1,1,1,1,1,1,1,1,1,1,1,1,1,1,1,1,1,1,1,1,1,1
-1.75376720475866,0.537898683676406,-0.799486974395155,0.704380677088158,-0.116113038688925,0.625511843994592,0.314826685554875,-1.71367398062845,2.69116873904084,-0.416708071075449,-0.255449994023632,-0.158692825481118,-1.6217782310371,0.0756203760391809,-0.823343388515895,1.33517992359771,0.535715082140802,-1.06668525818449,-1.04529058475268,1.63391042073902,-0.769523920845938,3.53352348713588,-0.524856887566308,0.593871457690858,-2.37372666644733,0.424298862149634,1.85266875544484,1.0843955013282,-1.50617050198429,-0.682365864707901,-1.9141623447603,-1.01399841006371,-1.38495399742155,0.301114414529213,-1.7132338935565,0.559720902211478,1.91453378221023,2.52826690418725,0.562017561723573,2.08208440811232,5.96020554194077,5.50695092671431,5.05369631148785,4.6004416962614,4.14718708103494,3.69393246580848,3.24067785058203,2.78742323535557,2.33416862012912,1.88091400490266,1.4276593896762,0.974404774449749,0.521150159223291,0.0678955439968352,-0.385359071229621,-0.838613686456078,-1.29186830168253,-1.74512291690899,-2.19837753213544,-2.6516321473619,-2.6516321473619,-2.6516321473619,-2.6516321473619,-2.6516321473619,-2.6516321473619,-2.6516321473619,-2.6516321473619,-2.6516321473619,-2.6516321473619,-2.6516321473619,-2.6516321473619,-2.6516321473619,-2.6516321473619,-2.6516321473619,-2.6516321473619,-2.6516321473619,-2.6516321473619,-2.6516321473619,-2.6516321473619,-2.6516321473619,4.62214229706516,5.04320624361805,5.19793140787622,5.12061998371542,4.8455741650114,4.4070961456399,3.83948811947668,3.17705228039748,2.45409082227805,1.70490593899415,0.963799824421509,0.265074672435889,-0.356967323086964,-0.868023968271299,-1.23379306924138,-1.41997243212144,-1.39225986303575,-1.11635316810853,-0.557950153464068,0.317251374773402,0.317251374773402,0.317251374773402,0.317251374773402,0.317251374773402,0.317251374773402,0.317251374773402,0.317251374773402,0.317251374773402,0.317251374773402,0.317251374773402,0.317251374773402,0.317251374773402,0.317251374773402,0.317251374773402,0.317251374773402,0.317251374773402,0.317251374773402,0.317251374773402,0.317251374773402,0.317251374773402,8.12984336246569,7.38213471803672,6.63442607360774,5.88671742917876,5.13900878474978,4.3913001403208,3.64678122770798,2.9194890933341,2.21982854877681,1.56182918655181,0.967179168067895,0.44822102937864,0.0035307449777946,-0.367730517277908,-0.665753429994517,-0.900976105407052,-1.08711913840173,-1.2283629038398,-1.32730170875589,-1.39991139196713,-1.39991139196713,-1.39991139196713,-1.39991139196713,-1.39991139196713,-1.39991139196713,-1.39991139196713,-1.39991139196713,-1.39991139196713,-1.39991139196713,-1.39991139196713,-1.39991139196713,-1.39991139196713,-1.39991139196713,-1.39991139196713,-1.39991139196713,-1.39991139196713,-1.39991139196713,-1.39991139196713,-1.39991139196713,-1.39991139196713,1,1,1,1,1,1,1,1,1,1,1,1,1,1,1,1,1,1,1,1,1,1,1,1,1,1,1,1,1,1,1,1,1,1,1,1,1,1,1,1
-0.17521857253324,-0.383861109246967,1.22786793660245,0.527587479753298,-0.684190198225885,-0.571130108371254,0.538693199480018,0.369857846706587,-1.07100034438612,0.401458189959417,2.40480043279434,0.502051130525368,-1.38818794681536,-0.638384301495787,1.12350811046515,0.814459548309133,1.09367194142677,2.38182863618295,1.34169962198482,0.794823664216604,-0.564745394224653,-0.244767651193932,1.46754044547355,-0.270309107358191,0.81197789086791,-1.07581660229161,1.0553160146948,2.41686923072381,-1.52548625859416,0.225196191472687,0.223991256779208,-2.1109171158993,1.51676826573328,-2.19338028945676,-3.00778235453824,-0.228660184638814,-0.164722279116745,1.11202429486785,-1.59239628116202,-0.85521515747276,-4.02072908889691,-3.70833875963745,-3.39594843037799,-3.08355810111853,-2.77116777185907,-2.45877744259961,-2.14638711334015,-1.83399678408069,-1.52160645482123,-1.20921612556177,-0.896825796302311,-0.584435467042848,-0.272045137783389,0.0403451914760691,0.352735520735532,0.665125849994991,0.977516179254451,1.28990650851391,1.60229683777338,1.91468716703283,1.91468716703283,1.91468716703283,1.91468716703283,1.91468716703283,1.91468716703283,1.91468716703283,1.91468716703283,1.91468716703283,1.91468716703283,1.91468716703283,1.91468716703283,1.91468716703283,1.91468716703283,1.91468716703283,1.91468716703283,1.91468716703283,1.91468716703283,1.91468716703283,1.91468716703283,1.91468716703283,12.3029908124131,8.10149285801444,4.7192831345477,2.08270816830032,0.11811448555972,-1.24815138738662,-2.08974292425126,-2.48031359874675,-2.49351688458564,-2.20300625548047,-1.68243518514379,-1.00545714728817,-0.245725615626133,0.523105936129765,1.22738403426698,1.79345520507294,2.1476659748351,2.21636286984093,1.9258924163779,1.20260114073342,1.20260114073342,1.20260114073342,1.20260114073342,1.20260114073342,1.20260114073342,1.20260114073342,1.20260114073342,1.20260114073342,1.20260114073342,1.20260114073342,1.20260114073342,1.20260114073342,1.20260114073342,1.20260114073342,1.20260114073342,1.20260114073342,1.20260114073342,1.20260114073342,1.20260114073342,1.20260114073342,-2.79763869537274,-2.70186333709291,-2.60608797881305,-2.51031262053322,-2.41453726225338,-2.31876190397354,-2.21731305039241,-2.07280989433988,-1.81772150745326,-1.44233478695853,-1.02737964915324,-0.641922280002984,-0.27066263817391,0.126869402430108,0.548600922152488,0.964371378558713,1.34937559013372,1.69014033733038,1.98720029134499,2.25837691067894,2.25837691067894,2.25837691067894,2.25837691067894,2.25837691067894,2.25837691067894,2.25837691067894,2.25837691067894,2.25837691067894,2.25837691067894,2.25837691067894,2.25837691067894,2.25837691067894,2.25837691067894,2.25837691067894,2.25837691067894,2.25837691067894,2.25837691067894,2.25837691067894,2.25837691067894,2.25837691067894,1,1,1,1,1,1,1,0,1,1,1,1,1,1,1,1,1,1,1,1,1,1,1,1,1,1,1,1,1,1,1,1,1,1,1,1,1,1,1,1
-0.616561150134723,2.02426000414534,1.87054581904506,0.245366521567986,-0.132311794685648,-0.962654257074108,-0.751333658964045,-0.158989995289992,0.356888454780254,-1.79121162770662,-0.741130659886931,-1.84357443715153,-0.838276393842367,-1.91090422445189,0.0511838412991068,1.20463172274441,1.29814920132288,1.73553253090374,0.388407357439144,-0.751023185456866,-0.892922579814371,0.965634388757168,1.38259004919586,0.777638030188514,-0.517840701099017,-1.43462685073115,0.220159574774531,-2.55341694534508,0.201055705101826,-0.31560542575604,1.12985670393966,0.145858498822108,1.17197794919263,1.54045705370418,3.4616020274311,0.638922210184079,-0.193805560468141,-0.507354279653306,-2.50528026728444,-1.69426571089472,0.382725358202763,0.345146055801689,0.307566753400614,0.269987450999541,0.232408148598467,0.194828846197394,0.157249543796318,0.119670241395246,0.0820909389941722,0.0445116365931,0.00693233419202421,-0.0306469682090516,-0.0682262706101255,-0.1058055730112,-0.143384875412274,-0.180964177813346,-0.218543480214421,-0.256122782615495,-0.293702085016568,-0.331281387417643,-0.331281387417643,-0.331281387417643,-0.331281387417643,-0.331281387417643,-0.331281387417643,-0.331281387417643,-0.331281387417643,-0.331281387417643,-0.331281387417643,-0.331281387417643,-0.331281387417643,-0.331281387417643,-0.331281387417643,-0.331281387417643,-0.331281387417643,-0.331281387417643,-0.331281387417643,-0.331281387417643,-0.331281387417643,-0.331281387417643,13.6646281853071,9.8368630928615,6.72240911402427,4.25453188455184,2.36649704020067,0.991570216727249,0.0630170498880069,-0.485896824560562,-0.721905770862026,-0.71174415325989,-0.522146335997705,-0.219846683319012,0.128420440532647,0.455920671313736,0.695919644780741,0.781682996690106,0.64647636279831,0.22356537886178,-0.553784319362965,-1.75230709611954,-1.75230709611954,-1.75230709611954,-1.75230709611954,-1.75230709611954,-1.75230709611954,-1.75230709611954,-1.75230709611954,-1.75230709611954,-1.75230709611954,-1.75230709611954,-1.75230709611954,-1.75230709611954,-1.75230709611954,-1.75230709611954,-1.75230709611954,-1.75230709611954,-1.75230709611954,-1.75230709611954,-1.75230709611954,-1.75230709611954,0.446652282803463,0.401016356511772,0.355380430220086,0.309744503928398,0.264108577636709,0.218472651345023,0.172809005114802,0.127052823683163,0.0814732586666782,0.0366986753145948,-0.00650270639577677,-0.0473902686937215,-0.0854519807184246,-0.120707564724572,-0.153785771379182,-0.185599431746507,-0.217041190395012,-0.248950321819962,-0.281897027734828,-0.315702014364415,-0.315702014364415,-0.315702014364415,-0.315702014364415,-0.315702014364415,-0.315702014364415,-0.315702014364415,-0.315702014364415,-0.315702014364415,-0.315702014364415,-0.315702014364415,-0.315702014364415,-0.315702014364415,-0.315702014364415,-0.315702014364415,-0.315702014364415,-0.315702014364415,-0.315702014364415,-0.315702014364415,-0.315702014364415,-0.315702014364415,1,1,1,1,1,1,1,1,1,1,1,1,1,1,1,1,1,1,1,1,1,1,1,1,1,1,1,1,1,1,1,1,1,1,1,1,1,1,1,1
1.45517370377224,-0.356723040090826,-0.192875637010009,1.27974763826903,-1.222260559666,0.657469391908933,-1.75213098342673,1.75719124976708,0.449747456543323,0.233886517936705,-0.648456450542863,-0.713891488346933,-1.57106332459969,-0.0684475555864257,-0.808439847498059,-2.18080404349108,1.00355247894621,1.00421701374852,-0.715952453981783,-1.45910854991274,0.383445490879975,-0.506195917183053,0.994078109228724,0.991390158615895,0.168246119682218,0.713985156415756,-0.95825366036224,0.137444360591552,-1.4963308844693,0.791550162504542,-2.71096672176717,1.63487943175313,-2.40082162895963,0.896905954673642,1.68907697182368,1.22086089307474,-0.973581410125211,-0.361893181499587,-2.13232465904955,-1.5661471881085,-1.63801932313496,-1.60125416664438,-1.5644890101538,-1.52772385366322,-1.49095869717265,-1.45419354068207,-1.41742838419149,-1.38066322770092,-1.34389807121034,-1.30713291471976,-1.27036775822919,-1.23360260173861,-1.19683744524803,-1.16007228875745,-1.12330713226688,-1.0865419757763,-1.04977681928572,-1.01301166279515,-0.976246506304568,-0.93948134981399,-0.93948134981399,-0.93948134981399,-0.93948134981399,-0.93948134981399,-0.93948134981399,-0.93948134981399,-0.93948134981399,-0.93948134981399,-0.93948134981399,-0.93948134981399,-0.93948134981399,-0.93948134981399,-0.93948134981399,-0.93948134981399,-0.93948134981399,-0.93948134981399,-0.93948134981399,-0.93948134981399,-0.93948134981399,-0.93948134981399,1.94402458968174,1.22014476708646,0.586514234792523,0.0394639257837284,-0.424675226956144,-0.809572290443303,-1.11889633169396,-1.35631641772434,-1.52550161555064,-1.63012099218908,-1.67384361465587,-1.66033854996723,-1.59327486513936,-1.47632162718849,-1.31314790313081,-1.10742275998256,-0.862815264759925,-0.582994484479141,-0.271629486156405,0.0676106631920632,0.0676106631920632,0.0676106631920632,0.0676106631920632,0.0676106631920632,0.0676106631920632,0.0676106631920632,0.0676106631920632,0.0676106631920632,0.0676106631920632,0.0676106631920632,0.0676106631920632,0.0676106631920632,0.0676106631920632,0.0676106631920632,0.0676106631920632,0.0676106631920632,0.0676106631920632,0.0676106631920632,0.0676106631920632,0.0676106631920632,0.691648548437969,0.323158596478183,-0.0453313554816255,-0.413821307441419,-0.782311259401213,-1.15080121136101,-1.48195762127164,-1.62309565469892,-1.55252092211807,-1.40213784874566,-1.27308731759993,-1.16347688677453,-1.06033186381692,-0.991297184489682,-0.969030756649595,-0.968134388297658,-0.972234642076955,-0.981526406378993,-0.980023172547904,-0.955048437878714,-0.955048437878714,-0.955048437878714,-0.955048437878714,-0.955048437878714,-0.955048437878714,-0.955048437878714,-0.955048437878714,-0.955048437878714,-0.955048437878714,-0.955048437878714,-0.955048437878714,-0.955048437878714,-0.955048437878714,-0.955048437878714,-0.955048437878714,-0.955048437878714,-0.955048437878714,-0.955048437878714,-0.955048437878714,-0.955048437878714,1,1,1,1,1,1,1,1,1,1,1,1,1,1,1,1,1,1,1,1,1,1,1,1,1,1,1,1,1,1,1,1,1,1,1,1,1,1,1,1
0.526541675827376,-1.68248875682107,-0.633230662834557,-0.553278358103586,-1.40940844970613,1.69061923904887,-0.166743853284732,-2.68097522148651,0.0542652663028811,0.432669544991963,2.52778571547796,0.11229813990845,0.335759697182247,3.51322512513274,-0.418040675237879,1.19879374283939,1.54794591028238,-1.12403662508385,1.01017488802167,2.1617927972061,0.362647947588414,0.377007447767998,-0.2119235344435,0.661001374906821,0.420844380968557,-0.267151560167937,-0.337571485948841,-0.118188031527319,1.70318605774223,0.924996860377576,-0.388357776047751,0.679057199535642,-1.84761921615459,0.714772395540976,1.21963334642123,0.485709864063001,-0.150015857638369,-2.56554549976028,-1.853060475099,-0.160747806543236,-0.331771786880641,-0.294064136678765,-0.256356486476887,-0.21864883627501,-0.180941186073134,-0.143233535871256,-0.10552588566938,-0.0678182354675041,-0.0301105852656249,0.00759706493625245,0.0453047151381281,0.0830123653400072,0.120720015541883,0.158427665743758,0.196135315945636,0.233842966147515,0.271550616349389,0.309258266551266,0.346965916753144,0.384673566955019,0.384673566955019,0.384673566955019,0.384673566955019,0.384673566955019,0.384673566955019,0.384673566955019,0.384673566955019,0.384673566955019,0.384673566955019,0.384673566955019,0.384673566955019,0.384673566955019,0.384673566955019,0.384673566955019,0.384673566955019,0.384673566955019,0.384673566955019,0.384673566955019,0.384673566955019,0.384673566955019,1.40345208769379,1.02511152725282,0.701512491740236,0.430524011870216,0.210015118356948,0.0378548419146201,-0.0880877867425811,-0.169943736900469,-0.209843977844857,-0.209919478861551,-0.172301209236366,-0.0991201382551186,0.00749276479637828,0.145406530632322,0.31249018996688,0.506612773514268,0.725643311988648,0.967450836104215,1.22990437657517,1.51087296411568,1.51087296411568,1.51087296411568,1.51087296411568,1.51087296411568,1.51087296411568,1.51087296411568,1.51087296411568,1.51087296411568,1.51087296411568,1.51087296411568,1.51087296411568,1.51087296411568,1.51087296411568,1.51087296411568,1.51087296411568,1.51087296411568,1.51087296411568,1.51087296411568,1.51087296411568,1.51087296411568,0.138365397672649,0.120256390276144,0.102147382879636,0.0840383754831304,0.0659293680866204,0.0478203606901157,0.0278712408901107,0.000305528367434249,-0.0292918903262276,-0.0556567344838044,-0.0778310679719478,-0.082478251229114,-0.0533980853057638,0.00507131362771851,0.0791986454033058,0.164506624126354,0.257465699558907,0.354120431349799,0.461536540325691,0.583708038265852,0.583708038265852,0.583708038265852,0.583708038265852,0.583708038265852,0.583708038265852,0.583708038265852,0.583708038265852,0.583708038265852,0.583708038265852,0.583708038265852,0.583708038265852,0.583708038265852,0.583708038265852,0.583708038265852,0.583708038265852,0.583708038265852,0.583708038265852,0.583708038265852,0.583708038265852,0.583708038265852,1,1,1,1,1,1,1,1,1,1,1,1,1,1,1,1,1,1,1,1,1,1,1,1,1,1,1,1,1,1,1,1,1,1,1,1,1,1,1,1
-0.0918413480344391,-0.0657691205098421,-1.84487318663869,0.348821136504868,0.0683566775432549,-0.175434915774669,-0.57234864309248,0.790142765006316,-0.0530419510151816,-0.566471686388907,0.610348985849976,-1.46550808466183,1.93431942234962,-1.31474275348731,2.88054521186922,1.78468442310411,-0.512990949440969,-1.90008096823043,1.86007623541454,-2.62305924423916,0.604846436449815,0.389148387207824,-0.0100896833217323,-0.690851099832262,-0.491514815602896,0.909785295740411,-1.35791182897272,0.0376205523052686,-0.444440907041566,-0.439123511120446,-0.878162438730591,0.286002610711064,0.731095488700896,0.321013759788979,-2.89409798151853,0.094202115241437,1.32490682458087,1.47580170313326,-0.492754527997445,-0.170702477582763,-3.19566052081272,-2.94356371663847,-2.69146691246422,-2.43937010828997,-2.18727330411573,-1.93517649994148,-1.68307969576723,-1.43098289159299,-1.17888608741874,-0.926789283244492,-0.674692479070249,-0.422595674895998,-0.170498870721751,0.0815979334524943,0.333694737626745,0.585791541800992,0.837888345975237,1.08998515014948,1.34208195432373,1.59417875849797,1.59417875849797,1.59417875849797,1.59417875849797,1.59417875849797,1.59417875849797,1.59417875849797,1.59417875849797,1.59417875849797,1.59417875849797,1.59417875849797,1.59417875849797,1.59417875849797,1.59417875849797,1.59417875849797,1.59417875849797,1.59417875849797,1.59417875849797,1.59417875849797,1.59417875849797,1.59417875849797,18.8240957302886,12.6300752089667,7.69052249941146,3.88406736318636,1.08933956185484,-0.815031143019631,-1.95041498987362,-2.43818221714367,-2.39970306326635,-1.95634776667818,-1.22948656581574,-0.340489699115585,0.589272594985772,1.43843007805176,2.08561251164582,2.40944965733138,2.28857127667194,1.60160713123092,0.227186982571768,-1.95605940774209,-1.95605940774209,-1.95605940774209,-1.95605940774209,-1.95605940774209,-1.95605940774209,-1.95605940774209,-1.95605940774209,-1.95605940774209,-1.95605940774209,-1.95605940774209,-1.95605940774209,-1.95605940774209,-1.95605940774209,-1.95605940774209,-1.95605940774209,-1.95605940774209,-1.95605940774209,-1.95605940774209,-1.95605940774209,-1.95605940774209,-3.3997026024769,-3.05662606960171,-2.71354953672639,-2.3704730038511,-2.02739647097588,-1.68431993810057,-1.32131198968561,-0.943934602766426,-0.927222732147316,-1.46756840782807,-2.06710001451502,-2.0561027461106,-1.25692618709739,0.0409764179655578,1.39952872550777,2.47055776561893,3.04058361910341,2.79198229720265,1.35203744101418,-1.05375061152683,-1.05375061152683,-1.05375061152683,-1.05375061152683,-1.05375061152683,-1.05375061152683,-1.05375061152683,-1.05375061152683,-1.05375061152683,-1.05375061152683,-1.05375061152683,-1.05375061152683,-1.05375061152683,-1.05375061152683,-1.05375061152683,-1.05375061152683,-1.05375061152683,-1.05375061152683,-1.05375061152683,-1.05375061152683,-1.05375061152683,1,1,1,1,1,1,1,1,1,1,1,1,1,1,1,1,1,1,1,1,1,1,1,1,1,1,1,1,1,1,1,1,1,1,1,1,1,1,1,1
-2.61895662523578,1.90080657937217,0.537163911551675,1.84991201783431,-1.12216411846019,0.335909911612247,2.6894907535939,-1.03564951408016,-0.318768867953747,1.15096191365776,-1.83515926327954,-0.0780282234749841,-0.0428186144628278,-3.17151449907333,-0.713693510925852,-0.953924952103181,-2.97019273594793,2.35042397420876,-0.355123646789878,-0.685127272918416,-1.869052331918,1.22349971465356,-0.253442038760237,-0.834449356124116,3.04395183352002,1.42904462963508,0.78735780232808,1.62307985217668,1.38224811561254,0.933908481753708,-0.488120306796652,-1.91447265535814,-1.46087048439806,0.91530381664422,1.31899470330853,-0.527678884590605,1.0132339852413,0.810827407393473,0.711255136339444,-0.932182621271949,-0.0891889550272555,-0.108393324859547,-0.127597694691834,-0.146802064524126,-0.166006434356415,-0.185210804188705,-0.204415174020992,-0.223619543853284,-0.242823913685573,-0.262028283517864,-0.281232653350152,-0.300437023182443,-0.319641393014733,-0.338845762847022,-0.35805013267931,-0.377254502511601,-0.39645887234389,-0.415663242176178,-0.434867612008469,-0.454071981840762,-0.454071981840762,-0.454071981840762,-0.454071981840762,-0.454071981840762,-0.454071981840762,-0.454071981840762,-0.454071981840762,-0.454071981840762,-0.454071981840762,-0.454071981840762,-0.454071981840762,-0.454071981840762,-0.454071981840762,-0.454071981840762,-0.454071981840762,-0.454071981840762,-0.454071981840762,-0.454071981840762,-0.454071981840762,-0.454071981840762,9.05068013728162,7.02105878223581,5.253963634422,3.73490213344735,2.44938171891903,1.38290983044423,0.520993907630116,-0.150858609916144,-0.647140282587367,-0.982343670776379,-1.17096133487601,-1.22748583527909,-1.16640973237843,-1.00222558656687,-0.749425958237239,-0.42250340778234,-0.0359504955950189,0.3957402179319,0.858076172405605,1.33656480743324,1.33656480743324,1.33656480743324,1.33656480743324,1.33656480743324,1.33656480743324,1.33656480743324,1.33656480743324,1.33656480743324,1.33656480743324,1.33656480743324,1.33656480743324,1.33656480743324,1.33656480743324,1.33656480743324,1.33656480743324,1.33656480743324,1.33656480743324,1.33656480743324,1.33656480743324,1.33656480743324,4.56316071058418,3.8934358573047,3.2237110040252,2.55398615074571,1.88426129746622,1.21453644418674,0.558442304401485,-0.021401707024399,-0.481125803565332,-0.823351685900242,-1.0548291093877,-1.16241198476595,-1.15258461891174,-1.06401436982437,-0.909438567905614,-0.659000588139214,-0.304152945624637,0.118926900642505,0.576666632148472,1.05364096802326,1.05364096802326,1.05364096802326,1.05364096802326,1.05364096802326,1.05364096802326,1.05364096802326,1.05364096802326,1.05364096802326,1.05364096802326,1.05364096802326,1.05364096802326,1.05364096802326,1.05364096802326,1.05364096802326,1.05364096802326,1.05364096802326,1.05364096802326,1.05364096802326,1.05364096802326,1.05364096802326,1,1,1,1,1,1,1,1,1,1,1,1,1,1,1,1,1,1,1,1,1,1,1,1,1,1,1,1,1,1,1,1,1,1,1,1,1,1,1,1
1.79348076339065,-1.11135411559112,-0.434826675063309,-0.76388753566878,0.74850404115396,0.118493186558567,-0.399812085899077,0.0160251203698412,1.62736461520001,-1.73016642320904,-0.0575320489496214,-3.81873130144397,0.0385789521644764,-1.97300839066327,-1.11848564197385,1.49939795224201,-1.42414107129103,-0.531825221346949,-1.13628284515473,-0.0860072891024899,-0.388210179314493,-1.33917650583379,1.71265218466246,-0.0947855981781256,-1.13825276842306,-0.280114670929452,-4.03935291964144,0.206186505162954,1.985637214158,-1.10152957344479,2.04984387847024,-1.81530913414617,0.398517357047723,-1.2048855785872,-0.682784792153143,-1.41048914155387,0.138173821318352,-1.55020281844683,1.44997372049792,1.29387751554997,1.54324233853899,1.34944213928279,1.15564194002659,0.961841740770396,0.768041541514197,0.574241342257999,0.3804411430018,0.1866409437456,-0.00715925551060081,-0.200959454766799,-0.394759654022998,-0.588559853279198,-0.782360052535399,-0.976160251791597,-1.1699604510478,-1.36376065030399,-1.5575608495602,-1.7513610488164,-1.94516124807259,-2.13896144732879,-2.13896144732879,-2.13896144732879,-2.13896144732879,-2.13896144732879,-2.13896144732879,-2.13896144732879,-2.13896144732879,-2.13896144732879,-2.13896144732879,-2.13896144732879,-2.13896144732879,-2.13896144732879,-2.13896144732879,-2.13896144732879,-2.13896144732879,-2.13896144732879,-2.13896144732879,-2.13896144732879,-2.13896144732879,-2.13896144732879,6.9346088758267,6.04026669274858,5.11670846683323,4.18039064594399,3.24776967794419,2.33530201069719,1.45944409206631,0.636652369914909,-0.116616707893689,-0.783906693496128,-1.34876113902906,-1.79472359662918,-2.10533761843312,-2.26414675657753,-2.2546945631991,-2.0605245904345,-1.66518039042031,-1.05220551529327,-0.205143517190002,0.892462051752815,0.892462051752815,0.892462051752815,0.892462051752815,0.892462051752815,0.892462051752815,0.892462051752815,0.892462051752815,0.892462051752815,0.892462051752815,0.892462051752815,0.892462051752815,0.892462051752815,0.892462051752815,0.892462051752815,0.892462051752815,0.892462051752815,0.892462051752815,0.892462051752815,0.892462051752815,0.892462051752815,4.48912020678538,3.89723430398853,3.30534840119168,2.71346249839483,2.12157659559798,1.52969069280114,0.939290109528802,0.358830163226118,-0.193416263797147,-0.68033791445435,-1.06375455911503,-1.33623447643854,-1.50986370695648,-1.5861115134826,-1.56684651336549,-1.47439547985491,-1.33467976070245,-1.16219481197532,-0.971552366156221,-0.777374256856616,-0.777374256856616,-0.777374256856616,-0.777374256856616,-0.777374256856616,-0.777374256856616,-0.777374256856616,-0.777374256856616,-0.777374256856616,-0.777374256856616,-0.777374256856616,-0.777374256856616,-0.777374256856616,-0.777374256856616,-0.777374256856616,-0.777374256856616,-0.777374256856616,-0.777374256856616,-0.777374256856616,-0.777374256856616,-0.777374256856616,1,1,1,1,1,1,1,1,1,1,1,1,1,1,1,1,1,1,1,1,1,1,1,1,1,1,1,1,1,1,1,1,1,1,1,1,1,1,1,1
2.35487870415278,-3.68721553937682,-1.79598437273258,-1.24662527926436,-1.20987526253426,-2.2263667567796,0.813783073249008,-0.138290626708681,-1.01512113666893,-1.81540176918735,1.81227498993788,1.48267573611489,0.0154481850357833,-0.648607739622486,0.852273655231972,-0.893747073503025,2.48409740129979,-3.07948940143767,0.328779827185754,0.856714463708228,-2.15573562727221,0.500403314717341,-1.46673981230186,0.571446321660739,-1.6516782564621,-0.124652829180951,-1.94203478774066,-0.638303977319795,-0.841519614563763,-0.310118664884415,0.0658250111817313,-3.14534690520929,1.44878053899739,0.734269761651507,0.487578292223759,-1.5120719454947,2.58013802741832,-1.28353378533295,0.533231765302729,-2.32682661914842,0.887423026933678,0.858242616064119,0.82906220519456,0.799881794325,0.770701383455442,0.741520972585883,0.712340561716321,0.683160150846762,0.653979739977204,0.624799329107644,0.595618918238085,0.566438507368526,0.537258096498967,0.508077685629408,0.478897274759849,0.449716863890288,0.420536453020731,0.391356042151171,0.362175631281612,0.332995220412052,0.332995220412052,0.332995220412052,0.332995220412052,0.332995220412052,0.332995220412052,0.332995220412052,0.332995220412052,0.332995220412052,0.332995220412052,0.332995220412052,0.332995220412052,0.332995220412052,0.332995220412052,0.332995220412052,0.332995220412052,0.332995220412052,0.332995220412052,0.332995220412052,0.332995220412052,0.332995220412052,-1.55690340298759,-0.862313084284109,-0.317024410606694,0.0946306271894279,0.388320038249029,0.579711831716883,0.684474016737767,0.718274602456441,0.696781598017683,0.635663012566276,0.550586855246982,0.457221135204572,0.371233861583812,0.308293043529494,0.284066690186378,0.314222810699238,0.414429414212847,0.600354509871972,0.88766610682139,1.29203221420588,1.29203221420588,1.29203221420588,1.29203221420588,1.29203221420588,1.29203221420588,1.29203221420588,1.29203221420588,1.29203221420588,1.29203221420588,1.29203221420588,1.29203221420588,1.29203221420588,1.29203221420588,1.29203221420588,1.29203221420588,1.29203221420588,1.29203221420588,1.29203221420588,1.29203221420588,1.29203221420588,1.19472124930622,1.12465144223624,1.05458163516626,0.984511828096279,0.9144420210263,0.844372213956319,0.774518700754678,0.705976747931881,0.640174400456015,0.578957693234655,0.524867678208025,0.480335768281597,0.446739771081361,0.425429822705318,0.418567287970806,0.426406153137796,0.445177815902197,0.470696721003666,0.501783100160184,0.537122821737688,0.537122821737688,0.537122821737688,0.537122821737688,0.537122821737688,0.537122821737688,0.537122821737688,0.537122821737688,0.537122821737688,0.537122821737688,0.537122821737688,0.537122821737688,0.537122821737688,0.537122821737688,0.537122821737688,0.537122821737688,0.537122821737688,0.537122821737688,0.537122821737688,0.537122821737688,0.537122821737688,1,1,1,1,1,1,1,1,1,1,1,1,1,1,1,1,1,1,1,1,1,1,1,1,1,1,1,1,1,1,1,1,1,1,1,1,1,1,1,1
-2.38014304149867,-0.518145702267301,-0.739177705889341,-1.06174372153497,-1.20914527887832,4.83298610884029,-0.898830113407339,2.79943685962128,-0.430506445656782,2.43537104195162,-1.10922343787468,-0.145932914034246,-0.958549814416342,-0.64734571759212,-0.107125825753766,-0.687690928465775,0.829933533680858,-0.813711977521001,-0.659998982929942,0.441047453703458,-1.55721677965439,-0.768767739751674,0.937041128751421,-0.386927251334896,-2.439252425443,0.695060643331352,-2.11825550518754,1.30285206249058,2.54886464876531,0.234620268875899,0.498319065339457,1.84878808898291,2.07154315433996,0.965544372195641,0.168578505170913,-1.036569693723,-0.991747463506053,-0.900930690261571,2.31981077440525,0.881472237086982,1.45493260841138,1.35972211839773,1.26451162838407,1.16930113837041,1.07409064835676,0.978880158343098,0.883669668329442,0.788459178315785,0.693248688302127,0.598038198288469,0.502827708274813,0.407617218261153,0.312406728247497,0.217196238233841,0.121985748220183,0.0267752582065253,-0.0684352318071308,-0.163645721820789,-0.258856211834443,-0.354066701848103,-0.354066701848103,-0.354066701848103,-0.354066701848103,-0.354066701848103,-0.354066701848103,-0.354066701848103,-0.354066701848103,-0.354066701848103,-0.354066701848103,-0.354066701848103,-0.354066701848103,-0.354066701848103,-0.354066701848103,-0.354066701848103,-0.354066701848103,-0.354066701848103,-0.354066701848103,-0.354066701848103,-0.354066701848103,-0.354066701848103,6.45587876861575,5.62017333736685,4.78941855090765,3.97466380174181,3.18695848237298,2.43735198530481,1.73689370304095,1.09663302808506,0.527619352940775,0.0409020701117537,-0.352469427898351,-0.641445748585898,-0.814977499447227,-0.862015287978688,-0.771509721676646,-0.532411408037428,-0.133670954557392,0.435761031267106,1.18693394193972,2.1308971699641,2.1308971699641,2.1308971699641,2.1308971699641,2.1308971699641,2.1308971699641,2.1308971699641,2.1308971699641,2.1308971699641,2.1308971699641,2.1308971699641,2.1308971699641,2.1308971699641,2.1308971699641,2.1308971699641,2.1308971699641,2.1308971699641,2.1308971699641,2.1308971699641,2.1308971699641,2.1308971699641,4.84885305104159,4.28349343409453,3.71813381714747,3.15277420020041,2.58741458325335,2.02205496630629,1.46022405423692,0.923347209698342,0.449939962622889,0.0729332277190924,-0.188237849276716,-0.318259786535414,-0.321485319263198,-0.240723954368599,-0.128344624613648,-0.005335934867718,0.136866154434534,0.314906416375608,0.53964710399884,0.799563394913326,0.799563394913326,0.799563394913326,0.799563394913326,0.799563394913326,0.799563394913326,0.799563394913326,0.799563394913326,0.799563394913326,0.799563394913326,0.799563394913326,0.799563394913326,0.799563394913326,0.799563394913326,0.799563394913326,0.799563394913326,0.799563394913326,0.799563394913326,0.799563394913326,0.799563394913326,0.799563394913326,1,1,1,1,1,1,1,1,1,1,1,1,1,1,1,1,1,1,1,1,1,1,1,1,1,1,1,1,1,1,1,1,1,1,1,1,1,1,1,1
-0.42687251029672,2.14188039600813,3.2273939396111,0.208152790373951,-0.0581676129500845,0.492952400363435,1.01608492953845,-1.06513497162268,0.383631591630449,-1.32351292596617,-0.996683537955182,-1.7767504555722,0.513493288316027,-0.222122486240828,-0.491478031823704,0.164405592174109,-2.38655602749178,2.48010861792088,0.158075618050152,2.1992879193719,0.57940799642234,-0.164277649408042,1.170857976088,-0.155770396385696,-0.158117086938894,2.68045761869422,-1.82217285323165,1.30943396858494,3.16507712963473,1.12986044958779,0.42662158157837,-1.16094929287452,-1.33157967807808,2.09411449455647,1.40299372123745,0.681200633943257,0.00359734486661267,0.0810760704980957,1.2443264192149,0.605345431180327,2.46435235539902,2.21790997104644,1.97146758669387,1.72502520234129,1.47858281798872,1.23214043363614,0.985698049283562,0.739255664930987,0.49281328057841,0.246370896225832,-7.14881267445122e-05,-0.246513872479321,-0.492956256831896,-0.739398641184474,-0.98584102553705,-1.23228340988963,-1.4787257942422,-1.72516817859478,-1.97161056294736,-2.21805294729993,-2.21805294729993,-2.21805294729993,-2.21805294729993,-2.21805294729993,-2.21805294729993,-2.21805294729993,-2.21805294729993,-2.21805294729993,-2.21805294729993,-2.21805294729993,-2.21805294729993,-2.21805294729993,-2.21805294729993,-2.21805294729993,-2.21805294729993,-2.21805294729993,-2.21805294729993,-2.21805294729993,-2.21805294729993,-2.21805294729993,23.7252255182814,18.513086254005,14.0298660182406,10.2244004630588,7.04552524053002,4.44207600272481,2.36288840171368,0.756798089567114,-0.427359281644351,-1.24074805985024,-1.73453259298003,-1.95987722896321,-1.96794631572929,-1.80990420120773,-1.53691523332806,-1.20014376001974,-0.850754129212302,-0.539910688835167,-0.318777786817909,-0.238519771090003,-0.238519771090003,-0.238519771090003,-0.238519771090003,-0.238519771090003,-0.238519771090003,-0.238519771090003,-0.238519771090003,-0.238519771090003,-0.238519771090003,-0.238519771090003,-0.238519771090003,-0.238519771090003,-0.238519771090003,-0.238519771090003,-0.238519771090003,-0.238519771090003,-0.238519771090003,-0.238519771090003,-0.238519771090003,-0.238519771090003,5.27625814310028,4.65210607612818,4.02795400915608,3.40380194218399,2.77964987521189,2.15549780823979,1.53248655906732,0.920342899949237,0.347198706139533,-0.153581697329901,-0.564970206406532,-0.888143242557078,-1.12899452083161,-1.29211279507226,-1.38435570251501,-1.41433402758021,-1.38796310045681,-1.31089774301745,-1.19578404114854,-1.06202687116513,-1.06202687116513,-1.06202687116513,-1.06202687116513,-1.06202687116513,-1.06202687116513,-1.06202687116513,-1.06202687116513,-1.06202687116513,-1.06202687116513,-1.06202687116513,-1.06202687116513,-1.06202687116513,-1.06202687116513,-1.06202687116513,-1.06202687116513,-1.06202687116513,-1.06202687116513,-1.06202687116513,-1.06202687116513,-1.06202687116513,1,1,1,1,1,1,1,1,1,1,1,1,1,1,1,1,1,1,1,1,1,1,1,1,1,1,1,1,1,1,1,1,1,1,1,1,1,1,1,1
1.247004946892,0.966876530608228,1.32102894819478,-0.461637865564748,-3.7947347698981,-0.560844774073359,-1.25376760688718,-1.82772218630534,0.0236816764303054,-2.83475380757899,1.68383911407284,-0.213600111135825,-0.67041172563977,-1.73297059065698,-0.982410006060103,-1.28529925600568,-0.266062516221295,0.847120725155339,-0.959147047153042,0.889410564695687,0.761129941663082,3.03986149336629,-0.726753638540812,1.44227590299679,0.478287994376124,-0.0658959882997063,0.974874665426503,2.78789515472006,0.896582973043111,-0.370683793917177,-1.14658040393379,0.831442212536508,0.06245738123358,-2.93864863458142,0.585080249429788,1.95030277714429,-0.0363111504756048,-1.57213205463405,-0.584339487168998,-1.1631598865149,-2.65908453242971,-2.37563458117297,-2.09218462991622,-1.80873467865947,-1.52528472740273,-1.24183477614598,-0.958384824889229,-0.674934873632481,-0.391484922375735,-0.108034971118988,0.175414980137759,0.458864931394507,0.742314882651256,1.025764833908,1.30921478516475,1.5926647364215,1.87611468767824,2.15956463893499,2.44301459019174,2.72646454144848,2.72646454144848,2.72646454144848,2.72646454144848,2.72646454144848,2.72646454144848,2.72646454144848,2.72646454144848,2.72646454144848,2.72646454144848,2.72646454144848,2.72646454144848,2.72646454144848,2.72646454144848,2.72646454144848,2.72646454144848,2.72646454144848,2.72646454144848,2.72646454144848,2.72646454144848,2.72646454144848,-17.5794569485593,-13.2829853051919,-9.70097948815223,-6.7696858526032,-4.42535075370779,-2.60422054662895,-1.24254158652965,-0.276560228572851,0.357477172078488,0.723324260261407,0.88473468081294,0.905462078570137,0.849260098370022,0.779882385049646,0.761082583446038,0.856614338396238,1.1302312947373,1.64568709730623,2.46673539094011,3.65712982047593,3.65712982047593,3.65712982047593,3.65712982047593,3.65712982047593,3.65712982047593,3.65712982047593,3.65712982047593,3.65712982047593,3.65712982047593,3.65712982047593,3.65712982047593,3.65712982047593,3.65712982047593,3.65712982047593,3.65712982047593,3.65712982047593,3.65712982047593,3.65712982047593,3.65712982047593,3.65712982047593,-2.65693505050831,-2.37377953541043,-2.09062402031254,-1.80746850521465,-1.52431299011676,-1.24115747501887,-0.957996157235097,-0.674805254364174,-0.391579470282814,-0.10832987885999,0.174941465712321,0.458250194970701,0.741628938088121,1.02511829906679,1.30874124825,1.592488913022,1.87633742880686,2.16026380432543,2.4442418598233,2.72824260904734,2.72824260904734,2.72824260904734,2.72824260904734,2.72824260904734,2.72824260904734,2.72824260904734,2.72824260904734,2.72824260904734,2.72824260904734,2.72824260904734,2.72824260904734,2.72824260904734,2.72824260904734,2.72824260904734,2.72824260904734,2.72824260904734,2.72824260904734,2.72824260904734,2.72824260904734,2.72824260904734,1,1,1,1,1,1,1,1,1,1,1,1,1,1,1,1,1,1,1,1,1,1,1,1,1,1,1,1,1,1,1,1,1,1,1,1,1,1,1,1
-0.6312059312696,-1.80866150386806,3.24934821835142,-0.299169635728716,-0.82158519883868,1.49160466228544,-0.308540574971436,-0.916011858004737,-1.36509310608817,0.137691378485778,-0.351525652382463,0.0183982422823767,0.0783478357288345,-0.734008184089788,-1.29625967804962,1.82072960121708,-0.248271360382985,-2.42901721622103,0.850446755026899,-1.3963167058898,1.63655940217811,0.52096563951765,-1.94730385593497,-2.91874810928931,-1.51490310797501,-1.34167400458211,-1.40261428190781,0.0389450208963655,-0.457529527043391,0.154033922214071,1.12443057598152,-0.237480721531979,-2.90116357241484,-1.36938694743739,-1.43226544230339,1.89998002931895,-2.5174426483215,1.22088567344203,0.167510560552826,3.47726349749746,-0.0770401075179956,-0.18219151317204,-0.287342918826083,-0.392494324480128,-0.497645730134173,-0.602797135788217,-0.707948541442262,-0.813099947096307,-0.918251352750351,-1.02340275840439,-1.12855416405844,-1.23370556971248,-1.33885697536653,-1.44400838102057,-1.54915978667462,-1.65431119232866,-1.75946259798271,-1.86461400363675,-1.9697654092908,-2.07491681494484,-2.07491681494484,-2.07491681494484,-2.07491681494484,-2.07491681494484,-2.07491681494484,-2.07491681494484,-2.07491681494484,-2.07491681494484,-2.07491681494484,-2.07491681494484,-2.07491681494484,-2.07491681494484,-2.07491681494484,-2.07491681494484,-2.07491681494484,-2.07491681494484,-2.07491681494484,-2.07491681494484,-2.07491681494484,-2.07491681494484,-1.5787411807226,-1.25107166209981,-1.00920964990701,-0.8445675873994,-0.748557917832164,-0.712593084460507,-0.728085530539623,-0.786447699324706,-0.87909203407095,-0.997430978033563,-1.13287697446773,-1.27684246662865,-1.42073989777152,-1.55598171115155,-1.67398035002391,-1.7661482576438,-1.82389787726644,-1.838641652147,-1.8017920255407,-1.70476144070272,-1.70476144070272,-1.70476144070272,-1.70476144070272,-1.70476144070272,-1.70476144070272,-1.70476144070272,-1.70476144070272,-1.70476144070272,-1.70476144070272,-1.70476144070272,-1.70476144070272,-1.70476144070272,-1.70476144070272,-1.70476144070272,-1.70476144070272,-1.70476144070272,-1.70476144070272,-1.70476144070272,-1.70476144070272,-1.70476144070272,0.15788390326259,0.0387769453403815,-0.0803300125818271,-0.199436970504041,-0.318543928426253,-0.437650886348462,-0.560574109828876,-0.705558266520816,-0.8870634695579,-1.09586149762033,-1.29402130989723,-1.44085769911767,-1.5312339332625,-1.59032372574686,-1.63137715591403,-1.65268497727062,-1.67482331018125,-1.73663754120809,-1.84990984026526,-1.99153258636697,-1.99153258636697,-1.99153258636697,-1.99153258636697,-1.99153258636697,-1.99153258636697,-1.99153258636697,-1.99153258636697,-1.99153258636697,-1.99153258636697,-1.99153258636697,-1.99153258636697,-1.99153258636697,-1.99153258636697,-1.99153258636697,-1.99153258636697,-1.99153258636697,-1.99153258636697,-1.99153258636697,-1.99153258636697,-1.99153258636697,1,1,1,1,1,1,1,1,1,1,1,1,1,1,1,1,1,1,1,1,1,1,1,1,1,1,1,1,1,1,1,1,1,1,1,1,1,1,1,1
1.36534537454056,-1.61682608966471,0.604193147796574,2.39336579936483,0.0271113771811935,2.04481159483159,0.807377514703505,2.13679900091384,1.45885090037037,0.29173628805389,2.01343001014089,-0.494774252398798,-0.541746403397866,-1.66451462668111,0.821277778945682,0.735902556476525,0.115452810958429,-0.203581451444391,0.215173036108144,0.197972490252528,1.73401034848126,-1.47877742917629,4.0195333534787,-0.900963720760297,1.63504913274127,-0.317971001399068,1.05851158610423,1.45412799055693,0.27837178776136,1.37678593287054,-0.83953309119129,-1.16189820518725,0.446457638558446,-0.688837263562512,0.93490404433517,-1.07659230551567,-0.48519078934047,1.43101554238988,1.20217425666595,1.71301608331014,3.92587113668247,3.59853936313101,3.27120758957955,2.9438758160281,2.61654404247664,2.28921226892518,1.96188049537372,1.63454872182226,1.30721694827081,0.979885174719346,0.652553401167889,0.325221627616429,-0.00211014593502767,-0.329441919486486,-0.656773693037943,-0.984105466589401,-1.31143724014086,-1.63876901369232,-1.96610078724378,-2.29343256079523,-2.29343256079523,-2.29343256079523,-2.29343256079523,-2.29343256079523,-2.29343256079523,-2.29343256079523,-2.29343256079523,-2.29343256079523,-2.29343256079523,-2.29343256079523,-2.29343256079523,-2.29343256079523,-2.29343256079523,-2.29343256079523,-2.29343256079523,-2.29343256079523,-2.29343256079523,-2.29343256079523,-2.29343256079523,-2.29343256079523,5.97203197011288,5.47159092269304,4.92179681389736,4.33474293802522,3.72252258937606,3.09722906224928,2.47095565094429,1.85579564976051,1.26384235299736,0.707189054954217,0.197929049930533,-0.251844367774286,-0.630037903860854,-0.924558264029743,-1.12331215398152,-1.2142062794168,-1.18514734603619,-1.02404205954022,-0.71879712562952,-0.257319250004683,-0.257319250004683,-0.257319250004683,-0.257319250004683,-0.257319250004683,-0.257319250004683,-0.257319250004683,-0.257319250004683,-0.257319250004683,-0.257319250004683,-0.257319250004683,-0.257319250004683,-0.257319250004683,-0.257319250004683,-0.257319250004683,-0.257319250004683,-0.257319250004683,-0.257319250004683,-0.257319250004683,-0.257319250004683,-0.257319250004683,6.87163510757091,6.09795110542249,5.32426710327403,4.55058310112559,3.77689909897716,3.00321509682871,2.25866177278662,1.66206548478351,1.23497406409513,0.899623100497466,0.574300435882037,0.179873604777839,-0.33844100558529,-0.925768677243465,-1.42463349849301,-1.69397231673944,-1.67766773870904,-1.38433105700918,-0.870252744503695,-0.23734685312543,-0.23734685312543,-0.23734685312543,-0.23734685312543,-0.23734685312543,-0.23734685312543,-0.23734685312543,-0.23734685312543,-0.23734685312543,-0.23734685312543,-0.23734685312543,-0.23734685312543,-0.23734685312543,-0.23734685312543,-0.23734685312543,-0.23734685312543,-0.23734685312543,-0.23734685312543,-0.23734685312543,-0.23734685312543,-0.23734685312543,1,1,1,1,1,1,1,1,1,1,1,1,1,1,1,1,1,1,1,1,1,1,1,1,1,1,1,1,1,1,1,1,1,1,1,1,1,1,1,1
-0.0646431108508905,-1.55188302828241,0.0541123225566134,0.418676737026377,-1.28574045760108,-0.706703308501346,-0.502917891696533,0.590609664987345,-1.52504179537684,1.84488122947912,-0.181764694804567,0.788538317991744,0.604191546832061,-0.934318486158753,0.323665234680872,0.697724599917061,2.7300151241926,-1.13494353055648,1.0514531249289,-0.785698889093272,-0.39245195459951,0.668970202059722,0.760932237443374,-2.77448962928347,-0.581488516827346,-2.04558867145049,-0.59402270312745,-0.687625954662535,-2.30465952303191,0.764941581482502,-0.534943933430968,-0.0131651965299877,1.33388183147805,0.364030965860913,-1.6925628399854,0.259402664550269,-1.71795934135495,1.30478677219663,-0.115945458936576,-1.39024855729978,-2.96000143003021,-2.62820601509035,-2.29641060015048,-1.96461518521062,-1.63281977027075,-1.30102435533088,-0.969228940391019,-0.637433525451154,-0.305638110511288,0.0261573044285761,0.357952719368443,0.68974813430831,1.02154354924817,1.35333896418804,1.68513437912791,2.01692979406777,2.34872520900764,2.6805206239475,3.01231603888737,3.34411145382723,3.34411145382723,3.34411145382723,3.34411145382723,3.34411145382723,3.34411145382723,3.34411145382723,3.34411145382723,3.34411145382723,3.34411145382723,3.34411145382723,3.34411145382723,3.34411145382723,3.34411145382723,3.34411145382723,3.34411145382723,3.34411145382723,3.34411145382723,3.34411145382723,3.34411145382723,3.34411145382723,-38.9936461200227,-29.5269843236708,-21.5813562486686,-15.0295993064915,-9.74455090861446,-5.59904846651277,-2.46592939166164,-0.218031095536246,1.27180901038825,2.13075351463659,2.48596500573363,2.46460607220421,2.19383930257306,1.80082728536499,1.41273260910486,1.15671786231749,1.1599456335276,1.54957851126006,2.45277908403967,3.99670994039123,3.99670994039123,3.99670994039123,3.99670994039123,3.99670994039123,3.99670994039123,3.99670994039123,3.99670994039123,3.99670994039123,3.99670994039123,3.99670994039123,3.99670994039123,3.99670994039123,3.99670994039123,3.99670994039123,3.99670994039123,3.99670994039123,3.99670994039123,3.99670994039123,3.99670994039123,3.99670994039123,-3.32735241278077,-2.96002390050387,-2.59269538822699,-2.2253668759501,-1.8580383636732,-1.49070985139631,-1.12093499843914,-0.737498001480136,-0.337193765863779,0.0551779522296787,0.412160587421772,0.746951931051345,1.09213950617679,1.4486919726801,1.79745813839214,2.13916979686751,2.49006710521297,2.86334460563284,3.26855001315278,3.70067396390687,3.70067396390687,3.70067396390687,3.70067396390687,3.70067396390687,3.70067396390687,3.70067396390687,3.70067396390687,3.70067396390687,3.70067396390687,3.70067396390687,3.70067396390687,3.70067396390687,3.70067396390687,3.70067396390687,3.70067396390687,3.70067396390687,3.70067396390687,3.70067396390687,3.70067396390687,3.70067396390687,1,1,1,1,1,1,1,1,1,1,1,1,1,1,1,1,1,1,1,1,1,1,1,1,1,1,1,1,1,1,1,1,1,1,1,1,1,1,1,1
1.93184682784711,-1.64176464656299,2.01132002624453,-0.536993328140378,-2.39275524256566,1.14131698764565,-0.620892697022393,0.518047334151325,0.753940163704716,-2.46397949661303,1.90696127808646,0.639900912585043,-1.05099080453805,1.72462678912222,-0.129804488754363,1.60666830379447,-2.45211787944649,3.02880505468499,0.0934343407430998,3.05270422438152,1.21036845118958,1.03223543357136,-1.93279033408495,0.330784117604631,-0.600028270690748,-0.499152219705403,2.67778492920081,1.76206103964854,1.94607074392298,-0.869890860831751,-0.825361661275302,-1.26035491050528,1.32601983640443,-2.45296170834892,-1.55705295613401,0.432232786317568,-0.166679781652478,-1.8885244910943,1.02072238603077,2.774897300216,1.03410609698669,1.01384673500036,0.993587373014024,0.973328011027692,0.953068649041359,0.932809287055029,0.912549925068697,0.892290563082366,0.872031201096036,0.851771839109702,0.83151247712337,0.811253115137038,0.790993753150708,0.770734391164375,0.750475029178045,0.730215667191711,0.709956305205381,0.689696943219049,0.669437581232716,0.649178219246386,0.649178219246386,0.649178219246386,0.649178219246386,0.649178219246386,0.649178219246386,0.649178219246386,0.649178219246386,0.649178219246386,0.649178219246386,0.649178219246386,0.649178219246386,0.649178219246386,0.649178219246386,0.649178219246386,0.649178219246386,0.649178219246386,0.649178219246386,0.649178219246386,0.649178219246386,0.649178219246386,14.1436040193658,11.6054118648061,9.30996933500824,7.25371259667892,5.43307781652477,3.84450116125243,2.48441879756855,1.34926689217977,0.435481611792742,-0.260500876885887,-0.74224440714948,-1.01331281229138,-1.07726992560494,-0.937679580383527,-0.598105609920481,-0.062111847509156,0.666737873557079,1.5848797199849,2.68874985848092,3.97478445575181,3.97478445575181,3.97478445575181,3.97478445575181,3.97478445575181,3.97478445575181,3.97478445575181,3.97478445575181,3.97478445575181,3.97478445575181,3.97478445575181,3.97478445575181,3.97478445575181,3.97478445575181,3.97478445575181,3.97478445575181,3.97478445575181,3.97478445575181,3.97478445575181,3.97478445575181,3.97478445575181,5.24511479232279,4.67475003381504,4.10438527530727,3.53402051679952,2.96365575829176,2.393290999784,1.82326529420285,1.26064855768211,0.73595572601049,0.288539612521729,-0.0533868937409814,-0.267406918268398,-0.331876998301508,-0.239975209135698,-0.00913587959576212,0.32931719388254,0.748940719363265,1.23993434573442,1.79866057278699,2.40193763870134,2.40193763870134,2.40193763870134,2.40193763870134,2.40193763870134,2.40193763870134,2.40193763870134,2.40193763870134,2.40193763870134,2.40193763870134,2.40193763870134,2.40193763870134,2.40193763870134,2.40193763870134,2.40193763870134,2.40193763870134,2.40193763870134,2.40193763870134,2.40193763870134,2.40193763870134,2.40193763870134,1,1,1,1,1,1,1,1,1,1,1,1,1,1,1,1,1,1,1,1,1,1,1,1,1,1,1,1,1,1,1,1,1,1,1,1,1,1,1,1
1.97922165695718,-2.42780302573047,-1.00610426053564,-1.28729353277083,1.06441393096945,0.453931296508427,2.87031195412538,0.942390800689981,-0.504368351376415,-2.748382828198,-0.669890177470345,-0.78937211821826,1.05786424399537,2.06114994555895,2.52380373347155,0.417070158265398,2.4317767396527,2.802135679512,-1.16030682890732,0.820070508378468,-0.904728919445157,0.562181230643313,2.58191231297724,-0.750452142982274,-3.42569573919355,0.819722081637538,3.29134097968152,-3.45005434698453,1.31041752550677,-0.859391763819541,1.73934011044339,1.01020180609109,2.67737684722064,1.27791022493865,0.630780156840286,-2.31270173667835,-0.414847337169158,-0.518503878221241,0.909606787688519,0.862841712956513,0.296258192106426,0.352867312722912,0.409476433339402,0.466085553955888,0.522694674572375,0.57930379518886,0.635912915805347,0.692522036421837,0.749131157038322,0.805740277654808,0.862349398271297,0.918958518887782,0.97556763950427,1.03217676012076,1.08878588073724,1.14539500135373,1.20200412197022,1.2586132425867,1.31522236320319,1.37183148381968,1.37183148381968,1.37183148381968,1.37183148381968,1.37183148381968,1.37183148381968,1.37183148381968,1.37183148381968,1.37183148381968,1.37183148381968,1.37183148381968,1.37183148381968,1.37183148381968,1.37183148381968,1.37183148381968,1.37183148381968,1.37183148381968,1.37183148381968,1.37183148381968,1.37183148381968,1.37183148381968,9.78364770978152,7.12284226184807,4.96995885522291,3.27816499016067,2.00062816691597,1.09051588574343,0.50099564689767,0.185234950633321,0.0964012972050057,0.187662186867339,0.412185119874943,0.723137596482452,1.07368711694448,1.41700118151565,1.7062472904506,1.89459294400393,1.93520564243027,1.78125288598426,1.38590217492048,0.702321009493607,0.702321009493607,0.702321009493607,0.702321009493607,0.702321009493607,0.702321009493607,0.702321009493607,0.702321009493607,0.702321009493607,0.702321009493607,0.702321009493607,0.702321009493607,0.702321009493607,0.702321009493607,0.702321009493607,0.702321009493607,0.702321009493607,0.702321009493607,0.702321009493607,0.702321009493607,0.702321009493607,0.971092313265535,0.934412353405625,0.897732393545716,0.861052433685807,0.824372473825894,0.787692513965989,0.750066283702854,0.709169572035389,0.671865523020717,0.648534337318798,0.647093884635067,0.677096805443208,0.74555116260097,0.847940692816401,0.975333859886462,1.12522245376694,1.29455308622557,1.47087985172151,1.64118978717919,1.80383946135463,1.80383946135463,1.80383946135463,1.80383946135463,1.80383946135463,1.80383946135463,1.80383946135463,1.80383946135463,1.80383946135463,1.80383946135463,1.80383946135463,1.80383946135463,1.80383946135463,1.80383946135463,1.80383946135463,1.80383946135463,1.80383946135463,1.80383946135463,1.80383946135463,1.80383946135463,1.80383946135463,1,1,1,1,1,1,1,1,1,1,1,1,1,1,1,1,1,1,1,1,1,1,1,1,1,1,1,1,1,1,1,1,1,1,1,1,1,1,1,1
1.94872923962904,-1.56932047608722,-1.22230585355485,-3.80278517857452,-1.1110682300763,-0.938246140140317,0.311292181846269,0.112758060949681,0.490358418027499,-0.0489997008057728,0.60090430693195,1.44007979848047,-0.914881897924243,1.58003505502082,-0.168591777925716,-0.852487499359588,1.69247027606357,1.24346210714675,0.393642930544097,-1.60947943758935,0.544306388418329,1.55015082407166,-1.47746151671876,1.19937074904546,0.292172575544052,2.72061462204666,-0.0814707655993256,-1.01822728732133,1.07582513455442,-0.438137007074843,-0.493516490625478,-0.453078241506105,-0.0759774841731513,-1.67327860604375,0.51789448778049,1.10823288010584,-1.07231055216091,-0.713845428019004,2.21629891834045,0.30479565496122,0.809305300757087,0.777634447535235,0.745963594313382,0.71429274109153,0.682621887869677,0.650951034647824,0.619280181425971,0.587609328204119,0.555938474982266,0.524267621760414,0.49259676853856,0.460925915316709,0.429255062094855,0.397584208873003,0.365913355651148,0.334242502429298,0.302571649207446,0.270900795985593,0.239229942763739,0.207559089541887,0.207559089541887,0.207559089541887,0.207559089541887,0.207559089541887,0.207559089541887,0.207559089541887,0.207559089541887,0.207559089541887,0.207559089541887,0.207559089541887,0.207559089541887,0.207559089541887,0.207559089541887,0.207559089541887,0.207559089541887,0.207559089541887,0.207559089541887,0.207559089541887,0.207559089541887,0.207559089541887,2.80220142004498,2.41302417828925,2.04485693301293,1.69999544302396,1.38073546713027,1.08937276413979,0.828203092860439,0.599522212100156,0.405625880666868,0.24880985736851,0.131369901013008,0.0556017704082912,0.0238012243622876,0.0382640216829309,0.101285921178146,0.215162681655883,0.382190061924049,0.60466382079057,0.884879717063393,1.22513350955045,1.22513350955045,1.22513350955045,1.22513350955045,1.22513350955045,1.22513350955045,1.22513350955045,1.22513350955045,1.22513350955045,1.22513350955045,1.22513350955045,1.22513350955045,1.22513350955045,1.22513350955045,1.22513350955045,1.22513350955045,1.22513350955045,1.22513350955045,1.22513350955045,1.22513350955045,1.22513350955045,1.02294214705713,0.979804386094119,0.936666625131111,0.893528864168109,0.850391103205096,0.807253342242087,0.760471040058127,0.697678052864668,0.627782939992223,0.56519822793325,0.495793606059955,0.38285334162757,0.203666550503899,-0.0197767867157115,-0.210622753071586,-0.260743088624107,-0.0925407201983042,0.286931073481043,0.79856058626425,1.35803151258169,1.35803151258169,1.35803151258169,1.35803151258169,1.35803151258169,1.35803151258169,1.35803151258169,1.35803151258169,1.35803151258169,1.35803151258169,1.35803151258169,1.35803151258169,1.35803151258169,1.35803151258169,1.35803151258169,1.35803151258169,1.35803151258169,1.35803151258169,1.35803151258169,1.35803151258169,1.35803151258169,1,1,1,1,1,1,1,1,1,1,1,1,1,1,1,1,1,1,1,1,1,1,1,1,1,1,1,1,1,1,1,1,1,1,1,1,1,1,1,1
-2.44358755089934,-0.0769345118087492,-1.07952309302651,-1.55137599216556,-0.227590744951859,-3.38704243972569,-1.37271586455887,-0.371465817119258,4.47828501810379,-2.21746094128576,-0.0290922426625748,0.469195120944658,1.31125007417728,-0.926542736748907,-2.3645355665971,1.76241372667359,-0.336576817281248,-1.94873007643664,1.14993974237458,0.617085692838886,2.10697781990277,-0.365007388444283,1.67926558771983,-2.22783313631976,-0.469813385645692,-1.95428832499798,-1.28817330892201,-0.334325587649822,0.916733563644627,-0.933044679294174,0.991175138304726,-1.05881150942359,-0.522840927059564,1.02213702301316,0.32395630577477,-0.534643209497933,0.267075003785822,1.10178584714358,-1.34875404545405,1.24682565123357,-2.94498273953812,-2.71720619224406,-2.48942964494999,-2.26165309765592,-2.03387655036185,-1.80610000306779,-1.57832345577372,-1.35054690847965,-1.12277036118558,-0.894993813891517,-0.667217266597451,-0.439440719303382,-0.211664172009318,0.0161123752847541,0.243888922578819,0.471665469872887,0.699442017166954,0.92721856446102,1.15499511175509,1.38277165904916,1.38277165904916,1.38277165904916,1.38277165904916,1.38277165904916,1.38277165904916,1.38277165904916,1.38277165904916,1.38277165904916,1.38277165904916,1.38277165904916,1.38277165904916,1.38277165904916,1.38277165904916,1.38277165904916,1.38277165904916,1.38277165904916,1.38277165904916,1.38277165904916,1.38277165904916,1.38277165904916,-47.1520946675722,-34.6778529592988,-24.4652832552995,-16.3046882882151,-9.98637079068612,-5.30063349535329,-2.03777913485723,0.0118895581613936,1.05806985106194,1.31045901120376,0.978754305946179,0.272653002648548,-0.598147631329741,-1.42395032862935,-1.99505782189101,-2.10177284375535,-1.53439812686296,-0.0832364038544871,2.46140959262925,6.3092371299479,6.3092371299479,6.3092371299479,6.3092371299479,6.3092371299479,6.3092371299479,6.3092371299479,6.3092371299479,6.3092371299479,6.3092371299479,6.3092371299479,6.3092371299479,6.3092371299479,6.3092371299479,6.3092371299479,6.3092371299479,6.3092371299479,6.3092371299479,6.3092371299479,6.3092371299479,6.3092371299479,-6.92394484347745,-6.06468957796416,-5.20543431245087,-4.34617904693757,-3.48692378142428,-2.62766851591099,-1.78595589810693,-1.05918698716462,-0.575611934369016,-0.345803096423843,-0.268440289777089,-0.294309178885863,-0.422077899350276,-0.55144255601663,-0.517304203866455,-0.239658171853694,0.279376658692581,1.02760110631761,1.96057884817928,2.98551789773802,2.98551789773802,2.98551789773802,2.98551789773802,2.98551789773802,2.98551789773802,2.98551789773802,2.98551789773802,2.98551789773802,2.98551789773802,2.98551789773802,2.98551789773802,2.98551789773802,2.98551789773802,2.98551789773802,2.98551789773802,2.98551789773802,2.98551789773802,2.98551789773802,2.98551789773802,2.98551789773802,0,0,0,0,0,1,1,1,1,1,1,1,1,1,1,1,1,1,1,1,1,1,1,1,1,1,1,1,1,1,1,1,1,1,1,1,1,1,1,1
-1.15839622454672,-0.612557990006811,-0.339021891691329,0.615986999919476,-0.995108668135457,-0.578325107419979,1.32684887145056,-2.46576009563532,0.086812629065852,-2.37824284594693,0.616247759369802,-2.72893503290032,0.669682472873086,-1.0176509982225,1.91900639561869,-0.15435757958635,-0.399236351138155,1.39645451777964,1.53111877150773,-2.25036218231494,2.15616469344219,1.94030216318596,0.849944398782924,-0.312010194274627,0.874939024700126,0.398616532912728,1.23296054248728,1.15171949257102,3.07681882058112,1.36884343428959,2.66064592322089,-0.319521481915469,1.72333203936999,0.485064286556609,-0.401845562101476,0.146598834614977,1.07348585635791,1.75164691868651,0.088966784052479,0.849014149539043,-1.44762211777999,-1.32020483641046,-1.19278755504094,-1.06537027367141,-0.937952992301889,-0.810535710932362,-0.683118429562839,-0.555701148193313,-0.428283866823788,-0.300866585454262,-0.173449304084736,-0.0460320227152113,0.0813852586543131,0.208802540023839,0.336219821393366,0.46363710276289,0.591054384132416,0.718471665501941,0.845888946871463,0.97330622824099,0.97330622824099,0.97330622824099,0.97330622824099,0.97330622824099,0.97330622824099,0.97330622824099,0.97330622824099,0.97330622824099,0.97330622824099,0.97330622824099,0.97330622824099,0.97330622824099,0.97330622824099,0.97330622824099,0.97330622824099,0.97330622824099,0.97330622824099,0.97330622824099,0.97330622824099,0.97330622824099,14.9978523157999,9.79576073784266,5.70758698375768,2.62066142400167,0.422314429031301,-1.00012363069673,-1.75932238472574,-1.96795146259905,-1.73868049385998,-1.18417910805182,-0.417116934717896,0.449836396598457,1.30401125635395,2.03273801500527,2.52334704300912,2.66316871082212,2.339533388901,1.43977144770245,-0.148786742316878,-2.53881081070021,-2.53881081070021,-2.53881081070021,-2.53881081070021,-2.53881081070021,-2.53881081070021,-2.53881081070021,-2.53881081070021,-2.53881081070021,-2.53881081070021,-2.53881081070021,-2.53881081070021,-2.53881081070021,-2.53881081070021,-2.53881081070021,-2.53881081070021,-2.53881081070021,-2.53881081070021,-2.53881081070021,-2.53881081070021,-2.53881081070021,-1.05257663912926,-1.15537934548492,-1.25818205184058,-1.36098475819626,-1.46378746455192,-1.56659017090757,-1.64230377713184,-1.58570526599111,-1.38434459588577,-1.02671484327832,-0.418352169582697,0.447945839509668,1.41233429906896,2.29238370608317,2.92151605646517,3.05474991035901,2.45379536457144,1.1048493439538,-0.754828977362582,-2.82648097248171,-2.82648097248171,-2.82648097248171,-2.82648097248171,-2.82648097248171,-2.82648097248171,-2.82648097248171,-2.82648097248171,-2.82648097248171,-2.82648097248171,-2.82648097248171,-2.82648097248171,-2.82648097248171,-2.82648097248171,-2.82648097248171,-2.82648097248171,-2.82648097248171,-2.82648097248171,-2.82648097248171,-2.82648097248171,-2.82648097248171,1,1,1,1,1,1,1,1,1,1,1,1,1,1,1,1,1,1,1,1,1,1,1,1,1,1,1,1,1,1,1,1,1,1,1,1,1,1,1,1
2.66137246525101,2.32497659183095,0.306520260627667,-2.2822483739946,2.11263069993527,-3.42391010434028,0.97796264815485,2.28294461171544,-0.9660085684576,1.45499377742009,-1.24509574307397,-0.15558212812536,-1.82406572319989,1.51173891109,0.107218521721801,1.58767492711918,0.961587882178101,0.171607003160799,0.821169918190776,-0.814978739095432,-0.852552042282165,-0.230050333545861,-0.614218676627814,-0.127707463185603,-0.0289430997479752,-0.322285695122195,1.57025553051894,-1.52274744123479,-1.25693402994959,-0.431343006129435,2.01329954649973,0.580801683436585,-0.26952180753608,1.81966769599684,-1.70844613585416,-2.31689955211335,-0.152606858161576,-0.948140125598265,-1.17850164480999,0.815971412127666,4.53908167901598,4.20649997846049,3.873918277905,3.54133657734951,3.20875487679402,2.87617317623853,2.54359147568304,2.21100977512755,1.87842807457207,1.54584637401658,1.21326467346109,0.8806829729056,0.548101272350113,0.215519571794623,-0.117062128760864,-0.449643829316352,-0.782225529871841,-1.11480723042733,-1.44738893098282,-1.77997063153831,-1.77997063153831,-1.77997063153831,-1.77997063153831,-1.77997063153831,-1.77997063153831,-1.77997063153831,-1.77997063153831,-1.77997063153831,-1.77997063153831,-1.77997063153831,-1.77997063153831,-1.77997063153831,-1.77997063153831,-1.77997063153831,-1.77997063153831,-1.77997063153831,-1.77997063153831,-1.77997063153831,-1.77997063153831,-1.77997063153831,-2.15345633711451,-0.75791659016866,0.329965619155381,1.13882356933597,1.69729053885148,2.03399980618026,2.17758464980067,2.15667834819108,1.99991417982983,1.73592542319529,1.39334535676582,1.00080725901977,0.586944408435516,0.180390083491412,-0.190222437334194,-0.496259875562941,-0.709088952716456,-0.800076390316393,-0.740588909884389,-0.501993232942079,-0.501993232942079,-0.501993232942079,-0.501993232942079,-0.501993232942079,-0.501993232942079,-0.501993232942079,-0.501993232942079,-0.501993232942079,-0.501993232942079,-0.501993232942079,-0.501993232942079,-0.501993232942079,-0.501993232942079,-0.501993232942079,-0.501993232942079,-0.501993232942079,-0.501993232942079,-0.501993232942079,-0.501993232942079,-0.501993232942079,5.54624785110948,5.09835182228403,4.65045579345858,4.20255976463312,3.75466373580767,3.30676770698222,2.84875310433669,2.3442878476412,1.8102708575721,1.29387860445815,0.807914454688389,0.348033001676438,-0.0593078534619504,-0.364393918065996,-0.535798770647654,-0.58400055412247,-0.550399431967902,-0.470291466603737,-0.353435155495506,-0.209186619652009,-0.209186619652009,-0.209186619652009,-0.209186619652009,-0.209186619652009,-0.209186619652009,-0.209186619652009,-0.209186619652009,-0.209186619652009,-0.209186619652009,-0.209186619652009,-0.209186619652009,-0.209186619652009,-0.209186619652009,-0.209186619652009,-0.209186619652009,-0.209186619652009,-0.209186619652009,-0.209186619652009,-0.209186619652009,-0.209186619652009,1,1,1,1,1,1,1,1,1,1,1,1,1,1,1,1,1,1,1,1,1,1,1,1,1,1,1,1,1,1,1,1,1,1,1,1,1,1,1,1
-0.644454293112996,-1.39646506068132,-1.22081996278178,-1.41331105614941,-1.16413229836603,0.368187496407204,0.250082879526309,0.749162568885012,-0.799621438209884,-0.310542245427818,0.991774744656016,1.58083062763077,0.709316249968415,1.79259631628908,2.53685340946297,-0.270838628486516,-0.708818042287696,0.994522170169319,0.786961868528177,1.53132508805994,0.0904539688512127,-1.90506205883901,2.53119209259013,1.91559480525875,0.441579805519467,-0.528273353229256,-1.41917544976643,0.662704062211382,0.953545999297468,-0.828727099288699,-0.911499194454493,1.92681768734427,-0.57991211012158,-0.296719572361264,2.59722648295252,-0.371106606134408,-1.11325236030686,0.481509857047522,-0.509671625435411,-0.438399415868339,3.01540571921273,2.84408517368995,2.67276462816718,2.5014440826444,2.33012353712163,2.15880299159885,1.98748244607608,1.8161619005533,1.64484135503053,1.47352080950775,1.30220026398498,1.1308797184622,0.959559172939425,0.788238627416652,0.616918081893875,0.445597536371103,0.274276990848325,0.10295644532555,-0.0683641001972237,-0.239684645719997,-0.239684645719997,-0.239684645719997,-0.239684645719997,-0.239684645719997,-0.239684645719997,-0.239684645719997,-0.239684645719997,-0.239684645719997,-0.239684645719997,-0.239684645719997,-0.239684645719997,-0.239684645719997,-0.239684645719997,-0.239684645719997,-0.239684645719997,-0.239684645719997,-0.239684645719997,-0.239684645719997,-0.239684645719997,-0.239684645719997,34.7372033061907,26.3486184845258,19.3539714777384,13.6352930290822,9.07461388181069,5.55396477917751,2.95537646443631,1.1608796808406,0.0525051716440537,-0.487716319899752,-0.577754050537216,-0.335577277014727,0.120844743921298,0.673542755524526,1.20454750104845,1.59588972374671,1.72960016687302,1.48770957368074,0.752248687423744,-0.594751748644514,-0.594751748644514,-0.594751748644514,-0.594751748644514,-0.594751748644514,-0.594751748644514,-0.594751748644514,-0.594751748644514,-0.594751748644514,-0.594751748644514,-0.594751748644514,-0.594751748644514,-0.594751748644514,-0.594751748644514,-0.594751748644514,-0.594751748644514,-0.594751748644514,-0.594751748644514,-0.594751748644514,-0.594751748644514,-0.594751748644514,11.1531457056621,9.694618799888,8.23609189411382,6.77756498833967,5.31903808256554,3.86051117679138,2.42127948610701,1.1300365777442,0.24703125850211,-0.0531194946890814,0.160904911423515,0.686090074100466,1.2975040917867,1.75636289717211,1.87869718930876,1.61098090972333,1.01203846990595,0.248435236540876,-0.451734242625909,-1.00647311325302,-1.00647311325302,-1.00647311325302,-1.00647311325302,-1.00647311325302,-1.00647311325302,-1.00647311325302,-1.00647311325302,-1.00647311325302,-1.00647311325302,-1.00647311325302,-1.00647311325302,-1.00647311325302,-1.00647311325302,-1.00647311325302,-1.00647311325302,-1.00647311325302,-1.00647311325302,-1.00647311325302,-1.00647311325302,-1.00647311325302,1,1,1,1,1,1,1,1,1,1,1,1,1,1,1,1,1,1,1,1,1,1,1,1,1,1,1,1,1,1,1,1,1,1,1,1,1,1,1,1
0.435500779199802,0.683022155300317,-0.262357897367489,1.22987110587184,-1.31743939947374,-0.130200680382558,0.294798374486035,0.362873432913213,-0.650075159882153,1.08295780177712,0.179742829366486,-0.126383732337825,-0.355139677181178,-2.89863621655558,0.0574715114925954,1.71743474810594,-0.263545311380662,0.880866941908184,-2.37928276270045,-1.0422744814696,-1.72329231010579,0.214894031276346,-0.631921321154167,2.7445443934862,0.172693557859416,0.947221310207974,-1.55131206482221,-0.782035514160333,-0.0482630753839963,2.00299344449398,-0.823937348226055,-0.0238298625236588,-1.30060636881322,-0.532175442603805,-0.545589015033901,0.473240964144003,1.10427275055419,-0.824596533500058,0.69442343278892,-1.55931835265431,-1.77206900585919,-1.68088223210808,-1.58969545835698,-1.49850868460587,-1.40732191085476,-1.31613513710366,-1.22494836335255,-1.13376158960145,-1.04257481585034,-0.951388042099236,-0.860201268348129,-0.769014494597027,-0.677827720845919,-0.586640947094816,-0.495454173343711,-0.404267399592603,-0.313080625841499,-0.221893852090393,-0.130707078339286,-0.0395203045881818,-0.0395203045881818,-0.0395203045881818,-0.0395203045881818,-0.0395203045881818,-0.0395203045881818,-0.0395203045881818,-0.0395203045881818,-0.0395203045881818,-0.0395203045881818,-0.0395203045881818,-0.0395203045881818,-0.0395203045881818,-0.0395203045881818,-0.0395203045881818,-0.0395203045881818,-0.0395203045881818,-0.0395203045881818,-0.0395203045881818,-0.0395203045881818,-0.0395203045881818,-7.87463103850881,-6.49212079371233,-5.27751080296652,-4.22050756912372,-3.31081759503626,-2.53814738355648,-1.89220343753671,-1.3626922598293,-0.939320353286575,-0.611794220760883,-0.369820365104552,-0.203105289169924,-0.101355495809349,-0.0542774878751366,-0.0515777682196621,-0.0829628396952131,-0.138139205154168,-0.206813367448872,-0.278691829431622,-0.343481093954777,-0.343481093954777,-0.343481093954777,-0.343481093954777,-0.343481093954777,-0.343481093954777,-0.343481093954777,-0.343481093954777,-0.343481093954777,-0.343481093954777,-0.343481093954777,-0.343481093954777,-0.343481093954777,-0.343481093954777,-0.343481093954777,-0.343481093954777,-0.343481093954777,-0.343481093954777,-0.343481093954777,-0.343481093954777,-0.343481093954777,-6.21582270781778,-5.49654553922664,-4.77726837063551,-4.05799120204438,-3.33871403345325,-2.61943686486213,-1.91073235659737,-1.26305952779882,-0.72321144843246,-0.317046238751187,-0.0662755295800252,0.00949207700859489,-0.0821459204610377,-0.285329025328824,-0.507686531452222,-0.657280734705273,-0.671888618501136,-0.526483318325461,-0.237415545970759,0.134439956273654,0.134439956273654,0.134439956273654,0.134439956273654,0.134439956273654,0.134439956273654,0.134439956273654,0.134439956273654,0.134439956273654,0.134439956273654,0.134439956273654,0.134439956273654,0.134439956273654,0.134439956273654,0.134439956273654,0.134439956273654,0.134439956273654,0.134439956273654,0.134439956273654,0.134439956273654,0.134439956273654,1,1,1,1,1,1,1,1,1,1,1,1,1,1,1,1,1,1,1,1,1,1,1,1,1,1,1,1,1,1,1,1,1,1,1,1,1,1,1,1
-1.94092120523826,0.507675788103403,-0.322171546905681,0.305520786949306,-0.773820139653294,-0.829975811420642,0.643239294695938,1.64988099552247,-2.03626106913683,0.510058372384263,0.768637857596183,1.19350142132809,1.91472415613331,-0.430340601125105,-1.25367847476228,-0.922423918558488,-2.18495383156021,1.69716031161258,-0.634581915328324,1.55360304087309,2.04489786483829,3.0060877828236,-0.706448495774348,-1.34932001779378,-3.20693230639531,2.88088507286384,-0.262534573118467,2.21672651062727,0.193611747432431,2.03673109256824,0.774062971142962,3.6881309988586,0.0204919091944724,-1.26864370588328,-0.809781360993226,2.3807239725887,-2.28326881787468,1.70927528391499,-1.34208675268559,-0.425957455337841,1.67721806140382,1.39482019669879,1.11242233199376,0.830024467288735,0.547626602583708,0.26522873787868,-0.0171691268263476,-0.299566991531375,-0.5819648562364,-0.864362720941429,-1.14676058564646,-1.42915845035149,-1.71155631505651,-1.99395417976154,-2.27635204446657,-2.55874990917159,-2.84114777387662,-3.12354563858165,-3.40594350328668,-3.68834136799171,-3.68834136799171,-3.68834136799171,-3.68834136799171,-3.68834136799171,-3.68834136799171,-3.68834136799171,-3.68834136799171,-3.68834136799171,-3.68834136799171,-3.68834136799171,-3.68834136799171,-3.68834136799171,-3.68834136799171,-3.68834136799171,-3.68834136799171,-3.68834136799171,-3.68834136799171,-3.68834136799171,-3.68834136799171,-3.68834136799171,3.35168795741536,2.42595297698893,1.64899199836011,1.0049365267854,0.477918067521315,0.0520681258243734,-0.288481793048922,-0.559600183842045,-0.777155541298495,-0.957016360161758,-1.11505113517532,-1.26712836108267,-1.42911653262728,-1.61688414455266,-1.84629969160229,-2.13323166851966,-2.49354857004825,-2.94311889093155,-3.49781112591305,-4.17349376973624,-4.17349376973624,-4.17349376973624,-4.17349376973624,-4.17349376973624,-4.17349376973624,-4.17349376973624,-4.17349376973624,-4.17349376973624,-4.17349376973624,-4.17349376973624,-4.17349376973624,-4.17349376973624,-4.17349376973624,-4.17349376973624,-4.17349376973624,-4.17349376973624,-4.17349376973624,-4.17349376973624,-4.17349376973624,-4.17349376973624,0.214942494433997,0.126292085159101,0.0376416758842062,-0.0510087333906908,-0.13965914266559,-0.228309551940487,-0.318458807104555,-0.416469339436413,-0.527699461459447,-0.666991537624186,-0.858369028959249,-1.11235988512642,-1.41898812428536,-1.7635958777335,-2.1324112621902,-2.50801583293324,-2.87618662807754,-3.23338594133725,-3.58173881856498,-3.92471117052376,-3.92471117052376,-3.92471117052376,-3.92471117052376,-3.92471117052376,-3.92471117052376,-3.92471117052376,-3.92471117052376,-3.92471117052376,-3.92471117052376,-3.92471117052376,-3.92471117052376,-3.92471117052376,-3.92471117052376,-3.92471117052376,-3.92471117052376,-3.92471117052376,-3.92471117052376,-3.92471117052376,-3.92471117052376,-3.92471117052376,1,1,1,1,1,1,1,1,1,1,1,1,1,1,1,1,1,1,1,1,1,1,1,1,1,1,1,1,1,1,1,1,1,1,1,1,1,1,1,1
-1.06330671659707,-3.11238097403832,2.08034624297253,-2.83087091856737,-0.0920603130589033,2.14099931776815,0.671679402186025,-1.20687876329516,0.973192771325724,3.21678831638573,1.56795770317961,-0.107093955042354,-0.319894812913535,-0.743791021533402,-0.351577661594325,1.26561759457653,1.55527853050934,1.40887992842157,2.59867514806476,-0.249676379869463,1.0860393497448,0.318643902314351,-0.67912839753666,-0.730855616738829,-1.73953443223394,1.25580301275989,-0.363194460030938,-2.67952676701466,0.929063942277992,1.04117593226792,0.0786057102057391,1.07636589936181,0.796934075146297,0.905062610177108,-3.38310484316097,0.394647620988545,0.871450946190075,1.19503263570767,-2.09409011397445,-1.28596008559073,1.04942883297515,1.03083956648693,1.01225029999871,0.993661033510499,0.975071767022283,0.956482500534067,0.937893234045852,0.919303967557637,0.900714701069418,0.882125434581205,0.86353616809299,0.844946901604773,0.826357635116558,0.807768368628343,0.789179102140125,0.770589835651913,0.752000569163695,0.73341130267548,0.714822036187263,0.69623276969905,0.69623276969905,0.69623276969905,0.69623276969905,0.69623276969905,0.69623276969905,0.69623276969905,0.69623276969905,0.69623276969905,0.69623276969905,0.69623276969905,0.69623276969905,0.69623276969905,0.69623276969905,0.69623276969905,0.69623276969905,0.69623276969905,0.69623276969905,0.69623276969905,0.69623276969905,0.69623276969905,-17.9695973072227,-12.6168165661644,-8.28308283303678,-4.87097272619955,-2.28306286401263,-0.421929864835895,0.809849652970782,1.50969907104753,1.77504177103449,1.70330113457177,1.39190054329951,0.93826337885783,0.439813022886886,-0.0060271429732115,-0.301833737082347,-0.350183377800368,-0.0536526834871758,0.685181727497383,1.96374323679343,3.87945522604112,3.87945522604112,3.87945522604112,3.87945522604112,3.87945522604112,3.87945522604112,3.87945522604112,3.87945522604112,3.87945522604112,3.87945522604112,3.87945522604112,3.87945522604112,3.87945522604112,3.87945522604112,3.87945522604112,3.87945522604112,3.87945522604112,3.87945522604112,3.87945522604112,3.87945522604112,3.87945522604112,1.06749540365881,1.00307871761647,0.93866203157413,0.874245345531811,0.809828659489455,0.74541197344712,0.727392433946092,0.95036645304577,1.43017040409295,1.81964842153368,1.67934757813728,0.945386569965663,0.0203999063099527,-0.601231001894021,-0.685653188067795,-0.285934342654995,0.419583122475142,1.28267181661021,2.24186151581289,3.26380145270392,3.26380145270392,3.26380145270392,3.26380145270392,3.26380145270392,3.26380145270392,3.26380145270392,3.26380145270392,3.26380145270392,3.26380145270392,3.26380145270392,3.26380145270392,3.26380145270392,3.26380145270392,3.26380145270392,3.26380145270392,3.26380145270392,3.26380145270392,3.26380145270392,3.26380145270392,3.26380145270392,1,1,1,1,1,1,1,1,1,0,1,1,1,1,1,1,1,1,1,1,1,1,1,1,1,1,1,1,1,1,1,1,1,1,1,1,1,1,1,1
-1.45034722381917,0.36863642974163,0.54410101061242,1.79952020504397,0.478943200000291,-1.26094579465462,4.81211093626912,-2.00168956800072,2.82504988334963,2.26849836503287,2.5228675620164,1.67655645502784,-2.05985731769688,-0.332027552082499,-0.00331813037774964,-1.06928888731527,0.982705304778971,0.502016492931109,1.0066557019509,1.0530351383327,-3.18278412203111,-0.792851942560326,-1.24132363126763,-2.02279472608861,0.838035781462294,0.256037679304297,-0.0795156182125538,-0.464177468891759,-0.00718674307723255,-1.18233364189794,-1.17334212244104,-0.645974442645704,1.51521959943811,2.62076185214087,1.7567224605352,-1.08139275891622,-0.171847869414064,3.31775190447837,-1.04144636328587,0.866437791458633,2.14088283246815,1.93726015457409,1.73363747668002,1.53001479878596,1.3263921208919,1.12276944299784,0.919146765103779,0.715524087209717,0.511901409315657,0.308278731421597,0.104656053527531,-0.0989666243665273,-0.302589302260589,-0.506211980154649,-0.709834658048711,-0.913457335942773,-1.11708001383684,-1.3207026917309,-1.52432536962496,-1.72794804751902,-1.72794804751902,-1.72794804751902,-1.72794804751902,-1.72794804751902,-1.72794804751902,-1.72794804751902,-1.72794804751902,-1.72794804751902,-1.72794804751902,-1.72794804751902,-1.72794804751902,-1.72794804751902,-1.72794804751902,-1.72794804751902,-1.72794804751902,-1.72794804751902,-1.72794804751902,-1.72794804751902,-1.72794804751902,-1.72794804751902,-4.52565381912954,-3.76805783489527,-3.02255336381769,-2.30134473616154,-1.61663628219153,-0.980632332172407,-0.405537216368895,0.0964447349542779,0.513109191532386,0.832251823100693,1.04166829939449,1.12915429014903,1.08250546509958,0.889517493981435,0.537986046529836,0.0157067924800938,-0.689524598432566,-1.58991245647284,-2.69766111190549,-4.02497489499519,-4.02497489499519,-4.02497489499519,-4.02497489499519,-4.02497489499519,-4.02497489499519,-4.02497489499519,-4.02497489499519,-4.02497489499519,-4.02497489499519,-4.02497489499519,-4.02497489499519,-4.02497489499519,-4.02497489499519,-4.02497489499519,-4.02497489499519,-4.02497489499519,-4.02497489499519,-4.02497489499519,-4.02497489499519,-4.02497489499519,-3.11921906245602,-2.59921496585653,-2.07921086925705,-1.55920677265756,-1.03920267605807,-0.519198579458579,-0.0192186238712155,0.380411900177982,0.666566826309174,0.862693571579795,0.93530483964364,0.838972355186383,0.60091139505983,0.283928713851781,-0.0952535790535229,-0.552677367847794,-1.07107079207361,-1.5949405474601,-2.08395881391806,-2.5431817731275,-2.5431817731275,-2.5431817731275,-2.5431817731275,-2.5431817731275,-2.5431817731275,-2.5431817731275,-2.5431817731275,-2.5431817731275,-2.5431817731275,-2.5431817731275,-2.5431817731275,-2.5431817731275,-2.5431817731275,-2.5431817731275,-2.5431817731275,-2.5431817731275,-2.5431817731275,-2.5431817731275,-2.5431817731275,-2.5431817731275,1,1,1,1,1,1,1,1,1,1,1,1,1,1,1,1,1,1,1,1,1,1,1,1,1,1,1,1,1,1,1,1,1,1,1,1,1,1,1,1
0.256021012127746,-1.7111843217476,-2.8978752145714,0.0204301879009812,-1.13964308363168,0.359473234168901,-0.688357208845499,-0.692991800518734,-0.182469327175923,-0.23219374806534,-0.738755585096369,1.42228186924387,0.303222102080351,1.23417118379912,-1.20275468549223,-0.50482704734006,0.322215050531002,0.949362089357686,-0.115523660071412,0.6910425121331,2.45050532904196,3.53177030714647,-0.827779533976409,1.02791285794335,2.61736101025741,-0.989473959638307,1.30928053584639,1.2986741549036,-0.321775390519923,0.714380599408445,2.66734136121801,1.46177081905859,0.898245558917226,0.0688872495784594,-0.20207222725065,0.0763975886490798,-0.147665131846191,0.776488004769931,0.513364330074307,-1.66690050782442,0.916536132552524,0.857469320938993,0.798402509325462,0.739335697711931,0.680268886098399,0.621202074484868,0.562135262871337,0.503068451257807,0.444001639644275,0.384934828030744,0.325868016417214,0.266801204803683,0.207734393190151,0.148667581576621,0.0896007699630914,0.0305339583495581,-0.0285328532639699,-0.0875996648775033,-0.146666476491033,-0.205733288104566,-0.205733288104566,-0.205733288104566,-0.205733288104566,-0.205733288104566,-0.205733288104566,-0.205733288104566,-0.205733288104566,-0.205733288104566,-0.205733288104566,-0.205733288104566,-0.205733288104566,-0.205733288104566,-0.205733288104566,-0.205733288104566,-0.205733288104566,-0.205733288104566,-0.205733288104566,-0.205733288104566,-0.205733288104566,-0.205733288104566,12.6408381682736,9.62498626749407,7.09452742706859,5.00994067089634,3.33170502287652,2.02029950690834,1.03620314689101,0.339894966723719,-0.108146009694337,-0.347440758463947,-0.417510255685903,-0.357875477461029,-0.208057399890082,-0.00757699907391185,0.204044748886741,0.387286867891021,0.502628381838164,0.510548314627348,0.371525690157817,0.0460395323287095,0.0460395323287095,0.0460395323287095,0.0460395323287095,0.0460395323287095,0.0460395323287095,0.0460395323287095,0.0460395323287095,0.0460395323287095,0.0460395323287095,0.0460395323287095,0.0460395323287095,0.0460395323287095,0.0460395323287095,0.0460395323287095,0.0460395323287095,0.0460395323287095,0.0460395323287095,0.0460395323287095,0.0460395323287095,0.0460395323287095,6.84510467446873,5.89536348323513,4.94562229200143,3.99588110076776,3.04613990953411,2.09639871830045,1.11518497724951,0.0549402208398817,-0.722841673456822,-0.847899884285416,-0.410318866563706,0.256954062572037,0.812392803319877,0.932770130640602,0.58354921418243,0.130603544863346,-0.105949156421497,-0.120172916444316,0.0241252512095205,0.289410722624359,0.289410722624359,0.289410722624359,0.289410722624359,0.289410722624359,0.289410722624359,0.289410722624359,0.289410722624359,0.289410722624359,0.289410722624359,0.289410722624359,0.289410722624359,0.289410722624359,0.289410722624359,0.289410722624359,0.289410722624359,0.289410722624359,0.289410722624359,0.289410722624359,0.289410722624359,0.289410722624359,1,1,1,1,1,1,1,1,1,1,1,1,1,1,1,1,1,1,1,1,1,1,1,1,1,1,1,1,1,1,1,1,1,1,1,1,1,1,1,1
1.05107241337679,0.71244577400493,-1.68078454042118,-0.662410204188645,0.385302851056912,0.961588835706032,-1.87346207656615,0.811150455552566,0.462481665585178,-0.758217404264961,-0.731910954531292,2.65178787211237,1.37595827180485,1.47566064051014,0.177156736588872,0.168589527120664,2.64220645438778,0.0842819532464372,0.0810192000167191,1.19500048352355,-0.351501813835709,0.647594003871568,0.658118098346051,2.89333712982474,-0.65984475879821,-0.931203526067284,-1.18883026725889,0.350962894903445,-0.413891594702999,0.35460896422277,3.94683174574408,-2.51750385712261,1.77449328742077,0.279294648339295,-1.51241617529279,-1.15798192073137,-0.759719216749479,0.0294548876411334,-0.129594103805875,1.5241594030614,4.35103213183896,4.05259370422693,3.7541552766149,3.45571684900287,3.15727842139083,2.8588399937788,2.56040156616677,2.26196313855474,1.96352471094271,1.66508628333068,1.36664785571865,1.06820942810662,0.769771000494586,0.471332572882554,0.172894145270524,-0.125544282341506,-0.423982709953538,-0.722421137565568,-1.0208595651776,-1.31929799278963,-1.31929799278963,-1.31929799278963,-1.31929799278963,-1.31929799278963,-1.31929799278963,-1.31929799278963,-1.31929799278963,-1.31929799278963,-1.31929799278963,-1.31929799278963,-1.31929799278963,-1.31929799278963,-1.31929799278963,-1.31929799278963,-1.31929799278963,-1.31929799278963,-1.31929799278963,-1.31929799278963,-1.31929799278963,-1.31929799278963,29.2595598321364,22.4253922157547,16.7184228206877,12.0415065626363,8.29749835730136,5.38925312038379,3.21962576758447,1.69147121460431,0.707644377144208,0.171000170905032,-0.015606488412292,0.0506793148931237,0.272712496522145,0.553347972175706,0.795440657554664,0.901845468359928,0.775417320292446,0.319011129053028,-0.564518189657381,-1.97231572013794,-1.97231572013794,-1.97231572013794,-1.97231572013794,-1.97231572013794,-1.97231572013794,-1.97231572013794,-1.97231572013794,-1.97231572013794,-1.97231572013794,-1.97231572013794,-1.97231572013794,-1.97231572013794,-1.97231572013794,-1.97231572013794,-1.97231572013794,-1.97231572013794,-1.97231572013794,-1.97231572013794,-1.97231572013794,-1.97231572013794,5.45435282931316,5.00572683727433,4.55710084523551,4.10847485319668,3.65984886115785,3.21122286911902,2.76431992829473,2.32819316105336,1.91458023829272,1.53138577057265,1.18065756379655,0.860348197680434,0.565610487164861,0.291016732279374,0.0344298960369365,-0.203775514824626,-0.425668561130577,-0.635703875338981,-0.837048928579813,-1.03289403251965,-1.03289403251965,-1.03289403251965,-1.03289403251965,-1.03289403251965,-1.03289403251965,-1.03289403251965,-1.03289403251965,-1.03289403251965,-1.03289403251965,-1.03289403251965,-1.03289403251965,-1.03289403251965,-1.03289403251965,-1.03289403251965,-1.03289403251965,-1.03289403251965,-1.03289403251965,-1.03289403251965,-1.03289403251965,-1.03289403251965,1,1,1,1,1,1,1,1,1,1,1,1,1,1,1,1,1,1,1,1,1,1,1,1,1,1,1,1,1,1,1,1,1,1,1,1,1,1,1,1
-1.18353539530984,-0.652047519926978,-1.54934109957396,-0.400781922372896,-2.07490950571169,0.89802010602796,0.556856723873404,2.9416321154386,-2.74958715512303,1.75815362641529,1.0511808290672,0.517485383528012,0.0584220608824282,-2.81524953171261,2.25041722149282,-0.377656335484666,-0.644698502193233,-0.853863960952218,-0.580145612665238,0.635924015174504,-1.1018787996478,1.10901153220242,1.52370604054342,-0.355389743205658,-2.61348054549615,0.8585828492965,2.64209395539651,-0.11051965915779,-1.5171593915491,1.015599824405,-0.00300232151036539,1.84889918867682,1.46123339042626,0.0890023902630617,1.51344192716086,0.985566594965823,-0.0756622175632415,-2.36831383953056,-1.78968364304503,-0.425315303089011,2.09461988073163,1.94612387601306,1.79762787129449,1.64913186657592,1.50063586185735,1.35213985713878,1.20364385242022,1.05514784770165,0.906651842983075,0.758155838264507,0.609659833545939,0.461163828827369,0.312667824108802,0.16417181939023,0.0156758146716616,-0.132820190046907,-0.281316194765477,-0.429812199484045,-0.578308204202616,-0.726804208921184,-0.726804208921184,-0.726804208921184,-0.726804208921184,-0.726804208921184,-0.726804208921184,-0.726804208921184,-0.726804208921184,-0.726804208921184,-0.726804208921184,-0.726804208921184,-0.726804208921184,-0.726804208921184,-0.726804208921184,-0.726804208921184,-0.726804208921184,-0.726804208921184,-0.726804208921184,-0.726804208921184,-0.726804208921184,-0.726804208921184,1.45335481433094,1.56755851562271,1.61313349087139,1.59833127273315,1.53140339386416,1.42060138692059,1.27417678455861,1.10038111943439,0.907465924204113,0.703682731523932,0.497283074050031,0.296518484438575,0.109640495345733,-0.0550993605723207,-0.189449550659415,-0.285158542259385,-0.333974802716055,-0.327646799373252,-0.257922999574816,-0.116551870664564,-0.116551870664564,-0.116551870664564,-0.116551870664564,-0.116551870664564,-0.116551870664564,-0.116551870664564,-0.116551870664564,-0.116551870664564,-0.116551870664564,-0.116551870664564,-0.116551870664564,-0.116551870664564,-0.116551870664564,-0.116551870664564,-0.116551870664564,-0.116551870664564,-0.116551870664564,-0.116551870664564,-0.116551870664564,-0.116551870664564,2.40286342215799,2.22898966192876,2.05511590169953,1.8812421414703,1.70736838124107,1.53349462101184,1.35294517617283,1.13758638679479,0.883206247395149,0.629614126717795,0.417706339837776,0.246463735799056,0.0978960018075234,-0.0269420271232264,-0.129556041460486,-0.231986399870323,-0.342000075530363,-0.438538781196367,-0.508801245284443,-0.564193265548026,-0.564193265548026,-0.564193265548026,-0.564193265548026,-0.564193265548026,-0.564193265548026,-0.564193265548026,-0.564193265548026,-0.564193265548026,-0.564193265548026,-0.564193265548026,-0.564193265548026,-0.564193265548026,-0.564193265548026,-0.564193265548026,-0.564193265548026,-0.564193265548026,-0.564193265548026,-0.564193265548026,-0.564193265548026,-0.564193265548026,1,1,1,1,1,1,1,1,1,1,1,1,1,1,1,1,1,1,1,1,1,1,1,1,1,1,1,1,1,1,1,1,1,1,1,1,1,1,1,1
-0.411999013151087,-0.921029183653111,2.19317708564768,-2.17879159611769,-0.406094825188178,0.333403202743218,-0.64650734542105,-0.695934575099256,-3.04935235520241,-0.786600425256331,1.12009716854599,-1.99202891812059,-0.9672174751247,0.37359827037856,-1.47059180326488,0.756405135884529,2.02689752838381,-3.00324352066622,0.671654707557435,-1.33962681532447,0.132115044261074,-0.851004338801985,0.755647538981716,0.219274276023121,-1.66840436996678,0.615821026436727,-1.38847285472507,-1.25467556333759,0.192633759671129,0.840503365491404,0.873494458460067,3.03235252890185,-0.42574647658642,0.816702960484255,-0.748926202929466,-1.77297525320971,0.461587114139826,-0.656297729053362,-0.233438414891737,-0.654595309159117,-0.0485949891924076,-0.0178762749247374,0.0128424393429318,0.0435611536106046,0.0742798678782721,0.104998582145942,0.135717296413615,0.166436010681279,0.197154724948952,0.227873439216621,0.258592153484292,0.289310867751963,0.320029582019631,0.350748296287302,0.381467010554973,0.41218572482264,0.442904439090311,0.473623153357982,0.504341867625651,0.535060581893321,0.535060581893321,0.535060581893321,0.535060581893321,0.535060581893321,0.535060581893321,0.535060581893321,0.535060581893321,0.535060581893321,0.535060581893321,0.535060581893321,0.535060581893321,0.535060581893321,0.535060581893321,0.535060581893321,0.535060581893321,0.535060581893321,0.535060581893321,0.535060581893321,0.535060581893321,0.535060581893321,27.444764474184,20.7479205633433,15.1127354174065,10.456551536855,6.69671142217012,3.75055757383311,1.53543249232531,-0.0313213218719905,-1.03236136827748,-1.55034514640985,-1.66793015578778,-1.46777389592999,-1.03253386635516,-0.444867566581973,0.212567503870861,0.857113845484633,1.4061139587407,1.77691034412035,1.88684550210487,1.65326193317558,1.65326193317558,1.65326193317558,1.65326193317558,1.65326193317558,1.65326193317558,1.65326193317558,1.65326193317558,1.65326193317558,1.65326193317558,1.65326193317558,1.65326193317558,1.65326193317558,1.65326193317558,1.65326193317558,1.65326193317558,1.65326193317558,1.65326193317558,1.65326193317558,1.65326193317558,1.65326193317558,3.64776464229619,3.16014031089873,2.67251597950126,2.1848916481038,1.69726731670633,1.20964298530887,0.729957314592447,0.296869675699257,-0.0505738488476801,-0.289141273532723,-0.404395968605437,-0.391545805386935,-0.271470439713907,-0.0900365062550179,0.112266155646116,0.323898687555898,0.554112690260094,0.814537809602024,1.1088620630423,1.42618591259778,1.42618591259778,1.42618591259778,1.42618591259778,1.42618591259778,1.42618591259778,1.42618591259778,1.42618591259778,1.42618591259778,1.42618591259778,1.42618591259778,1.42618591259778,1.42618591259778,1.42618591259778,1.42618591259778,1.42618591259778,1.42618591259778,1.42618591259778,1.42618591259778,1.42618591259778,1.42618591259778,1,1,1,1,1,1,1,1,1,1,1,1,1,1,1,1,1,1,1,1,1,1,1,1,1,1,1,1,1,1,1,1,1,1,1,1,1,1,1,1
1.18251814601287,2.22848627549586,-0.825961214443883,-0.0232404117982838,-1.70638555064261,-1.58799113272395,0.872003424150066,-0.106098400000702,-0.843054922624491,2.13134643842942,0.582871229171877,-0.562266356693103,-0.0277082779788387,2.00056289576624,1.42120387812018,1.26057032057427,-0.258553901251071,0.990860762627882,-0.0275901591110124,-3.32187776480948,2.05628382284836,1.66023611969417,0.871575684789516,-2.78866340282097,2.27078826859417,-1.77559904069904,-2.51952358513416,-1.89854633270025,-1.67627072682491,0.389666084940085,0.449930597690502,1.15056175567166,-1.18388700113367,-2.20961206876773,-2.8835034035726,1.61328183147201,2.17905035878654,-1.09285233491174,0.745422874369824,-0.377397715945895,-2.94428795314842,-2.68398539582471,-2.42368283850101,-2.16338028117731,-1.9030777238536,-1.6427751665299,-1.3824726092062,-1.1221700518825,-0.861867494558796,-0.601564937235093,-0.34126237991139,-0.0809598225876851,0.179342734736013,0.439645292059719,0.699947849383424,0.960250406707123,1.22055296403082,1.48085552135453,1.74115807867823,2.00146063600193,2.00146063600193,2.00146063600193,2.00146063600193,2.00146063600193,2.00146063600193,2.00146063600193,2.00146063600193,2.00146063600193,2.00146063600193,2.00146063600193,2.00146063600193,2.00146063600193,2.00146063600193,2.00146063600193,2.00146063600193,2.00146063600193,2.00146063600193,2.00146063600193,2.00146063600193,2.00146063600193,-8.57587257813208,-8.10861996210567,-7.42517522778263,-6.56608971105861,-5.57191474782931,-4.48320167399039,-3.34050182543753,-2.18436653806641,-1.05534714777271,0.0060050095479216,0.95913859799979,1.76350228168723,2.37854472471454,2.76371459118606,2.87846054520612,2.68223125087909,2.13447537230921,1.19464157360084,-0.177821481141709,-2.02346512781406,-2.02346512781406,-2.02346512781406,-2.02346512781406,-2.02346512781406,-2.02346512781406,-2.02346512781406,-2.02346512781406,-2.02346512781406,-2.02346512781406,-2.02346512781406,-2.02346512781406,-2.02346512781406,-2.02346512781406,-2.02346512781406,-2.02346512781406,-2.02346512781406,-2.02346512781406,-2.02346512781406,-2.02346512781406,-2.02346512781406,-13.9660499545303,-12.1866032385383,-10.4071565225463,-8.62770980655432,-6.84826309056232,-5.06881637457031,-3.31289718821938,-1.696109660149,-0.341337152515429,0.671878044488967,1.32424864577606,1.68854186754128,1.91120809941869,2.09219397527232,2.18396173715514,2.05173608600718,1.61346370975678,0.882552764334573,-0.0748601299575142,-1.15752879081273,-1.15752879081273,-1.15752879081273,-1.15752879081273,-1.15752879081273,-1.15752879081273,-1.15752879081273,-1.15752879081273,-1.15752879081273,-1.15752879081273,-1.15752879081273,-1.15752879081273,-1.15752879081273,-1.15752879081273,-1.15752879081273,-1.15752879081273,-1.15752879081273,-1.15752879081273,-1.15752879081273,-1.15752879081273,-1.15752879081273,1,1,1,1,1,0,0,1,1,1,1,1,1,1,1,1,1,1,1,1,1,1,1,1,1,1,1,1,1,1,1,1,1,1,1,1,1,1,1,1
1.06237110801355,1.9139646591396,1.12139126577851,-2.42662311087302,-1.8171148060701,0.738696456708691,-1.19565669776019,1.92833270808934,2.09051174585118,0.59267322314918,-0.264413961827392,-1.52301948081885,-3.18394270952199,-1.35423698209117,0.599757879458377,1.65115516615658,0.116180911649462,0.903212329198139,1.13128465681348,0.161896034060202,-0.173365658426851,-2.34193274665889,-0.745022415398568,0.63667915812756,0.45377960750198,0.913833594781341,-1.26444743029642,0.981059740830766,2.3927677307896,-0.804876055784099,0.401075238234645,-2.24401764555634,2.26983793002307,1.16077023045572,-0.158519793071731,1.00686340436362,-1.30749292468956,-0.743103416742052,-0.394145280297233,1.44568312504908,0.749320677415392,0.654554974528168,0.559789271640941,0.465023568753717,0.370257865866492,0.275492162979265,0.180726460092039,0.0859607572048144,-0.00880494568241197,-0.103570648569637,-0.198336351456861,-0.293102054344089,-0.387867757231314,-0.482633460118539,-0.577399163005765,-0.672164865892992,-0.766930568780216,-0.861696271667441,-0.956461974554669,-1.05122767744189,-1.05122767744189,-1.05122767744189,-1.05122767744189,-1.05122767744189,-1.05122767744189,-1.05122767744189,-1.05122767744189,-1.05122767744189,-1.05122767744189,-1.05122767744189,-1.05122767744189,-1.05122767744189,-1.05122767744189,-1.05122767744189,-1.05122767744189,-1.05122767744189,-1.05122767744189,-1.05122767744189,-1.05122767744189,-1.05122767744189,16.2984301155531,11.8822562164205,8.25474847007839,5.34455352326182,3.08031802270564,1.39068861514474,0.204311947314014,-0.550165334051634,-0.944096582217332,-1.04883515044815,-0.935734392009216,-0.676147660165654,-0.341428308182554,-0.00292968932502014,0.267994843141844,0.399991935952936,0.321708235843113,-0.0382096104526468,-0.751114956199563,-1.88836115466267,-1.88836115466267,-1.88836115466267,-1.88836115466267,-1.88836115466267,-1.88836115466267,-1.88836115466267,-1.88836115466267,-1.88836115466267,-1.88836115466267,-1.88836115466267,-1.88836115466267,-1.88836115466267,-1.88836115466267,-1.88836115466267,-1.88836115466267,-1.88836115466267,-1.88836115466267,-1.88836115466267,-1.88836115466267,-1.88836115466267,1.47394350643026,1.25968485470382,1.04542620297739,0.83116755125095,0.616908899524521,0.402650247798086,0.191486938893684,-0.00370390680202881,-0.177435695345457,-0.324919925112615,-0.432053219135675,-0.481586569666289,-0.461725742971131,-0.382487384973217,-0.298166241719127,-0.287517393226048,-0.385079090137436,-0.548743836401783,-0.712159044516044,-0.852191624743323,-0.852191624743323,-0.852191624743323,-0.852191624743323,-0.852191624743323,-0.852191624743323,-0.852191624743323,-0.852191624743323,-0.852191624743323,-0.852191624743323,-0.852191624743323,-0.852191624743323,-0.852191624743323,-0.852191624743323,-0.852191624743323,-0.852191624743323,-0.852191624743323,-0.852191624743323,-0.852191624743323,-0.852191624743323,-0.852191624743323,1,1,1,1,1,1,1,1,1,1,1,1,1,1,1,1,1,1,1,1,1,1,1,1,1,1,1,1,1,1,1,1,1,1,1,1,1,1,1,1
0.37973080373299,2.13762204967108,-1.02940054717745,-1.91087507026377,-2.61631112304986,1.07386140272345,0.162298935064893,-1.05567617750069,0.36442406789393,0.600186425673247,-1.4838882476233,-0.718110487700084,-2.54747934494849,-1.59566443870739,-0.943253353224561,-0.737744602777996,0.985570595609172,-1.10691124468011,-0.46069101438316,1.48189543905914,-0.756287721114111,-0.684770298048205,3.1196578699412,-0.413184460751928,2.31789203389673,-0.424922217932808,-1.01581953057676,0.825653144384308,-0.928024853828276,-0.151492684746911,-0.568558997792817,-1.55752538333272,-0.753990849045376,-1.57371579619713,-0.792881235786501,0.403170752027957,-1.05253774985449,2.58634213424991,-2.8158911123845,1.07843847813558,0.719919459744474,0.769550814219144,0.819182168693815,0.868813523168487,0.918444877643157,0.968076232117829,1.0177075865925,1.06733894106717,1.11697029554184,1.16660165001651,1.21623300449118,1.26586435896585,1.31549571344052,1.36512706791519,1.41475842238986,1.46438977686454,1.51402113133921,1.56365248581388,1.61328384028855,1.66291519476322,1.66291519476322,1.66291519476322,1.66291519476322,1.66291519476322,1.66291519476322,1.66291519476322,1.66291519476322,1.66291519476322,1.66291519476322,1.66291519476322,1.66291519476322,1.66291519476322,1.66291519476322,1.66291519476322,1.66291519476322,1.66291519476322,1.66291519476322,1.66291519476322,1.66291519476322,1.66291519476322,31.3569118277332,23.0094759001289,16.173222313806,10.7131590212286,6.49429397486117,3.38163512716807,1.24019043061363,-0.0650321623378485,-0.669024699221948,-0.706779227574401,-0.313287794930815,0.376457551173145,1.22746476320179,2.10474179361953,2.87329659489065,3.39813711947953,3.54427131985044,3.17670714846784,2.16045255779601,0.360515500299362,0.360515500299362,0.360515500299362,0.360515500299362,0.360515500299362,0.360515500299362,0.360515500299362,0.360515500299362,0.360515500299362,0.360515500299362,0.360515500299362,0.360515500299362,0.360515500299362,0.360515500299362,0.360515500299362,0.360515500299362,0.360515500299362,0.360515500299362,0.360515500299362,0.360515500299362,0.360515500299362,9.92426761113481,8.499324796859,7.07438198258305,5.64943916830715,4.22449635403127,2.79955353975537,1.36351836648389,-0.0554602682451151,-1.08578175845703,-1.25836533424364,-0.421976125552327,1.14912572119325,2.79145097659791,3.74503560266805,3.73548389464684,3.09876296852254,2.26093918730262,1.4642676059862,0.903394272759458,0.609483194978859,0.609483194978859,0.609483194978859,0.609483194978859,0.609483194978859,0.609483194978859,0.609483194978859,0.609483194978859,0.609483194978859,0.609483194978859,0.609483194978859,0.609483194978859,0.609483194978859,0.609483194978859,0.609483194978859,0.609483194978859,0.609483194978859,0.609483194978859,0.609483194978859,0.609483194978859,0.609483194978859,1,1,1,1,1,1,1,1,1,1,1,1,1,1,1,1,1,1,1,1,1,1,1,1,1,1,1,1,1,1,1,1,1,1,1,1,1,1,1,1
2.1933383932243,-2.05503842428596,1.72946235020667,1.6589161917604,-1.84246095154339,0.307852951897988,0.782373536589626,-0.111534650116738,-0.418759992615382,3.25439482474353,-0.452248873440285,-0.488582529161238,1.63135956870572,0.0978176022608555,2.19654298912674,0.861281397379228,1.44397383391368,-1.9011827818227,-0.994321046932338,-0.54620007040824,0.356017433755545,-1.3079201798797,0.255242741785409,3.18587011180764,-2.41770431332635,-1.21379901363294,-0.805439497773046,-1.41631483809475,-1.06508716067961,0.0513369296651476,0.843401524011803,1.81082175855436,-0.780022850520977,0.586575610998366,-1.54477211379359,-0.440974683532586,-1.07158025512737,0.317128935943581,1.9136134604075,1.75067882480032,-1.56693976101974,-1.34819771906562,-1.12945567711151,-0.910713635157391,-0.691971593203274,-0.473229551249157,-0.25448750929504,-0.0357454673409237,0.182996574613194,0.401738616567307,0.620480658521425,0.839222700475542,1.05796474242966,1.27670678438378,1.49544882633789,1.71419086829201,1.93293291024613,2.15167495220024,2.37041699415436,2.58915903610847,2.58915903610847,2.58915903610847,2.58915903610847,2.58915903610847,2.58915903610847,2.58915903610847,2.58915903610847,2.58915903610847,2.58915903610847,2.58915903610847,2.58915903610847,2.58915903610847,2.58915903610847,2.58915903610847,2.58915903610847,2.58915903610847,2.58915903610847,2.58915903610847,2.58915903610847,2.58915903610847,22.2335672522367,16.5551996367807,11.814526137494,7.93842744210091,4.85378423832584,2.4874772138932,0.766387056527383,-0.382605546047232,-1.03261990610624,-1.25677533592525,-1.12819114777988,-0.719986653945746,-0.105281166698397,0.642806001686461,1.45115553893333,2.24664813276653,2.95616447091042,3.5065852410895,3.82479113102807,3.8376628284506,3.8376628284506,3.8376628284506,3.8376628284506,3.8376628284506,3.8376628284506,3.8376628284506,3.8376628284506,3.8376628284506,3.8376628284506,3.8376628284506,3.8376628284506,3.8376628284506,3.8376628284506,3.8376628284506,3.8376628284506,3.8376628284506,3.8376628284506,3.8376628284506,3.8376628284506,3.8376628284506,0.400204863295623,0.347060160656174,0.293915458016723,0.240770755377272,0.18762605273782,0.134481350098373,0.0851812456823025,0.0565029844686844,0.0560843404733209,0.079074407103457,0.134571986329391,0.257783076857194,0.478224905666416,0.791808522226557,1.17942518992378,1.62965277728752,2.12962076636633,2.65958059505768,3.20658692373497,3.76417847170352,3.76417847170352,3.76417847170352,3.76417847170352,3.76417847170352,3.76417847170352,3.76417847170352,3.76417847170352,3.76417847170352,3.76417847170352,3.76417847170352,3.76417847170352,3.76417847170352,3.76417847170352,3.76417847170352,3.76417847170352,3.76417847170352,3.76417847170352,3.76417847170352,3.76417847170352,3.76417847170352,1,1,1,1,1,1,1,1,1,1,1,1,1,1,1,1,1,1,1,1,1,1,1,1,1,1,1,1,1,1,1,1,1,1,1,1,1,1,1,1
4.80300540246302,1.12586006875355,0.774627527408037,-0.372834594440287,-2.10583485603296,0.467194997995699,0.0610559665232513,3.43180136310601,0.632373262997099,2.09316883270394,1.6263263900121,-1.8173306228208,1.12896584516478,0.464485452609729,0.38703507053183,0.866945881734974,0.225218647216085,0.304107314166469,2.0890720353363,-0.271683430820961,-0.904328651602443,-2.44476605822048,1.02560301063199,0.704876135924353,1.69698085750736,0.126695700477105,-1.12297422435718,1.76955192970953,-0.4837955499328,-0.238164175189615,0.193576681608093,0.29187232799303,0.31592745651959,-0.504732055154939,-2.06678774035171,1.88475271554456,-1.34996268410404,0.666802024240219,-1.01088695462334,-2.00933287527758,7.06614711646002,6.63445003177311,6.20275294708621,5.7710558623993,5.3393587777124,4.90766169302549,4.47596460833859,4.04426752365169,3.61257043896478,3.18087335427788,2.74917626959097,2.31747918490407,1.88578210021716,1.45408501553026,1.02238793084336,0.590690846156452,0.158993761469546,-0.27270332321736,-0.704400407904263,-1.13609749259117,-1.13609749259117,-1.13609749259117,-1.13609749259117,-1.13609749259117,-1.13609749259117,-1.13609749259117,-1.13609749259117,-1.13609749259117,-1.13609749259117,-1.13609749259117,-1.13609749259117,-1.13609749259117,-1.13609749259117,-1.13609749259117,-1.13609749259117,-1.13609749259117,-1.13609749259117,-1.13609749259117,-1.13609749259117,-1.13609749259117,24.9695993817455,19.0083294411386,14.1633870198376,10.3248503482818,7.38279765691045,5.22730717616278,3.74845713647807,2.83632576829554,2.38099130205442,2.27253196819398,2.40102599715343,2.65655161937205,2.92918706528905,3.10901056534371,3.08610034997524,2.7505346496229,1.99239169472591,0.70174971572361,-1.23131305694489,-3.91671839284029,-3.91671839284029,-3.91671839284029,-3.91671839284029,-3.91671839284029,-3.91671839284029,-3.91671839284029,-3.91671839284029,-3.91671839284029,-3.91671839284029,-3.91671839284029,-3.91671839284029,-3.91671839284029,-3.91671839284029,-3.91671839284029,-3.91671839284029,-3.91671839284029,-3.91671839284029,-3.91671839284029,-3.91671839284029,-3.91671839284029,4.89310360084335,4.74394792759073,4.59479225433823,4.44563658108563,4.29648090783303,4.14732523458048,3.94917712403696,3.54395596111357,3.07210572292323,2.70070782542863,2.38332813074403,2.15873383741274,2.18544765561801,2.42327318427386,2.70731857163494,2.93828249137478,2.78389338749817,1.54706543339453,-1.18519824444636,-4.95096519335318,-4.95096519335318,-4.95096519335318,-4.95096519335318,-4.95096519335318,-4.95096519335318,-4.95096519335318,-4.95096519335318,-4.95096519335318,-4.95096519335318,-4.95096519335318,-4.95096519335318,-4.95096519335318,-4.95096519335318,-4.95096519335318,-4.95096519335318,-4.95096519335318,-4.95096519335318,-4.95096519335318,-4.95096519335318,-4.95096519335318,1,1,1,1,1,1,0,0,0,0,1,1,1,1,1,1,1,1,1,1,1,1,1,1,1,1,1,1,1,1,1,1,1,1,1,1,1,1,1,1
-0.00968588792296954,-0.750102253674023,1.29183549105266,1.52950496512967,-1.24476420497526,-0.0644737682901484,0.0432382382781231,-2.41066203597087,-0.253643826840692,-0.241531961714852,1.66442094095107,-0.960418709265108,-0.359217192286941,-1.58736136989932,-1.01447668532776,1.29321557880813,2.03986152191036,-1.06925345171316,1.33697647038775,-1.43785741294486,-0.383988656340993,-0.178259814404834,-1.68284616031102,2.02954071103229,-2.00924530164745,-0.2928256996976,3.18526098916851,-0.0760770852060038,-0.439787600823683,-0.484366209745984,-0.352843114018267,0.97491478676737,1.90728356058026,-0.624207442234288,1.49849342713918,1.19115424799646,2.59045009340562,-0.593178678325158,0.563824210367056,0.676314294027936,-0.604750107707924,-0.600497934964961,-0.596245762221998,-0.591993589479037,-0.587741416736074,-0.583489243993112,-0.57923707125015,-0.574984898507187,-0.570732725764225,-0.566480553021265,-0.562228380278301,-0.557976207535338,-0.553724034792376,-0.549471862049414,-0.545219689306451,-0.540967516563491,-0.536715343820529,-0.532463171077566,-0.528210998334604,-0.523958825591643,-0.523958825591643,-0.523958825591643,-0.523958825591643,-0.523958825591643,-0.523958825591643,-0.523958825591643,-0.523958825591643,-0.523958825591643,-0.523958825591643,-0.523958825591643,-0.523958825591643,-0.523958825591643,-0.523958825591643,-0.523958825591643,-0.523958825591643,-0.523958825591643,-0.523958825591643,-0.523958825591643,-0.523958825591643,-0.523958825591643,15.622484857848,11.1458908378441,7.49061582837005,4.58126035205029,2.34242493150925,0.698710089371362,-0.425283651738944,-1.10495576919723,-1.41570574037905,-1.43293304265998,-1.23203715341557,-0.888417550021394,-0.477473709853021,-0.0746051102860079,0.244788771304089,0.4053084575417,0.331554471051264,-0.051872665542799,-0.820372429616016,-2.04934429854398,-2.04934429854398,-2.04934429854398,-2.04934429854398,-2.04934429854398,-2.04934429854398,-2.04934429854398,-2.04934429854398,-2.04934429854398,-2.04934429854398,-2.04934429854398,-2.04934429854398,-2.04934429854398,-2.04934429854398,-2.04934429854398,-2.04934429854398,-2.04934429854398,-2.04934429854398,-2.04934429854398,-2.04934429854398,-2.04934429854398,9.46147043388212,7.83744510288601,6.21341977188977,4.58939444089359,2.96536910989741,1.34134377890125,-0.224289099232609,-1.44363047572888,-2.04619929772142,-2.04589628109911,-1.65315000807117,-0.972530853532643,-0.0467371874298319,0.815983595844461,1.10083354438531,0.587061087109173,-0.373517518087766,-1.13387580500306,-1.27894314140896,-0.931749833952017,-0.931749833952017,-0.931749833952017,-0.931749833952017,-0.931749833952017,-0.931749833952017,-0.931749833952017,-0.931749833952017,-0.931749833952017,-0.931749833952017,-0.931749833952017,-0.931749833952017,-0.931749833952017,-0.931749833952017,-0.931749833952017,-0.931749833952017,-0.931749833952017,-0.931749833952017,-0.931749833952017,-0.931749833952017,-0.931749833952017,1,1,1,1,1,1,1,1,1,1,1,1,1,1,1,1,1,1,1,1,1,1,1,1,1,1,1,1,1,1,1,1,1,1,1,1,1,1,1,1
1.36891803402363,-2.28308975893683,-0.297657644588905,0.516287338181558,2.47240531284505,-0.0949350287770141,-0.36330845726627,-2.86160094934683,-1.05774652841006e-05,0.334085399536852,1.77032146997551,-0.306656701913548,0.957543331114735,0.830484343093771,-0.959854022277826,3.70906417946404,-0.281590395447607,-0.979438759340308,-0.399660765319252,2.23937516811351,-0.416766832142175,1.21145521316236,0.0243050433495267,-0.693990834544454,-0.721732202718464,-2.23770625906254,2.06140044587061,0.497061007865199,1.4317246751799,-1.04779982916691,0.279742868510732,-0.40246042872141,-0.369255382509106,0.7657855461014,-0.887200322719631,-0.632848372257941,1.07315795891468,-0.6185115907731,0.454790883026579,-0.622113951028018,-0.625252951393965,-0.584221076126366,-0.543189200858768,-0.502157325591169,-0.46112545032357,-0.420093575055972,-0.379061699788373,-0.338029824520772,-0.296997949253177,-0.255966073985578,-0.21493419871798,-0.173902323450381,-0.132870448182782,-0.0918385729151829,-0.0508066976475856,-0.00977482237998473,0.0312570528876108,0.0722889281552099,0.113320803422809,0.154352678690406,0.154352678690406,0.154352678690406,0.154352678690406,0.154352678690406,0.154352678690406,0.154352678690406,0.154352678690406,0.154352678690406,0.154352678690406,0.154352678690406,0.154352678690406,0.154352678690406,0.154352678690406,0.154352678690406,0.154352678690406,0.154352678690406,0.154352678690406,0.154352678690406,0.154352678690406,0.154352678690406,10.6276690718944,8.29071395980744,6.22594345536618,4.42449682094462,2.87751331891672,1.57613221165644,0.511492761537732,-0.325265769065409,-0.943004117779058,-1.35058302222922,-1.55686322004196,-1.5707054488433,-1.40097044625926,-1.0565189499159,-0.546211697439251,0.121090573544645,0.936527125409761,1.89123722053007,2.97636012127951,4.18303509003204,4.18303509003204,4.18303509003204,4.18303509003204,4.18303509003204,4.18303509003204,4.18303509003204,4.18303509003204,4.18303509003204,4.18303509003204,4.18303509003204,4.18303509003204,4.18303509003204,4.18303509003204,4.18303509003204,4.18303509003204,4.18303509003204,4.18303509003204,4.18303509003204,4.18303509003204,4.18303509003204,9.91035379609222,8.39725870506187,6.88416361403151,5.37106852300118,3.85797343197084,2.34487834094049,0.840484940146735,-0.560162416091666,-1.55141632422068,-1.87111241689116,-1.63138358127033,-1.23346763930167,-0.992531880628727,-0.910357346460168,-0.760355590411203,-0.333912764212601,0.424311024115894,1.5031470720282,2.90155732891701,4.52558233315328,4.52558233315328,4.52558233315328,4.52558233315328,4.52558233315328,4.52558233315328,4.52558233315328,4.52558233315328,4.52558233315328,4.52558233315328,4.52558233315328,4.52558233315328,4.52558233315328,4.52558233315328,4.52558233315328,4.52558233315328,4.52558233315328,4.52558233315328,4.52558233315328,4.52558233315328,4.52558233315328,1,1,1,1,1,1,1,1,1,1,1,1,1,1,1,1,1,1,1,1,1,1,1,1,1,1,1,1,1,1,1,1,1,1,1,1,1,1,1,1
-0.665637777720109,0.724835005283239,0.754131644308059,-0.700711860630779,0.526637657841952,0.525679215710222,1.86028772434237,-1.15667929021999,1.30047625857048,0.776412122892541,1.9369282110237,0.680716616746546,1.07383996044834,1.05952828122951,-0.0376763223929064,-0.450882784564406,2.03739108569105,3.24158783741437,2.06538509216958,0.612565593034361,1.21757153072762,-1.08856595600502,0.0763531958480534,0.838148516119126,-2.37384054562336,-0.0196849980174925,0.718402879913626,-0.211199914043997,-0.958224311954162,0.189983276091125,-3.56160339371719,1.38130075721666,-1.43897622340243,0.493379989755471,-0.699894976362351,0.321379587638644,-0.754696604454875,-0.982685951255498,0.668214217088551,0.0369656269105292,-1.90243036375597,-1.77983119124619,-1.65723201873642,-1.53463284622664,-1.41203367371686,-1.28943450120709,-1.16683532869731,-1.04423615618754,-0.921636983677763,-0.799037811167988,-0.676438638658214,-0.553839466148437,-0.431240293638663,-0.308641121128884,-0.186041948619112,-0.063442776109337,0.0591563964004393,0.181755568910214,0.30435474141999,0.426953913929767,0.426953913929767,0.426953913929767,0.426953913929767,0.426953913929767,0.426953913929767,0.426953913929767,0.426953913929767,0.426953913929767,0.426953913929767,0.426953913929767,0.426953913929767,0.426953913929767,0.426953913929767,0.426953913929767,0.426953913929767,0.426953913929767,0.426953913929767,0.426953913929767,0.426953913929767,0.426953913929767,-12.9192960278834,-8.77541882704797,-5.57100455256386,-3.20167448289493,-1.56304989650498,-0.550752071857824,-0.0604022874172685,0.0123781783528898,-0.228031953011163,-0.677253959973251,-1.23090912099717,-1.78461871454673,-2.23400401908574,-2.47468631307802,-2.40228687498733,-1.91242698327754,-0.900727916412432,0.737189047144176,3.10570262892849,6.30919155047671,6.30919155047671,6.30919155047671,6.30919155047671,6.30919155047671,6.30919155047671,6.30919155047671,6.30919155047671,6.30919155047671,6.30919155047671,6.30919155047671,6.30919155047671,6.30919155047671,6.30919155047671,6.30919155047671,6.30919155047671,6.30919155047671,6.30919155047671,6.30919155047671,6.30919155047671,6.30919155047671,5.72025183007612,4.66987144493903,3.61949105980182,2.56911067466467,1.51873028952748,0.468349904390308,-0.53335996799791,-1.19620885945275,-1.13815872313934,-0.645373783770513,-0.563388953434698,-1.1517989297715,-1.89231956980791,-2.34404625668561,-2.32840645602714,-1.63930092535565,-0.289833734952923,1.40307553046191,3.27191901290423,5.30802054379483,5.30802054379483,5.30802054379483,5.30802054379483,5.30802054379483,5.30802054379483,5.30802054379483,5.30802054379483,5.30802054379483,5.30802054379483,5.30802054379483,5.30802054379483,5.30802054379483,5.30802054379483,5.30802054379483,5.30802054379483,5.30802054379483,5.30802054379483,5.30802054379483,5.30802054379483,5.30802054379483,1,1,1,1,1,1,1,1,1,1,1,1,1,1,1,1,1,1,1,0,0,0,0,0,0,0,0,0,0,0,0,0,0,0,0,0,0,0,0,0
0.66394111572584,-0.518883169105749,-0.172807159012774,2.02561843205721,1.11554900280421,-1.0550504903636,1.59364949965293,1.93341441886615,-1.08725596233913,3.35344695801808,-1.37713366516802,-0.619838200869133,0.767527492620276,-0.00141569131343466,0.813357831957664,-1.98542906965663,-0.366325118527776,-2.01357306099007,2.18906760574007,3.79557576588037,1.46764714936317,-0.545960364575524,2.08940872476796,1.14898893499676,0.177763019740809,0.904072228745214,0.18898296983836,-0.364452859878734,-0.47615511233424,0.476775293280602,0.717766186420077,0.30288574557814,-1.10140386983428,1.00680276893461,-0.615334704011124,-3.01204954979647,0.159344876729859,1.73978331501475,0.677616075876285,-0.0725486370903798,-0.942323800859938,-0.902201782255956,-0.862079763651977,-0.821957745047998,-0.781835726444017,-0.741713707840034,-0.701591689236055,-0.661469670632076,-0.621347652028096,-0.581225633424115,-0.541103614820136,-0.500981596216155,-0.460859577612172,-0.420737559008195,-0.380615540404214,-0.340493521800235,-0.300371503196253,-0.260249484592274,-0.220127465988295,-0.180005447384314,-0.180005447384314,-0.180005447384314,-0.180005447384314,-0.180005447384314,-0.180005447384314,-0.180005447384314,-0.180005447384314,-0.180005447384314,-0.180005447384314,-0.180005447384314,-0.180005447384314,-0.180005447384314,-0.180005447384314,-0.180005447384314,-0.180005447384314,-0.180005447384314,-0.180005447384314,-0.180005447384314,-0.180005447384314,-0.180005447384314,-8.9948141437281,-6.21729087498575,-4.04619448728398,-2.41662981689149,-1.26370170007694,-0.52251497310904,-0.128174472256479,-0.0157850337879424,-0.120451493972116,-0.377278689077697,-0.721371455373369,-1.08783462912782,-1.41177304660975,-1.62829154408783,-1.67249495783076,-1.47948812410722,-0.984375879185912,-0.122263059335513,1.17174549917526,2.96254496007776,2.96254496007776,2.96254496007776,2.96254496007776,2.96254496007776,2.96254496007776,2.96254496007776,2.96254496007776,2.96254496007776,2.96254496007776,2.96254496007776,2.96254496007776,2.96254496007776,2.96254496007776,2.96254496007776,2.96254496007776,2.96254496007776,2.96254496007776,2.96254496007776,2.96254496007776,2.96254496007776,-0.556659586425029,-0.521359729459743,-0.486059872494458,-0.450760015529173,-0.415460158563883,-0.380160301598599,-0.361326979784611,-0.423574098274608,-0.568857787051144,-0.753566209200942,-0.941121983937965,-1.07402837632114,-1.08424865841977,-0.968627294899999,-0.785531741357326,-0.575979809433861,-0.342191720717999,-0.0808705310248339,0.204451978096531,0.504690476061683,0.504690476061683,0.504690476061683,0.504690476061683,0.504690476061683,0.504690476061683,0.504690476061683,0.504690476061683,0.504690476061683,0.504690476061683,0.504690476061683,0.504690476061683,0.504690476061683,0.504690476061683,0.504690476061683,0.504690476061683,0.504690476061683,0.504690476061683,0.504690476061683,0.504690476061683,0.504690476061683,1,1,1,1,1,1,1,1,1,1,1,1,1,1,1,1,1,1,1,1,1,1,1,1,1,1,1,1,1,1,1,1,1,1,1,1,1,1,1,1
0.82617191691654,-2.99755542159628,-1.55660589820027,-1.94722840217451,1.23667327315966,-0.407380494097564,-2.44712410642714,-1.30897474552977,0.451174408156287,-1.03187317910294,-0.188674057980627,1.06643037083573,1.01013507753121,-0.737195974054085,-0.174976133900543,0.0132547321086349,-1.17143426831761,-0.23633688486931,-0.203988283647831,0.67232421009421,0.326226830256392,0.784247329973587,2.01452460120667,-1.86354462872755,-0.451401086315629,0.848129343665834,0.445739148168599,1.66016972971831,0.180240413230122,-0.294753077019136,2.34169008564674,-0.254958279780789,-0.522910310100416,-1.02603526111181,0.0199926360400937,0.110565328064638,0.825502377962351,-0.27716857952201,-1.22361265245904,-1.78291529125494,3.59932614726182,3.26132049920187,2.92331485114192,2.58530920308198,2.24730355502203,1.90929790696208,1.57129225890213,1.23328661084219,0.895280962782239,0.557275314722293,0.219269666662342,-0.118735981397604,-0.456741629457552,-0.794747277517498,-1.13275292557745,-1.4707585736374,-1.80876422169734,-2.14676986975729,-2.48477551781724,-2.82278116587718,-2.82278116587718,-2.82278116587718,-2.82278116587718,-2.82278116587718,-2.82278116587718,-2.82278116587718,-2.82278116587718,-2.82278116587718,-2.82278116587718,-2.82278116587718,-2.82278116587718,-2.82278116587718,-2.82278116587718,-2.82278116587718,-2.82278116587718,-2.82278116587718,-2.82278116587718,-2.82278116587718,-2.82278116587718,-2.82278116587718,-26.6483850661488,-19.0311553621721,-12.8016486511338,-7.83806537652229,-4.01860598182576,-1.22147091053252,0.675139393869113,1.79302448789088,2.25398392804447,2.1798172708416,1.69232407279399,0.913303890413333,-0.0354437197886703,-1.03211920130027,-1.95492299760979,-2.68205555220549,-3.09171730857568,-3.06210871020867,-2.47143020059274,-1.19788222321611,-1.19788222321611,-1.19788222321611,-1.19788222321611,-1.19788222321611,-1.19788222321611,-1.19788222321611,-1.19788222321611,-1.19788222321611,-1.19788222321611,-1.19788222321611,-1.19788222321611,-1.19788222321611,-1.19788222321611,-1.19788222321611,-1.19788222321611,-1.19788222321611,-1.19788222321611,-1.19788222321611,-1.19788222321611,-1.19788222321611,-0.259930978411716,-0.0421051617677826,0.175720654876168,0.393546471520108,0.611372288164044,0.829198104807984,1.0444825525366,1.23263172947888,1.31885880476144,1.2261873165741,0.923747114134468,0.42194383117085,-0.216506621251488,-0.863583003149033,-1.39273308982664,-1.76484593482739,-2.02642807386465,-2.25419853494162,-2.51018735022292,-2.80552962919547,-2.80552962919547,-2.80552962919547,-2.80552962919547,-2.80552962919547,-2.80552962919547,-2.80552962919547,-2.80552962919547,-2.80552962919547,-2.80552962919547,-2.80552962919547,-2.80552962919547,-2.80552962919547,-2.80552962919547,-2.80552962919547,-2.80552962919547,-2.80552962919547,-2.80552962919547,-2.80552962919547,-2.80552962919547,-2.80552962919547,1,1,1,1,1,1,1,1,1,1,1,1,1,1,0,1,1,1,1,1,1,1,1,1,1,1,1,1,1,1,1,1,1,1,1,1,1,1,1,1
2.88518429610226,1.69905123573203,1.29978372100027,0.322012081867116,0.911773444141637,0.252895847046343,-0.307383307392509,1.67067444498265,-1.16702262438367,-0.953337970264776,-0.749092035198283,2.37404488088349,-1.28379633432425,0.304202839778567,-0.975504672024927,-3.64988768858832,0.360615707285511,-0.863361099068305,0.67030088759293,1.63432657358796,-0.286953977248366,1.86117150775942,-2.1532529379059,0.83000512520065,1.09574047060984,-1.54138127753164,-1.17463779214948,-2.81622916548832,-1.59369126496691,0.979327112777993,-1.4735157646831,-1.24995754287599,0.56855741139182,0.172751291079983,-0.386612899177884,0.466317101912447,-0.0179153016278448,-0.239099463567927,-1.38501026975397,1.07966343405014,2.17026995720638,1.98848505825782,1.80670015930925,1.62491526036068,1.44313036141211,1.26134546246355,1.07956056351498,0.897775664566417,0.71599076561785,0.534205866669284,0.352420967720716,0.170636068772151,-0.0111488301764151,-0.192933729124981,-0.374718628073548,-0.556503527022118,-0.738288425970682,-0.920073324919247,-1.10185822386781,-1.28364312281638,-1.28364312281638,-1.28364312281638,-1.28364312281638,-1.28364312281638,-1.28364312281638,-1.28364312281638,-1.28364312281638,-1.28364312281638,-1.28364312281638,-1.28364312281638,-1.28364312281638,-1.28364312281638,-1.28364312281638,-1.28364312281638,-1.28364312281638,-1.28364312281638,-1.28364312281638,-1.28364312281638,-1.28364312281638,-1.28364312281638,-1.4082689976943,-0.759721301838928,-0.234218877961421,0.177048680936064,0.48289178185138,0.692120831782384,0.81354623772693,0.855978406682862,0.828227745648032,0.739104661620303,0.59741956159751,0.411982852577527,0.191604941558188,-0.054903764462658,-0.31873285848714,-0.59107193351743,-0.863110582555652,-1.12603839860399,-1.37104497466453,-1.58931990373947,-1.58931990373947,-1.58931990373947,-1.58931990373947,-1.58931990373947,-1.58931990373947,-1.58931990373947,-1.58931990373947,-1.58931990373947,-1.58931990373947,-1.58931990373947,-1.58931990373947,-1.58931990373947,-1.58931990373947,-1.58931990373947,-1.58931990373947,-1.58931990373947,-1.58931990373947,-1.58931990373947,-1.58931990373947,-1.58931990373947,1.05070250029225,1.00844289585934,0.966183291426428,0.923923686993521,0.881664082560608,0.839404478127694,0.796383532356499,0.748194177252103,0.687044022667527,0.605554320677118,0.505698351984002,0.396021280376464,0.269814549336852,0.101638611238441,-0.121555312383109,-0.384153625130759,-0.664158029237585,-0.949503885971088,-1.23139497714556,-1.50597181009169,-1.50597181009169,-1.50597181009169,-1.50597181009169,-1.50597181009169,-1.50597181009169,-1.50597181009169,-1.50597181009169,-1.50597181009169,-1.50597181009169,-1.50597181009169,-1.50597181009169,-1.50597181009169,-1.50597181009169,-1.50597181009169,-1.50597181009169,-1.50597181009169,-1.50597181009169,-1.50597181009169,-1.50597181009169,-1.50597181009169,1,1,1,1,1,1,1,1,1,1,1,1,1,1,1,1,1,1,1,1,1,1,1,1,1,1,1,1,1,1,1,1,1,1,1,1,1,1,1,1
-2.91411237064954,2.41146095790814,-2.46560127829351,-2.51432440382419,1.52910311312219,2.2452504099255,1.73118627906747,-0.485157810607305,2.22339630719389,-1.82248003688299,-1.49835511013242,-2.23205795518716,-0.27325919298346,1.83235246428168,0.844110469524898,0.730483955196862,1.38657895250893,-0.734734872812439,1.63620775159821,-0.0508766220523196,-1.46282681047611,-0.232452575840645,-0.296102479946123,-1.10522274003446,0.789610803708399,-0.231754614054262,0.67600558405608,0.28881963171918,-1.31497280284902,0.951162060237072,-2.08007418498921,1.64952248238975,0.733192735954187,2.42679769206852,-0.53106388297509,0.323115616277038,-1.38167648221707,-1.07136948865717,0.972349830279549,-2.49434228665221,2.09936638413009,1.98197205271306,1.86457772129604,1.74718338987902,1.62978905846199,1.51239472704497,1.39500039562794,1.27760606421092,1.1602117327939,1.04281740137687,0.925423069959846,0.808028738542822,0.690634407125799,0.573240075708773,0.455845744291748,0.338451412874724,0.221057081457701,0.103662750040677,-0.0137315813763497,-0.131125912793372,-0.131125912793372,-0.131125912793372,-0.131125912793372,-0.131125912793372,-0.131125912793372,-0.131125912793372,-0.131125912793372,-0.131125912793372,-0.131125912793372,-0.131125912793372,-0.131125912793372,-0.131125912793372,-0.131125912793372,-0.131125912793372,-0.131125912793372,-0.131125912793372,-0.131125912793372,-0.131125912793372,-0.131125912793372,-0.131125912793372,-5.46088125490703,-3.15985197339312,-1.36732789572627,-0.0309056163086119,0.901818270457729,1.48324717017061,1.7657844884279,1.80183363082745,1.64379800296715,1.34408101044483,0.955086058858384,0.529216553805671,0.118875900884538,-0.223532494307138,-0.445605226171486,-0.494938889110642,-0.319130077526783,0.134224614178029,0.917528591601615,2.08318526034182,2.08318526034182,2.08318526034182,2.08318526034182,2.08318526034182,2.08318526034182,2.08318526034182,2.08318526034182,2.08318526034182,2.08318526034182,2.08318526034182,2.08318526034182,2.08318526034182,2.08318526034182,2.08318526034182,2.08318526034182,2.08318526034182,2.08318526034182,2.08318526034182,2.08318526034182,2.08318526034182,2.10408565087379,1.98602020128887,1.86795475170395,1.74988930211903,1.63182385253411,1.51375840294919,1.39570320022447,1.27770942786436,1.15983654971135,1.04213293173068,0.924618743166565,0.807259423962304,0.689979176891569,0.572725991256684,0.455511451795061,0.338375880615439,0.221336830084088,0.104385117826167,-0.0124971272491088,-0.129338506066548,-0.129338506066548,-0.129338506066548,-0.129338506066548,-0.129338506066548,-0.129338506066548,-0.129338506066548,-0.129338506066548,-0.129338506066548,-0.129338506066548,-0.129338506066548,-0.129338506066548,-0.129338506066548,-0.129338506066548,-0.129338506066548,-0.129338506066548,-0.129338506066548,-0.129338506066548,-0.129338506066548,-0.129338506066548,-0.129338506066548,1,1,1,1,1,1,1,1,1,1,1,1,1,1,1,1,1,1,1,1,1,1,1,1,1,1,1,1,1,1,1,1,1,1,1,1,1,1,1,1
-0.676011185453034,1.68261726527827,-2.09672845124436,0.379005963567782,0.653571132648562,1.80176692603691,-1.63775024388726,0.820878774955714,1.04913723870378,-0.142465880108322,-1.76727066908337,-0.858025212160566,-0.0985294891560908,-1.35750103355412,-0.732933202587464,-0.992297306173912,1.07790366314472,0.899567873243804,1.02526491480475,0.203762408717784,-2.72782665035758,1.02711970721685,-1.90288154830409,-1.0476316038795,0.272235461310055,-0.358113726606183,-0.0795985140932469,-2.96254015813703,0.0414962906973795,1.82376796377542,-0.0733018358465465,3.52653168821792,2.48533538272914,-0.456732135560484,-1.02439931789855,-0.543516049959196,-1.9474153635306,1.59180140820484,0.667880320511943,0.0231057906029992,1.07474750469738,0.952208582584545,0.829669660471708,0.70713073835887,0.584591816246032,0.462052894133194,0.339513972020356,0.21697504990752,0.0944361277946815,-0.0281027943181549,-0.150641716430995,-0.273180638543831,-0.395719560656666,-0.518258482769507,-0.640797404882344,-0.76333632699518,-0.88587524910802,-1.00841417122086,-1.13095309333369,-1.25349201544653,-1.25349201544653,-1.25349201544653,-1.25349201544653,-1.25349201544653,-1.25349201544653,-1.25349201544653,-1.25349201544653,-1.25349201544653,-1.25349201544653,-1.25349201544653,-1.25349201544653,-1.25349201544653,-1.25349201544653,-1.25349201544653,-1.25349201544653,-1.25349201544653,-1.25349201544653,-1.25349201544653,-1.25349201544653,-1.25349201544653,4.3525302232619,3.56926482237871,2.85644046108645,2.21233212053521,1.63521478187509,1.12336342625616,0.675053034828526,0.288558588742267,-0.0378449308525219,-0.305882542805762,-0.51727926596735,-0.673760119187216,-0.777050121315243,-0.828874291201375,-0.830957647695502,-0.785025209647539,-0.692801995907391,-0.556013025324992,-0.376383316750243,-0.155637889033025,-0.155637889033025,-0.155637889033025,-0.155637889033025,-0.155637889033025,-0.155637889033025,-0.155637889033025,-0.155637889033025,-0.155637889033025,-0.155637889033025,-0.155637889033025,-0.155637889033025,-0.155637889033025,-0.155637889033025,-0.155637889033025,-0.155637889033025,-0.155637889033025,-0.155637889033025,-0.155637889033025,-0.155637889033025,-0.155637889033025,1.92734428599072,1.68077167923939,1.43419907248806,1.18762646573672,0.941053858985388,0.694481252234054,0.450530899229296,0.221232718480588,0.0157182671173359,-0.162856280506666,-0.313380240311178,-0.437086966715373,-0.537870864693456,-0.618402466461108,-0.678612171222804,-0.71946460889823,-0.745446824527935,-0.762474276720111,-0.775132821897586,-0.786135759949545,-0.786135759949545,-0.786135759949545,-0.786135759949545,-0.786135759949545,-0.786135759949545,-0.786135759949545,-0.786135759949545,-0.786135759949545,-0.786135759949545,-0.786135759949545,-0.786135759949545,-0.786135759949545,-0.786135759949545,-0.786135759949545,-0.786135759949545,-0.786135759949545,-0.786135759949545,-0.786135759949545,-0.786135759949545,-0.786135759949545,1,1,1,1,1,1,1,1,1,1,1,1,1,1,1,1,1,1,1,1,1,1,1,1,1,1,1,1,1,1,1,1,1,1,1,1,1,1,1,1
-0.767679970579297,0.362864679412625,-1.98693902081835,-0.0919872495218357,0.570923484699497,0.567780209719179,0.848336345590545,1.46828877789082,-0.12769675265176,-1.12409996975018,-1.666513234771,-0.0808928900265915,0.834365952356825,-1.08614611467668,1.22561425025408,-0.542271412978629,-0.620222569073654,0.742636044961275,1.06334122082831,-1.88320187459304,-0.264010496351077,-0.578059665810587,-0.404777978924814,-0.848880533820152,1.26402544133902,-1.28730621827482,0.309348880730235,-1.99669042690641,0.238109633905619,-1.78951452901388,-0.797103624296907,-0.838397789842267,-0.300440932611892,1.40733150446929,0.487930322234581,0.643166566045734,1.43254977848407,0.678239582488578,1.13913338306088,-1.16810575659667,5.7361960739694,5.45964065681961,5.18308523966981,4.90652982252002,4.62997440537023,4.35341898822044,4.07686357107064,3.80030815392085,3.52375273677106,3.24719731962127,2.97064190247148,2.69408648532168,2.41753106817189,2.1409756510221,1.8644202338723,1.58786481672251,1.31130939957272,1.03475398242292,0.758198565273135,0.481643148123341,0.481643148123341,0.481643148123341,0.481643148123341,0.481643148123341,0.481643148123341,0.481643148123341,0.481643148123341,0.481643148123341,0.481643148123341,0.481643148123341,0.481643148123341,0.481643148123341,0.481643148123341,0.481643148123341,0.481643148123341,0.481643148123341,0.481643148123341,0.481643148123341,0.481643148123341,0.481643148123341,-7.06111690242252,-5.42707405626565,-3.83422640693355,-2.30419774302328,-0.85861185313195,0.480907474143398,1.69273645020565,2.75525128645776,3.64682819430263,4.34584338514318,4.83067307038234,5.07969346142306,5.0712807696682,4.78381120652072,4.19566098338356,3.28520631165962,2.0308234027518,0.410888468063071,-1.59622228100369,-4.01213263304555,-4.01213263304555,-4.01213263304555,-4.01213263304555,-4.01213263304555,-4.01213263304555,-4.01213263304555,-4.01213263304555,-4.01213263304555,-4.01213263304555,-4.01213263304555,-4.01213263304555,-4.01213263304555,-4.01213263304555,-4.01213263304555,-4.01213263304555,-4.01213263304555,-4.01213263304555,-4.01213263304555,-4.01213263304555,-4.01213263304555,-1.30005858784394,-0.676184199276675,-0.0523098107094038,0.571564577857863,1.19543896642512,1.81931335499239,2.44497854193769,3.06545844761277,3.61358622005928,4.02877923422819,4.31090564151032,4.4453250323205,4.34992875742642,3.94228310253296,3.22192948383538,2.28589498065416,1.27078985567372,0.244877497778495,-0.824046686906103,-1.95638199309736,-1.95638199309736,-1.95638199309736,-1.95638199309736,-1.95638199309736,-1.95638199309736,-1.95638199309736,-1.95638199309736,-1.95638199309736,-1.95638199309736,-1.95638199309736,-1.95638199309736,-1.95638199309736,-1.95638199309736,-1.95638199309736,-1.95638199309736,-1.95638199309736,-1.95638199309736,-1.95638199309736,-1.95638199309736,-1.95638199309736,1,1,1,1,1,1,1,1,1,1,1,1,1,1,1,1,1,1,1,1,1,1,1,1,1,1,1,1,1,1,1,1,1,1,1,1,1,1,1,1
0.931152796933121,-0.143314897582302,0.648055114306738,-1.27780765180825,-1.0056072379743,-2.22222472165753,1.94614809360709,1.794965092574,-1.77039258694072,0.401594421765457,-0.418898794384905,0.318070947618059,-1.56690005530018,-0.199713558835805,-2.73447143001007,0.134631360790117,-4.17204096640285,-1.19535457342933,1.91433750032623,1.22122866565443,0.732490565147172,0.0764084000402114,-0.848071882632755,0.850701423290262,0.775318915427153,0.0621508528851411,0.0616435747194579,-0.722713190096794,-0.661246944751856,1.04950209184242,-1.56283819552774,0.593043589716933,-2.3113460202072,1.02238274357995,-0.616380441064926,2.5579104534163,0.317624155052741,-0.287423394369462,2.09110349623295,-0.0856362331773219,-5.15311458922994,-4.87065933418512,-4.58820407914029,-4.30574882409547,-4.02329356905064,-3.74083831400581,-3.45838305896099,-3.17592780391616,-2.89347254887134,-2.61101729382651,-2.32856203878168,-2.04610678373686,-1.76365152869203,-1.48119627364721,-1.19874101860238,-0.916285763557555,-0.633830508512727,-0.351375253467902,-0.0689199984230751,0.21353525662175,0.21353525662175,0.21353525662175,0.21353525662175,0.21353525662175,0.21353525662175,0.21353525662175,0.21353525662175,0.21353525662175,0.21353525662175,0.21353525662175,0.21353525662175,0.21353525662175,0.21353525662175,0.21353525662175,0.21353525662175,0.21353525662175,0.21353525662175,0.21353525662175,0.21353525662175,0.21353525662175,-27.1831485041643,-21.1802059533015,-16.1709285205507,-12.0673915929235,-8.7816705574316,-6.22584080108674,-4.31197771090056,-2.95215667388476,-2.058453077051,-1.54294230741098,-1.31769975197638,-1.29480079775887,-1.38632083177015,-1.50433524102187,-1.56091941252575,-1.46814873329345,-1.13809859033664,-0.482844370667033,0.585538538703709,2.15497475076393,2.15497475076393,2.15497475076393,2.15497475076393,2.15497475076393,2.15497475076393,2.15497475076393,2.15497475076393,2.15497475076393,2.15497475076393,2.15497475076393,2.15497475076393,2.15497475076393,2.15497475076393,2.15497475076393,2.15497475076393,2.15497475076393,2.15497475076393,2.15497475076393,2.15497475076393,2.15497475076393,-11.6075846795597,-10.324041918485,-9.04049915741022,-7.75695639633546,-6.47341363526073,-5.18987087418598,-3.95636995258374,-2.98843785896979,-2.37175495400219,-1.99701751939979,-1.75567348038573,-1.63771580816673,-1.6175887479762,-1.56962080628101,-1.36629095026541,-0.989226636758691,-0.501626722156018,0.0245672082450401,0.535019873102511,1.01374506303433,1.01374506303433,1.01374506303433,1.01374506303433,1.01374506303433,1.01374506303433,1.01374506303433,1.01374506303433,1.01374506303433,1.01374506303433,1.01374506303433,1.01374506303433,1.01374506303433,1.01374506303433,1.01374506303433,1.01374506303433,1.01374506303433,1.01374506303433,1.01374506303433,1.01374506303433,1.01374506303433,1,1,0,0,0,0,0,1,1,1,1,1,1,1,1,1,1,1,1,1,1,1,1,1,1,1,1,1,1,1,1,1,1,1,1,1,1,1,1,1
1.42687925933409,-0.37038471501647,-0.881329829849777,-0.623169578089406,-0.0963551098261775,2.56900883556401,-0.713356184263002,0.596655155723607,0.84231239282725,1.05329736097002,1.770180767065,-1.40584764617559,0.877863834594358,-0.00523245305686615,1.1273805194775,0.457656263897164,1.46649481125172,0.16973705405451,-1.38341088041735,-0.161190746984467,0.816272051378133,-2.90799320401524,0.265193446032635,-1.56542779450525,-1.42544360183967,0.514219081985063,-0.622769229692057,1.60257317167464,0.744965208576538,-0.313716783118243,-0.552636745064923,-0.145749719069922,-0.470090962769916,0.530202443184915,-0.697343961012276,-2.01775059961866,1.77094969109505,0.989413745990237,-0.76693069429664,-0.631093853493008,2.48416739091894,2.29862941067614,2.11309143043335,1.92755345019056,1.74201546994777,1.55647748970498,1.37093950946219,1.1854015292194,0.999863548976608,0.814325568733816,0.628787588491024,0.443249608248232,0.257711628005442,0.07217364776265,-0.11336433248014,-0.29890231272293,-0.484440292965722,-0.669978273208514,-0.855516253451306,-1.0410542336941,-1.0410542336941,-1.0410542336941,-1.0410542336941,-1.0410542336941,-1.0410542336941,-1.0410542336941,-1.0410542336941,-1.0410542336941,-1.0410542336941,-1.0410542336941,-1.0410542336941,-1.0410542336941,-1.0410542336941,-1.0410542336941,-1.0410542336941,-1.0410542336941,-1.0410542336941,-1.0410542336941,-1.0410542336941,-1.0410542336941,26.2509836530585,19.860440818999,14.5319278551682,10.1748427960297,6.69858367604663,4.01254852968255,2.02613539140082,0.64874229566486,-0.210232723061965,-0.641391630316249,-0.735336391634569,-0.582668972553577,-0.273991338609788,0.100094544660088,0.448986711719551,0.682083197031908,0.708782035060661,0.438481260269109,-0.219421092879335,-1.35552698992118,-1.35552698992118,-1.35552698992118,-1.35552698992118,-1.35552698992118,-1.35552698992118,-1.35552698992118,-1.35552698992118,-1.35552698992118,-1.35552698992118,-1.35552698992118,-1.35552698992118,-1.35552698992118,-1.35552698992118,-1.35552698992118,-1.35552698992118,-1.35552698992118,-1.35552698992118,-1.35552698992118,-1.35552698992118,-1.35552698992118,3.56736663423763,3.3744208210592,3.18147500788076,2.98852919470227,2.79558338152383,2.60263756834539,2.35589492473468,1.83834412873714,1.01597563187833,0.0293199092112548,-0.894147326143495,-1.41760472714171,-1.32432719828784,-0.736645258260214,0.0922312338765039,0.92470799672871,1.36067944272638,0.983914772972257,-0.18247271589083,-1.7300974753489,-1.7300974753489,-1.7300974753489,-1.7300974753489,-1.7300974753489,-1.7300974753489,-1.7300974753489,-1.7300974753489,-1.7300974753489,-1.7300974753489,-1.7300974753489,-1.7300974753489,-1.7300974753489,-1.7300974753489,-1.7300974753489,-1.7300974753489,-1.7300974753489,-1.7300974753489,-1.7300974753489,-1.7300974753489,-1.7300974753489,1,1,1,1,1,1,1,1,1,1,1,1,1,1,1,1,1,1,1,1,1,1,1,1,1,1,1,1,1,1,1,1,1,1,1,1,1,1,1,1
0.0589107900762418,-0.996530682332326,0.49678650878462,-1.14539157127719,-0.751885708444663,-0.500494146394977,1.1037421128493,-1.82133839153743,1.96151323746848,0.577750697692343,0.707445945985222,1.1203662645876,-0.72183537840794,-0.533539879859671,-0.0439961392972172,2.17911718229483,1.52694917689301,1.5226294634392,3.81786263584969,0.46165535571188,2.73268989166416,-2.31713586547442,2.87034574399592,0.372667443525005,-1.19664401487272,0.331533837600114,0.339802742180723,-0.796617322648505,-0.518584958459693,-0.0154187302482978,0.202188463123356,-1.65610011892732,-0.837619542739196,-0.916638086269549,0.666704354495922,1.16956723443378,2.9109308274839,0.75738325013231,-1.46793229286524,-1.09535294483575,4.21572486201025,3.88822396541419,3.56072306881812,3.23322217222204,2.90572127562598,2.57822037902991,2.25071948243384,1.92321858583777,1.5957176892417,1.26821679264563,0.940715896049557,0.613214999453486,0.285714102857417,-0.0417867937386518,-0.369287690334723,-0.696788586930792,-1.02428948352686,-1.35179038012293,-1.679291276719,-2.00679217331507,-2.00679217331507,-2.00679217331507,-2.00679217331507,-2.00679217331507,-2.00679217331507,-2.00679217331507,-2.00679217331507,-2.00679217331507,-2.00679217331507,-2.00679217331507,-2.00679217331507,-2.00679217331507,-2.00679217331507,-2.00679217331507,-2.00679217331507,-2.00679217331507,-2.00679217331507,-2.00679217331507,-2.00679217331507,-2.00679217331507,32.9587906200524,25.1789373553765,18.6557442072227,13.2842482830587,8.95948669035256,5.57649653657188,3.03031492918453,1.21597897565827,0.0285257834609389,-0.637007539939718,-0.885583887075834,-0.822166150479656,-0.551717222683349,-0.179199996219209,0.190422636380662,0.452187782584089,0.501132549858767,0.232294045672514,-0.459290622506874,-1.67858434721146,-1.67858434721146,-1.67858434721146,-1.67858434721146,-1.67858434721146,-1.67858434721146,-1.67858434721146,-1.67858434721146,-1.67858434721146,-1.67858434721146,-1.67858434721146,-1.67858434721146,-1.67858434721146,-1.67858434721146,-1.67858434721146,-1.67858434721146,-1.67858434721146,-1.67858434721146,-1.67858434721146,-1.67858434721146,-1.67858434721146,6.34765550933157,5.77057712183626,5.19349873434095,4.61642034684564,4.03934195935033,3.46226357185502,2.88408883575607,2.29848173164432,1.69314473221842,1.04918807740518,0.355438249176009,-0.346808354689925,-0.936199135518359,-1.27582486847837,-1.32475646011284,-1.15316396470765,-0.845750579431879,-0.437149183708536,0.0565088291614,0.598274775965379,0.598274775965379,0.598274775965379,0.598274775965379,0.598274775965379,0.598274775965379,0.598274775965379,0.598274775965379,0.598274775965379,0.598274775965379,0.598274775965379,0.598274775965379,0.598274775965379,0.598274775965379,0.598274775965379,0.598274775965379,0.598274775965379,0.598274775965379,0.598274775965379,0.598274775965379,0.598274775965379,1,1,1,1,1,1,0,1,1,1,1,1,1,1,1,1,1,1,1,1,1,1,1,1,1,1,1,1,1,1,1,1,1,1,1,1,1,1,1,1
1.09114006160167,0.834692411052889,-1.68796004736764,-0.37356388062524,0.859472112451481,-0.607113193184849,-0.61505997660452,-1.8703158914849,-0.384053895112615,-1.86917474855797,-0.963949864783713,-0.52502641007665,-0.0915656487796799,-1.3554999814004,-1.54782973769276,2.50434020160721,1.3659950710688,-1.28929529890132,0.12469863612249,0.0432915682412869,2.26616613603977,-0.259227656462754,-1.40178572249851,-1.56293893894235,-2.73092687366435,0.719583192283984,0.663273972785575,0.649937784683322,-1.75317630678931,1.25368982286933,-3.50923882785802,0.09534565431359,-1.93136124138341,-0.450353443056276,-1.28362595475629,-1.53381705091174,0.675970107259666,0.919938297516159,0.409337848427777,-1.29813572952924,-2.17293360827877,-2.13771926201173,-2.10250491574469,-2.06729056947764,-2.0320762232106,-1.99686187694356,-1.96164753067652,-1.92643318440948,-1.89121883814243,-1.85600449187539,-1.82079014560835,-1.78557579934131,-1.75036145307426,-1.71514710680722,-1.67993276054018,-1.64471841427314,-1.6095040680061,-1.57428972173905,-1.53907537547201,-1.50386102920497,-1.50386102920497,-1.50386102920497,-1.50386102920497,-1.50386102920497,-1.50386102920497,-1.50386102920497,-1.50386102920497,-1.50386102920497,-1.50386102920497,-1.50386102920497,-1.50386102920497,-1.50386102920497,-1.50386102920497,-1.50386102920497,-1.50386102920497,-1.50386102920497,-1.50386102920497,-1.50386102920497,-1.50386102920497,-1.50386102920497,2.70062267959074,2.1965394677757,1.62712041704306,1.01278072029566,0.373935570436357,-0.268999839632015,-0.895610317006623,-1.48548066878462,-2.01819570206316,-2.47334022393939,-2.83049904151048,-3.06925696187361,-3.16919879212593,-3.10990933936458,-2.8709734106867,-2.43197581318951,-1.77250135397012,-0.872134840125687,0.289538921246601,1.7329351230496,1.7329351230496,1.7329351230496,1.7329351230496,1.7329351230496,1.7329351230496,1.7329351230496,1.7329351230496,1.7329351230496,1.7329351230496,1.7329351230496,1.7329351230496,1.7329351230496,1.7329351230496,1.7329351230496,1.7329351230496,1.7329351230496,1.7329351230496,1.7329351230496,1.7329351230496,1.7329351230496,3.8772772712993,3.0872141138575,2.29715095641569,1.5070877989739,0.717024641532108,-0.0730385159096834,-0.834098545152298,-1.45794548189445,-1.96135986012253,-2.40199071995435,-2.75925449056811,-3.03003196747046,-3.24203111020905,-3.31971406777597,-3.12661980821729,-2.63649183477875,-1.9048426133889,-0.929134930674913,0.314618729166746,1.74171115767762,1.74171115767762,1.74171115767762,1.74171115767762,1.74171115767762,1.74171115767762,1.74171115767762,1.74171115767762,1.74171115767762,1.74171115767762,1.74171115767762,1.74171115767762,1.74171115767762,1.74171115767762,1.74171115767762,1.74171115767762,1.74171115767762,1.74171115767762,1.74171115767762,1.74171115767762,1.74171115767762,1,1,1,1,1,1,1,1,1,1,1,1,0,0,0,1,1,1,1,1,1,1,1,1,1,1,1,1,1,1,1,1,1,1,1,1,1,1,1,1
-1.42401403919595,2.52556502963574,-1.49832595004627,0.704081863670002,-0.697495071289699,-1.22449218873347,1.49127500113835,-0.217800359381672,1.99313164129058,-2.24980420052733,0.350428550942475,-1.04425152738878,1.41823002502877,-0.54794115682316,0.571719153111662,-1.63316867007935,1.31909478077958,-1.78494367339578,0.334392877299905,-0.717766396645048,2.29715213776413,-0.508091874367977,1.40046697906916,0.479819885593258,-0.059872097762824,-0.471486786196659,-0.636484162379396,-0.688161835240953,-0.580460914426212,-0.0084161776552687,1.109585259133,0.214455255820216,-2.44272387875594,2.14082865065867,-0.456092228148901,0.889734286415818,-1.56203345657544,-1.63969006741132,-0.376145412651892,2.77376280867682,1.28003867836153,1.14685743265375,1.01367618694598,0.880494941238203,0.747313695530428,0.614132449822653,0.480951204114878,0.347769958407104,0.21458871269933,0.081407466991557,-0.0517737787162194,-0.184955024423992,-0.318136270131767,-0.451317515839543,-0.584498761547314,-0.71768000725509,-0.850861252962863,-0.984042498670638,-1.11722374437841,-1.25040499008619,-1.25040499008619,-1.25040499008619,-1.25040499008619,-1.25040499008619,-1.25040499008619,-1.25040499008619,-1.25040499008619,-1.25040499008619,-1.25040499008619,-1.25040499008619,-1.25040499008619,-1.25040499008619,-1.25040499008619,-1.25040499008619,-1.25040499008619,-1.25040499008619,-1.25040499008619,-1.25040499008619,-1.25040499008619,-1.25040499008619,-13.2404522956264,-9.33086128653785,-6.17030704129295,-3.68922648855616,-1.81805655699189,-0.487234175264593,0.372803727961313,0.831620224021394,0.958778384251227,0.823841279986349,0.49637198256235,0.0459335633148186,-0.457910906420706,-0.945598355308659,-1.34756571201343,-1.59424990519952,-1.61608786353129,-1.34351651567321,-0.706972790289717,0.363106383954801,0.363106383954801,0.363106383954801,0.363106383954801,0.363106383954801,0.363106383954801,0.363106383954801,0.363106383954801,0.363106383954801,0.363106383954801,0.363106383954801,0.363106383954801,0.363106383954801,0.363106383954801,0.363106383954801,0.363106383954801,0.363106383954801,0.363106383954801,0.363106383954801,0.363106383954801,0.363106383954801,1.27801936066452,1.14511267743989,1.01220599421524,0.879299310990604,0.746392627765965,0.613485944541324,0.480576097052053,0.34764752608542,0.214683334845246,0.0816697885633957,-0.0514069932774603,-0.184559683963252,-0.317790296005226,-0.451079669788639,-0.584389389298902,-0.717681560153027,-0.850938247953536,-0.984160187572515,-1.11735499262155,-1.25053430408974,-1.25053430408974,-1.25053430408974,-1.25053430408974,-1.25053430408974,-1.25053430408974,-1.25053430408974,-1.25053430408974,-1.25053430408974,-1.25053430408974,-1.25053430408974,-1.25053430408974,-1.25053430408974,-1.25053430408974,-1.25053430408974,-1.25053430408974,-1.25053430408974,-1.25053430408974,-1.25053430408974,-1.25053430408974,-1.25053430408974,1,1,1,1,1,1,1,1,1,1,1,1,1,1,1,1,1,1,1,1,1,1,1,1,1,1,1,1,1,1,1,1,1,1,1,1,1,1,1,1
-0.742330345336989,-1.29585915291305,-2.76283408076709,-0.732240062755601,-1.95909231974764,0.270034497220977,0.153512057370127,1.27805060349518,-3.02348852312093,-1.66689906979581,-0.313741325152874,0.0950373469640127,1.95599390666994,-1.17971739347349,0.394485238718016,-0.645433421267608,0.179163788741064,-0.403866139895007,1.90848318013877,2.86252019741073,0.251892085729036,-0.0431861384672043,-0.64082268421137,-0.427751029933514,-0.228627730985057,1.35893921140923,1.85338078395723,0.402368222681721,-2.23212069741255,-4.18923302732457,-2.51345014633322,-1.40547288884077,-0.148316279117878,-0.243770573841397,0.10452676015149,-0.817178543959418,-0.210172846899523,1.36457623526348,-1.12763579862722,-1.49398678444424,-2.95336130553384,-2.78733848705962,-2.6213156685854,-2.45529285011119,-2.28927003163697,-2.12324721316275,-1.95722439468853,-1.79120157621431,-1.62517875774009,-1.45915593926587,-1.29313312079165,-1.12711030231743,-0.961087483843212,-0.795064665368992,-0.629041846894772,-0.463019028420554,-0.296996209946332,-0.130973391472114,0.0350494270021056,0.201072245476324,0.201072245476324,0.201072245476324,0.201072245476324,0.201072245476324,0.201072245476324,0.201072245476324,0.201072245476324,0.201072245476324,0.201072245476324,0.201072245476324,0.201072245476324,0.201072245476324,0.201072245476324,0.201072245476324,0.201072245476324,0.201072245476324,0.201072245476324,0.201072245476324,0.201072245476324,0.201072245476324,-6.14355086631626,-4.1457184848033,-2.67707539933159,-1.67216313204698,-1.0655232050953,-0.791697140622392,-0.785226460774116,-0.980652687696296,-1.31251734353478,-1.71536195043542,-2.12372803054405,-2.4721571060065,-2.69519069896865,-2.72737033157632,-2.50323752597534,-1.95733380431157,-1.02420068873085,0.361620298620986,2.26558763559807,4.75315980005458,4.75315980005458,4.75315980005458,4.75315980005458,4.75315980005458,4.75315980005458,4.75315980005458,4.75315980005458,4.75315980005458,4.75315980005458,4.75315980005458,4.75315980005458,4.75315980005458,4.75315980005458,4.75315980005458,4.75315980005458,4.75315980005458,4.75315980005458,4.75315980005458,4.75315980005458,4.75315980005458,0.877599948037938,0.504856228896217,0.132112509754511,-0.24063120938721,-0.613374928528934,-0.986118647670649,-1.35062764572953,-1.66527175843005,-1.88554021945232,-2.00169821078591,-2.03435641791387,-1.992202729812,-1.85371300248519,-1.5974285966585,-1.22567974718927,-0.747631518887497,-0.167270278066662,0.494299490369798,1.19130100849889,1.88943147298587,1.88943147298587,1.88943147298587,1.88943147298587,1.88943147298587,1.88943147298587,1.88943147298587,1.88943147298587,1.88943147298587,1.88943147298587,1.88943147298587,1.88943147298587,1.88943147298587,1.88943147298587,1.88943147298587,1.88943147298587,1.88943147298587,1.88943147298587,1.88943147298587,1.88943147298587,1.88943147298587,1,1,1,1,1,1,1,1,1,1,1,1,1,1,1,1,1,1,1,1,1,1,1,1,1,1,1,1,1,1,1,1,1,1,1,1,1,1,1,1
1.10822505552817,-1.10324576455234,1.3229092891137,-1.61241445087975,0.825684335921852,-1.43871857257559,-0.264190150312734,-2.46190153373096,0.86475593573647,-2.9558107390344,-1.23129253978557,1.97015197672662,-1.7003076098313,-1.64476221530707,-2.43246006745411,0.732256418422356,0.698870204008498,0.225450441451811,-0.15440119298253,1.58995575109122,2.03681868125137,-0.426132062310538,0.484457921299018,0.656619349907976,0.0787041069942429,-0.742795684420422,-1.17100677819638,-0.000238975389301288,-1.28390833348716,-0.429251052820888,1.67309433083205,-0.380979210606663,0.335548472273747,0.28683965813101,-0.89412111472172,0.111476692779851,0.803513814402649,-0.0503988125122934,-3.08355164918036,0.248172476616151,0.296165228987025,0.253657479859375,0.211149730731725,0.168641981604074,0.126134232476424,0.0836264833487732,0.0411187342211257,-0.00138901490652543,-0.0438967640341765,-0.0864045131618258,-0.128912262289477,-0.171420011417126,-0.213927760544777,-0.256435509672427,-0.298943258800076,-0.341451007927727,-0.383958757055378,-0.426466506183026,-0.468974255310677,-0.511482004438328,-0.511482004438328,-0.511482004438328,-0.511482004438328,-0.511482004438328,-0.511482004438328,-0.511482004438328,-0.511482004438328,-0.511482004438328,-0.511482004438328,-0.511482004438328,-0.511482004438328,-0.511482004438328,-0.511482004438328,-0.511482004438328,-0.511482004438328,-0.511482004438328,-0.511482004438328,-0.511482004438328,-0.511482004438328,-0.511482004438328,-41.5750964716968,-30.1748789402848,-20.8457649230157,-13.4000791237216,-7.65014624623439,-3.40829099438607,-0.486838072008677,1.30188781706583,2.14556196900543,2.23185967997814,1.74845624615195,0.883026963694887,-0.176752871225073,-1.24320796243999,-2.12866301378166,-2.64544272908236,-2.60587181217385,-1.82227496688817,-0.106976897057477,2.72769769348638,2.72769769348638,2.72769769348638,2.72769769348638,2.72769769348638,2.72769769348638,2.72769769348638,2.72769769348638,2.72769769348638,2.72769769348638,2.72769769348638,2.72769769348638,2.72769769348638,2.72769769348638,2.72769769348638,2.72769769348638,2.72769769348638,2.72769769348638,2.72769769348638,2.72769769348638,2.72769769348638,-11.3167223169119,-9.47724057206887,-7.63775882722585,-5.79827708238282,-3.9587953375398,-2.11931359269678,-0.332335729597258,1.12043196185687,1.87310908493104,1.79148654141661,1.08673376402888,0.0876178463986061,-0.965041753639182,-1.85920873292523,-2.34096445730932,-2.2325602492333,-1.55310725736264,-0.468258794092813,0.835971256407959,2.22322780116683,2.22322780116683,2.22322780116683,2.22322780116683,2.22322780116683,2.22322780116683,2.22322780116683,2.22322780116683,2.22322780116683,2.22322780116683,2.22322780116683,2.22322780116683,2.22322780116683,2.22322780116683,2.22322780116683,2.22322780116683,2.22322780116683,2.22322780116683,2.22322780116683,2.22322780116683,2.22322780116683,1,1,1,1,1,1,1,1,1,1,1,1,1,1,1,1,1,1,1,1,1,1,1,1,1,1,1,1,1,1,1,1,1,1,1,1,1,1,1,1
1.40002276865559,2.22791468671731,-3.28522129642666,-1.03876465076486,-2.4544014134852,0.0460157814262416,0.454917789253826,0.0204487692994277,-0.0284029025965733,-2.82552325561526,-2.41404396611095,-1.024831011856,1.02572471185929,2.8039408540206,-1.28458019903532,-2.43408009472871,1.63608525815253,-1.80929301690988,2.98568603001218,-0.86253181018693,1.37235548755548,-2.38204711161758,0.99795229934934,-0.800850530802261,0.551856826083799,1.17223992558132,-0.805635005905931,0.237794931221156,-1.29441781530766,-0.015124765375516,-0.24470173728062,-0.488450001293575,1.73304476719203,0.842203084149395,0.00188319902013845,-2.38424730710802,0.821719885263725,1.54986946454576,-0.63398075336217,1.85510697595098,-1.7573572017086,-1.67258354323953,-1.58780988477046,-1.5030362263014,-1.41826256783233,-1.33348890936326,-1.24871525089419,-1.16394159242512,-1.07916793395606,-0.994394275486989,-0.90962061701792,-0.824846958548848,-0.740073300079782,-0.655299641610718,-0.570525983141648,-0.48575232467258,-0.400978666203512,-0.316205007734444,-0.23143134926538,-0.146657690796314,-0.146657690796314,-0.146657690796314,-0.146657690796314,-0.146657690796314,-0.146657690796314,-0.146657690796314,-0.146657690796314,-0.146657690796314,-0.146657690796314,-0.146657690796314,-0.146657690796314,-0.146657690796314,-0.146657690796314,-0.146657690796314,-0.146657690796314,-0.146657690796314,-0.146657690796314,-0.146657690796314,-0.146657690796314,-0.146657690796314,-4.95173932721384,-4.0540977770176,-3.29195923357481,-2.65410647245143,-2.12932226921342,-1.7063893994268,-1.3740906386575,-1.12120876247153,-0.936526546434855,-0.808826766113439,-0.726892197073276,-0.679505614880332,-0.6554497951006,-0.643507513300031,-0.63246154504461,-0.611094665900323,-0.568189651433158,-0.492529277209067,-0.372896318794005,-0.198073551754005,-0.198073551754005,-0.198073551754005,-0.198073551754005,-0.198073551754005,-0.198073551754005,-0.198073551754005,-0.198073551754005,-0.198073551754005,-0.198073551754005,-0.198073551754005,-0.198073551754005,-0.198073551754005,-0.198073551754005,-0.198073551754005,-0.198073551754005,-0.198073551754005,-0.198073551754005,-0.198073551754005,-0.198073551754005,-0.198073551754005,-4.75074519272614,-4.27082448230342,-3.7909037718807,-3.31098306145799,-2.83106235103527,-2.35114164061256,-1.87791828696925,-1.43785851827717,-1.03424288393152,-0.662408293516219,-0.343556078035137,-0.112264410440075,0.0101022749242006,0.0227686449281705,-0.0545168493951298,-0.194514937923705,-0.38922594112918,-0.649847533096139,-0.974582278986038,-1.33546078924524,-1.33546078924524,-1.33546078924524,-1.33546078924524,-1.33546078924524,-1.33546078924524,-1.33546078924524,-1.33546078924524,-1.33546078924524,-1.33546078924524,-1.33546078924524,-1.33546078924524,-1.33546078924524,-1.33546078924524,-1.33546078924524,-1.33546078924524,-1.33546078924524,-1.33546078924524,-1.33546078924524,-1.33546078924524,-1.33546078924524,1,1,1,1,1,1,1,1,1,1,1,1,1,1,1,1,1,1,1,1,1,1,1,1,1,1,1,1,1,1,1,1,1,1,1,1,1,1,1,1
-0.630906558305675,0.200624502936821,1.37973218526642,2.03540114600756,1.27813545159769,-1.49891544167384,-0.704677295427343,2.66015368565281,0.629904906526061,-0.493373727202554,0.890778997026251,-1.48216266979378,-0.0168875065393479,-0.679205525046289,-0.656063339418829,0.225471863072697,-0.135730545088244,2.09128118426671,0.399619587456453,-0.529755804884561,-1.24065867035277,1.15210470132914,-0.338667209887374,-1.8352984693074,1.30207122367813,-0.566659217255266,2.08515665615566,-1.22595364197604,0.893492754720691,0.806422458679529,-0.465422969986101,-0.818059592312737,0.902049950960699,2.68222910929946,-0.646767348952837,-0.401977279019437,1.28592701284196,-0.0917972992105422,-0.905933148023848,-1.34797018216857,2.56081828401422,2.23728731933922,1.91375635466422,1.59022538998922,1.26669442531422,0.943163460639217,0.619632495964217,0.296101531289217,-0.0274294333857839,-0.350960398060783,-0.674491362735782,-0.998022327410785,-1.32155329208578,-1.64508425676079,-1.96861522143579,-2.29214618611079,-2.61567715078579,-2.93920811546079,-3.26273908013579,-3.58627004481079,-3.58627004481079,-3.58627004481079,-3.58627004481079,-3.58627004481079,-3.58627004481079,-3.58627004481079,-3.58627004481079,-3.58627004481079,-3.58627004481079,-3.58627004481079,-3.58627004481079,-3.58627004481079,-3.58627004481079,-3.58627004481079,-3.58627004481079,-3.58627004481079,-3.58627004481079,-3.58627004481079,-3.58627004481079,-3.58627004481079,9.26173201620747,7.70290936716551,6.23746338672993,4.86885246178447,3.60053497921285,2.43596932589879,1.37861388872604,0.43192705457832,-0.40063278966066,-1.11560725710715,-1.70953796087743,-2.17896651408778,-2.52043452985446,-2.73048362129375,-2.80565540152192,-2.74249148365523,-2.53753348081,-2.18732300610242,-1.68840167264884,-1.03731109356548,-1.03731109356548,-1.03731109356548,-1.03731109356548,-1.03731109356548,-1.03731109356548,-1.03731109356548,-1.03731109356548,-1.03731109356548,-1.03731109356548,-1.03731109356548,-1.03731109356548,-1.03731109356548,-1.03731109356548,-1.03731109356548,-1.03731109356548,-1.03731109356548,-1.03731109356548,-1.03731109356548,-1.03731109356548,-1.03731109356548,5.06022514451022,4.42612427555432,3.79202340659844,3.15792253764254,2.52382166868665,1.88972079973076,1.24340207028813,0.540429910668722,-0.196715494523103,-0.88390421507038,-1.45459815973706,-1.89202335831458,-2.21325555858677,-2.44561429026209,-2.59765063262058,-2.64587196443525,-2.5677623867783,-2.38367072616006,-2.14779061838255,-1.9021108904787,-1.9021108904787,-1.9021108904787,-1.9021108904787,-1.9021108904787,-1.9021108904787,-1.9021108904787,-1.9021108904787,-1.9021108904787,-1.9021108904787,-1.9021108904787,-1.9021108904787,-1.9021108904787,-1.9021108904787,-1.9021108904787,-1.9021108904787,-1.9021108904787,-1.9021108904787,-1.9021108904787,-1.9021108904787,-1.9021108904787,1,1,1,1,1,1,1,1,1,1,1,0,1,1,1,0,0,1,1,1,1,1,1,1,1,1,1,1,1,1,1,1,1,1,1,1,1,1,1,1
0.841457077137484,-2.06355929973784,-0.193315188962805,-0.0212798353125132,0.574026729630078,-0.95180634607719,-1.70188299508278,-2.46301787491011,1.61676403928381,2.08504309142934,1.0445683368897,-2.8231673196076,-0.0306338960453694,-1.03725451181825,-0.75752147150005,-1.6048659750068,0.0441253230858276,-0.337225505936539,1.19598598411514,0.65334951476161,-1.76523042023335,0.0713817067921738,-3.77543602297243,2.61259474594675,-1.12871305444299,2.04376303479011,-0.744343252113191,1.2753037298987,0.560906371690383,0.773482996191957,-0.360248701529208,-0.330127871894232,-1.75395766460316,-0.990703235812076,-1.06865145806575,-1.5153080848473,0.577570658418251,0.812241543273158,-0.517069617645767,0.673790199477322,1.31088115318988,1.3311604329341,1.35143971267831,1.37171899242253,1.39199827216675,1.41227755191097,1.43255683165519,1.4528361113994,1.47311539114362,1.49339467088784,1.51367395063206,1.53395323037628,1.55423251012049,1.57451178986472,1.59479106960893,1.61507034935315,1.63534962909737,1.65562890884158,1.6759081885858,1.69618746833002,1.69618746833002,1.69618746833002,1.69618746833002,1.69618746833002,1.69618746833002,1.69618746833002,1.69618746833002,1.69618746833002,1.69618746833002,1.69618746833002,1.69618746833002,1.69618746833002,1.69618746833002,1.69618746833002,1.69618746833002,1.69618746833002,1.69618746833002,1.69618746833002,1.69618746833002,1.69618746833002,-10.6712626921949,-7.07058233606077,-4.19247784567697,-1.96386397868973,-0.311655492745244,0.837232854510287,1.55588630543067,1.91739010236971,1.9948294876812,1.86128970371895,1.58985599283677,1.25361359738844,0.925647759727793,0.679043722208611,0.586886727184691,0.722262017009857,1.15825483403789,1.96795042062264,3.22443401911785,5.00079087187735,5.00079087187735,5.00079087187735,5.00079087187735,5.00079087187735,5.00079087187735,5.00079087187735,5.00079087187735,5.00079087187735,5.00079087187735,5.00079087187735,5.00079087187735,5.00079087187735,5.00079087187735,5.00079087187735,5.00079087187735,5.00079087187735,5.00079087187735,5.00079087187735,5.00079087187735,5.00079087187735,2.88786451767545,2.67936120519599,2.47085789271652,2.26235458023706,2.0538512677576,1.84534795527813,1.64399017869156,1.48023135450868,1.36290045668738,1.26476083566715,1.15805954752401,1.05206868856448,0.992138353414942,1.03078957046139,1.20255678168285,1.50972062348553,1.91523222614911,2.35572554981684,2.77958782575804,3.17830333801602,3.17830333801602,3.17830333801602,3.17830333801602,3.17830333801602,3.17830333801602,3.17830333801602,3.17830333801602,3.17830333801602,3.17830333801602,3.17830333801602,3.17830333801602,3.17830333801602,3.17830333801602,3.17830333801602,3.17830333801602,3.17830333801602,3.17830333801602,3.17830333801602,3.17830333801602,3.17830333801602,1,1,1,1,1,1,1,1,1,1,1,1,1,1,1,1,1,1,1,1,1,1,1,1,1,1,1,1,1,1,1,1,1,1,1,1,1,1,1,1
-1.42523831154488,-2.02032020285382,2.10158841271129,-0.686535097407952,0.386669639061077,-0.879381415789272,-0.845200267034142,-0.45134913688107,-0.708307885500581,1.04997104052039,-0.848270305616637,1.15901618260247,1.21834496629957,-0.113368008103967,-0.264915624365786,-0.596988790890562,1.29974082724639,-0.04577785390134,0.482014954025059,-1.12638856925362,0.152842102807446,-1.4722918866282,0.661916037474315,-0.20872961577721,0.23475056232863,-2.64622976792181,0.281020510102467,0.126122418337786,-1.06215171089013,-0.529524094518036,-0.160181734937979,-0.204227113092923,2.02517489004846,0.497998455093022,1.32380408141066,0.289501745362541,-1.20058416147992,-1.92484118552651,-0.115885205332178,0.653380436156194,-1.17950787458131,-1.03259445557596,-0.885681036570611,-0.738767617565263,-0.591854198559916,-0.444940779554566,-0.298027360549218,-0.151113941543869,-0.00420052253851999,0.142712896466829,0.289626315472177,0.436539734477522,0.583453153482875,0.73036657248822,0.87727999149357,1.02419341049892,1.17110682950427,1.31802024850962,1.46493366751497,1.61184708652031,1.61184708652031,1.61184708652031,1.61184708652031,1.61184708652031,1.61184708652031,1.61184708652031,1.61184708652031,1.61184708652031,1.61184708652031,1.61184708652031,1.61184708652031,1.61184708652031,1.61184708652031,1.61184708652031,1.61184708652031,1.61184708652031,1.61184708652031,1.61184708652031,1.61184708652031,1.61184708652031,6.65010936971639,4.76145552135606,3.22049783099474,1.99740609604048,1.06235011390128,0.385499681985157,-0.062975402299859,-0.312905341545753,-0.3941203383445,-0.33645059528809,-0.169726314968507,0.0762223000222875,0.371565047092293,0.686471723649566,0.991112127102065,1.25565605485786,1.45027330432495,1.54513367291135,1.51040695802508,1.3162629570742,1.3162629570742,1.3162629570742,1.3162629570742,1.3162629570742,1.3162629570742,1.3162629570742,1.3162629570742,1.3162629570742,1.3162629570742,1.3162629570742,1.3162629570742,1.3162629570742,1.3162629570742,1.3162629570742,1.3162629570742,1.3162629570742,1.3162629570742,1.3162629570742,1.3162629570742,1.3162629570742,-0.686020647100698,-0.605298545003174,-0.524576442905651,-0.443854340808128,-0.363132238710608,-0.282410136613087,-0.201536527804349,-0.119685714311981,-0.035022638249707,0.0571073235051092,0.16319818013905,0.288411419924863,0.436796209036755,0.611410552542115,0.810527653482223,1.02771697849947,1.2576638563994,1.49708001129613,1.74104869794366,1.98520127884107,1.98520127884107,1.98520127884107,1.98520127884107,1.98520127884107,1.98520127884107,1.98520127884107,1.98520127884107,1.98520127884107,1.98520127884107,1.98520127884107,1.98520127884107,1.98520127884107,1.98520127884107,1.98520127884107,1.98520127884107,1.98520127884107,1.98520127884107,1.98520127884107,1.98520127884107,1.98520127884107,1,1,1,1,1,1,1,1,1,1,1,1,1,1,1,1,1,1,1,1,1,1,1,1,1,1,1,1,1,1,1,1,1,1,1,1,1,1,1,1
-2.0755670947757,-1.32057834315935,0.422685036097609,-1.49408381056479,-0.170908490270546,-3.00825255309357,0.621608601431234,-1.55381342861029,-1.26324786685368,0.324687421535703,-0.898618046495564,1.58970331353924,-0.357109225202628,-0.687460257932802,0.132213568644874,0.483062285926493,-1.03338919302117,1.04039266606365,0.921648385497299,-1.79273378886094,1.66397289433683,-3.06112021800508,-0.453972154360386,-1.82550899037979,0.810015110811204,1.5714028267065,-0.529653879027306,-2.28921926762537,-1.88966901253387,0.115839988676125,1.71730233539859,-0.384649731841266,-0.656699310779675,-0.180794890553644,-1.76094969195304,-1.05167016809912,0.976987344215715,-2.06489723272793,-0.840952580123103,1.95051129199939,3.83860929807221,3.55130303916973,3.26399678026725,2.97669052136477,2.68938426246229,2.40207800355981,2.11477174465733,1.82746548575485,1.54015922685237,1.25285296794989,0.965546709047407,0.678240450144928,0.390934191242447,0.103627932339968,-0.183678326562514,-0.470984585464993,-0.758290844367474,-1.04559710326995,-1.33290336217244,-1.62020962107492,-1.62020962107492,-1.62020962107492,-1.62020962107492,-1.62020962107492,-1.62020962107492,-1.62020962107492,-1.62020962107492,-1.62020962107492,-1.62020962107492,-1.62020962107492,-1.62020962107492,-1.62020962107492,-1.62020962107492,-1.62020962107492,-1.62020962107492,-1.62020962107492,-1.62020962107492,-1.62020962107492,-1.62020962107492,-1.62020962107492,16.8906074493768,13.415784722433,10.4397973088413,7.92431765716418,5.83101821596408,4.12157143380341,2.75764975924461,1.70092564085015,0.913071527182437,0.355759866803913,-0.00933689172297214,-0.220546299835794,-0.316195908972144,-0.334613270569498,-0.314125936065485,-0.293061456897624,-0.309747384503513,-0.402511270320717,-0.609680665786783,-0.969583122339271,-0.969583122339271,-0.969583122339271,-0.969583122339271,-0.969583122339271,-0.969583122339271,-0.969583122339271,-0.969583122339271,-0.969583122339271,-0.969583122339271,-0.969583122339271,-0.969583122339271,-0.969583122339271,-0.969583122339271,-0.969583122339271,-0.969583122339271,-0.969583122339271,-0.969583122339271,-0.969583122339271,-0.969583122339271,-0.969583122339271,4.75483507648386,4.34097471005032,3.92711434361679,3.51325397718326,3.09939361074972,2.68553324431619,2.27390333515022,1.87404219798197,1.49027679262263,1.12190902982697,0.769331136641465,0.433486360211189,0.118520506560245,-0.16037179091766,-0.382285271878882,-0.54076935118899,-0.652605353822659,-0.742932679769252,-0.82746725368364,-0.910930519176086,-0.910930519176086,-0.910930519176086,-0.910930519176086,-0.910930519176086,-0.910930519176086,-0.910930519176086,-0.910930519176086,-0.910930519176086,-0.910930519176086,-0.910930519176086,-0.910930519176086,-0.910930519176086,-0.910930519176086,-0.910930519176086,-0.910930519176086,-0.910930519176086,-0.910930519176086,-0.910930519176086,-0.910930519176086,-0.910930519176086,1,1,1,1,1,1,1,1,1,1,1,1,1,1,1,1,1,1,1,1,1,1,1,1,1,1,1,1,1,1,1,1,1,1,1,1,1,1,1,1
-0.310831290503427,-1.8009757515273,0.122106651699146,-1.43866909141607,2.2739719622939,-0.0521029834893536,-3.23436991459359,-2.62002354185642,0.493592476136813,1.56175948465508,0.0849043239968061,-3.03218418853734,-2.40212174666792,-0.441174885382939,0.606349108217453,0.556318992635154,2.28146434648882,0.52410845364532,1.27617020838662,-0.143943434392813,-1.04867534777833,0.489074114761124,-0.493167818208613,1.61629742429187,0.726678146213388,-1.63553790305888,0.426271630576206,-1.97814174267916,1.19910244678489,-3.08202120648563,0.490634030158308,-0.766776025916965,-2.04210041853513,0.860956580279895,1.89028138226508,0.705285844505372,-0.85885054920996,0.899587237102557,1.41574335167752,-0.106958849712122,0.524085515866825,0.365491310059619,0.206897104252413,0.0483028984452059,-0.110291307362,-0.268885513169207,-0.427479718976413,-0.586073924783621,-0.744668130590826,-0.903262336398033,-1.06185654220524,-1.22045074801245,-1.37904495381965,-1.53763915962686,-1.69623336543407,-1.85482757124127,-2.01342177704848,-2.17201598285568,-2.33061018866289,-2.4892043944701,-2.4892043944701,-2.4892043944701,-2.4892043944701,-2.4892043944701,-2.4892043944701,-2.4892043944701,-2.4892043944701,-2.4892043944701,-2.4892043944701,-2.4892043944701,-2.4892043944701,-2.4892043944701,-2.4892043944701,-2.4892043944701,-2.4892043944701,-2.4892043944701,-2.4892043944701,-2.4892043944701,-2.4892043944701,-2.4892043944701,-3.70524133534282,-3.09377412495768,-2.553386538629,-2.08288131575907,-1.68106119575015,-1.34672891800453,-1.07868722192449,-0.875738846912317,-0.736686532370284,-0.660333017700667,-0.645481042305759,-0.690933345587823,-0.795492666949146,-0.957961745792021,-1.1771433215187,-1.4518401335315,-1.78085492123267,-2.1629904240245,-2.59704938130927,-3.08183453248926,-3.08183453248926,-3.08183453248926,-3.08183453248926,-3.08183453248926,-3.08183453248926,-3.08183453248926,-3.08183453248926,-3.08183453248926,-3.08183453248926,-3.08183453248926,-3.08183453248926,-3.08183453248926,-3.08183453248926,-3.08183453248926,-3.08183453248926,-3.08183453248926,-3.08183453248926,-3.08183453248926,-3.08183453248926,-3.08183453248926,-3.60583161308317,-3.2228388566937,-2.83984610030424,-2.45685334391477,-2.0738605875253,-1.69086783113584,-1.30730686346529,-0.927229592709027,-0.588101037301128,-0.355357976017544,-0.270801692938051,-0.322291764513983,-0.485103691041967,-0.763618987916642,-1.16056571930053,-1.63807071054768,-2.14331834208646,-2.64807847430981,-3.14590014044138,-3.63765203467587,-3.63765203467587,-3.63765203467587,-3.63765203467587,-3.63765203467587,-3.63765203467587,-3.63765203467587,-3.63765203467587,-3.63765203467587,-3.63765203467587,-3.63765203467587,-3.63765203467587,-3.63765203467587,-3.63765203467587,-3.63765203467587,-3.63765203467587,-3.63765203467587,-3.63765203467587,-3.63765203467587,-3.63765203467587,-3.63765203467587,1,1,1,1,1,1,1,1,1,1,1,1,1,1,1,1,1,1,1,1,1,1,1,1,1,1,1,1,1,1,1,1,1,1,1,1,1,1,1,1
-0.633889240839217,-3.684679027865,1.37989368862725,-1.24848743768079,0.790475095219457,3.34885015876405,-0.245719002899479,0.291344013732434,2.6633801244557,-1.32140598136471,0.854000063185081,-0.566532316714772,0.561539420937324,0.500283935701814,-2.51479186824471,0.299031726365206,-1.55749632725746,0.394921958873628,-1.18149287264607,1.15892661140553,0.17240091612824,0.465776819003066,-0.616894341916899,0.221271161434537,0.730640529588561,-2.04553954079253,1.09204612042243,1.3149557383185,1.27234448175035,2.32645076736485,-0.876135344949974,2.24886903769229,2.04018825880071,-1.68584168011786,1.8193084004526,-1.64146599890318,-2.73417222359145,-0.840111569047751,-1.62571784789278,0.721097252852894,4.51855705779672,4.20827321897704,3.89798938015736,3.58770554133769,3.27742170251801,2.96713786369833,2.65685402487865,2.34657018605897,2.03628634723929,1.72600250841961,1.41571866959993,1.10543483078025,0.795150991960572,0.48486715314089,0.174583314321213,-0.135700524498466,-0.445984363318145,-0.756268202137825,-1.0665520409575,-1.37683587977718,-1.37683587977718,-1.37683587977718,-1.37683587977718,-1.37683587977718,-1.37683587977718,-1.37683587977718,-1.37683587977718,-1.37683587977718,-1.37683587977718,-1.37683587977718,-1.37683587977718,-1.37683587977718,-1.37683587977718,-1.37683587977718,-1.37683587977718,-1.37683587977718,-1.37683587977718,-1.37683587977718,-1.37683587977718,-1.37683587977718,-1.10945280777001,0.376042738812162,1.4783300013653,2.23762583517739,2.69414709553644,2.88811063773045,2.85973331704743,2.64923198877538,2.29682350820229,1.84272473061616,1.32715251130501,0.790323705556833,0.272455168659624,-0.186236244098609,-0.545533677429866,-0.765220276046151,-0.80507918465945,-0.624893547981772,-0.18444651072511,0.556478782398543,0.556478782398543,0.556478782398543,0.556478782398543,0.556478782398543,0.556478782398543,0.556478782398543,0.556478782398543,0.556478782398543,0.556478782398543,0.556478782398543,0.556478782398543,0.556478782398543,0.556478782398543,0.556478782398543,0.556478782398543,0.556478782398543,0.556478782398543,0.556478782398543,0.556478782398543,0.556478782398543,5.75647704069801,5.29542388652048,4.83437073234295,4.37331757816541,3.91226442398788,3.45121126981035,2.98957908713939,2.52460142622594,2.05228527127629,1.56602480346473,1.07213069957002,0.606756743486191,0.21612190693507,-0.0748316749033595,-0.261418289497971,-0.350480398381519,-0.369774583582153,-0.361353176513296,-0.351990588094084,-0.34550028509905,-0.34550028509905,-0.34550028509905,-0.34550028509905,-0.34550028509905,-0.34550028509905,-0.34550028509905,-0.34550028509905,-0.34550028509905,-0.34550028509905,-0.34550028509905,-0.34550028509905,-0.34550028509905,-0.34550028509905,-0.34550028509905,-0.34550028509905,-0.34550028509905,-0.34550028509905,-0.34550028509905,-0.34550028509905,-0.34550028509905,1,1,1,1,1,1,1,1,1,1,1,1,1,1,1,1,1,1,1,1,1,1,1,1,1,1,1,1,1,1,1,1,1,1,1,1,1,1,1,1
1.32924590856394,-0.183955823191515,-0.606660271467653,-1.53315204001622,3.39928940019792,1.3236664694894,-0.976021891256319,1.40108786443354,1.2054288417318,1.18784736719328,-2.11630215772322,-1.01930886093108,-0.530667077005242,-1.51794794085292,0.552571470489069,1.01387122275429,-0.0466033431327908,0.414242159158146,1.5864052427484,0.33293635018596,-1.18707890008031,0.142358295627005,-1.45754558893465,-1.24995058880513,2.03348524870889,-0.655744066406493,0.0450749092459404,1.14620067284971,-1.13933588629223,0.834912349015763,1.3345132242592,0.708047833318219,-1.62009302886432,3.14146029298969,-1.0883259001557,-0.190428324514688,1.2385601345428,-2.1205734718813,1.9117123073104,-1.56885613524045,1.36930868364604,1.27790829592226,1.18650790819847,1.09510752047468,1.00370713275089,0.912306745027108,0.820906357303321,0.729505969579535,0.638105581855747,0.546705194131958,0.455304806408172,0.363904418684385,0.272504030960597,0.181103643236812,0.0897032555130242,-0.00169713221076506,-0.0930975199345543,-0.184497907658342,-0.275898295382122,-0.367298683105911,-0.367298683105911,-0.367298683105911,-0.367298683105911,-0.367298683105911,-0.367298683105911,-0.367298683105911,-0.367298683105911,-0.367298683105911,-0.367298683105911,-0.367298683105911,-0.367298683105911,-0.367298683105911,-0.367298683105911,-0.367298683105911,-0.367298683105911,-0.367298683105911,-0.367298683105911,-0.367298683105911,-0.367298683105911,-0.367298683105911,-15.9619336365703,-11.5577712465283,-7.934349734524,-5.02268772414174,-2.75380383896576,-1.05871670258031,0.131555061430365,0.885992829482015,1.27357797799038,1.36329188337123,1.22411592204029,0.925031470413323,0.535019904906076,0.123062601934288,-0.24185906208627,-0.490763710739866,-0.554669967610742,-0.364596456283154,0.148438199658646,1.05341537663041,1.05341537663041,1.05341537663041,1.05341537663041,1.05341537663041,1.05341537663041,1.05341537663041,1.05341537663041,1.05341537663041,1.05341537663041,1.05341537663041,1.05341537663041,1.05341537663041,1.05341537663041,1.05341537663041,1.05341537663041,1.05341537663041,1.05341537663041,1.05341537663041,1.05341537663041,1.05341537663041,-0.337059873894098,-0.167432531842874,0.0021948102083531,0.171822152259575,0.341449494310798,0.511076836362024,0.667795989088111,0.751996358042149,0.720946844828985,0.584564485780989,0.395116435878769,0.218046099239773,0.0974334403948234,0.0417033699010556,0.0413461997197775,0.0844478835063427,0.149419755885553,0.205556913711087,0.235066251898441,0.244831549210069,0.244831549210069,0.244831549210069,0.244831549210069,0.244831549210069,0.244831549210069,0.244831549210069,0.244831549210069,0.244831549210069,0.244831549210069,0.244831549210069,0.244831549210069,0.244831549210069,0.244831549210069,0.244831549210069,0.244831549210069,0.244831549210069,0.244831549210069,0.244831549210069,0.244831549210069,0.244831549210069,1,1,1,1,1,1,1,1,1,1,1,1,1,1,1,1,1,1,1,1,1,1,1,1,1,1,1,1,1,1,1,1,1,1,1,1,1,1,1,1
-0.468977665619299,-1.01002095931173,-2.28954397725641,-1.4991722796171,-1.14425910310716,-0.173635908177191,1.14559361619762,-1.25439104963536,0.641664593544386,2.99174650465979,0.321450460063922,1.61632977220468,-0.744270811448695,0.761184880958753,-0.371892640735158,0.786256440532602,1.72318051622926,-1.87453250489831,0.841647155259038,0.0798769354363724,-0.131590840510999,1.45645585089494,0.355534425122853,-2.72048660466378,0.834646581527149,-0.473817891381698,0.0433993570967584,-1.03711683091632,-0.292904189000893,-0.686918314244457,1.69682922905883,1.83604491440417,1.43176156345729,-1.83330494792957,-2.15084725245016,-1.26334332072289,0.256273357608862,-2.29687010093547,-0.944354947616784,-1.21124955569484,0.440083956287509,0.458437760419688,0.47679156455187,0.495145368684048,0.513499172816227,0.531852976948407,0.550206781080586,0.568560585212767,0.586914389344946,0.605268193477125,0.623621997609304,0.641975801741484,0.660329605873663,0.678683410005844,0.697037214138025,0.715391018270203,0.733744822402382,0.75209862653456,0.770452430666742,0.788806234798921,0.788806234798921,0.788806234798921,0.788806234798921,0.788806234798921,0.788806234798921,0.788806234798921,0.788806234798921,0.788806234798921,0.788806234798921,0.788806234798921,0.788806234798921,0.788806234798921,0.788806234798921,0.788806234798921,0.788806234798921,0.788806234798921,0.788806234798921,0.788806234798921,0.788806234798921,0.788806234798921,-18.8186949447855,-13.3440806478121,-8.89974155861116,-5.38819813843278,-2.71197084852688,-0.77358015014343,0.524453495467622,1.27960962705632,1.58936778337269,1.55120750316677,1.2626083251886,0.821049788188235,0.324011430915688,-0.13102720787899,-0.446586589445776,-0.525187175034597,-0.269349425895429,0.418406196721737,1.63555923156697,3.47958921739026,3.47958921739026,3.47958921739026,3.47958921739026,3.47958921739026,3.47958921739026,3.47958921739026,3.47958921739026,3.47958921739026,3.47958921739026,3.47958921739026,3.47958921739026,3.47958921739026,3.47958921739026,3.47958921739026,3.47958921739026,3.47958921739026,3.47958921739026,3.47958921739026,3.47958921739026,3.47958921739026,0.449703461121914,0.46682023264295,0.483937004163987,0.501053775685023,0.518170547206056,0.535287318727095,0.552398460677866,0.569492018809502,0.586615563812286,0.603829039837647,0.621188432014106,0.638826783469767,0.656935165406166,0.675632168354568,0.694923498780348,0.714743681484714,0.734952312704984,0.755350534643327,0.775781738016544,0.796195520817539,0.796195520817539,0.796195520817539,0.796195520817539,0.796195520817539,0.796195520817539,0.796195520817539,0.796195520817539,0.796195520817539,0.796195520817539,0.796195520817539,0.796195520817539,0.796195520817539,0.796195520817539,0.796195520817539,0.796195520817539,0.796195520817539,0.796195520817539,0.796195520817539,0.796195520817539,0.796195520817539,1,1,1,1,1,1,1,1,1,1,1,1,1,1,1,1,1,1,1,1,1,1,1,1,1,1,1,1,1,1,1,1,1,1,1,1,1,1,1,1
-1.72733112188803,-0.851978735562209,-0.541134989401,0.825580064929105,0.679883298758597,-2.10657232667351,0.60475133113218,-1.02821566734645,1.4704216491602,-0.37857945707662,1.73889471255345,0.0327935729361517,-0.0269243643666286,0.462726998502632,-0.113351100096532,1.56701641032736,3.37380543654447,0.85882228094815,-0.256960348561064,0.0549083108380408,-0.140533378091517,-0.387260832328341,-0.691689072854562,-2.58129595005872,0.2860309596061,-0.839820098526038,-1.13426581204159,1.2668919321091,1.94162420910815,-2.25120885347802,0.469695042037193,2.94082790110096,-0.752270858338735,0.918140050024251,3.52923001043539,-0.0891003490027487,-1.00214780118804,0.422969401302881,1.97969639022165,-0.445527378248519,-0.426846877544373,-0.242511604621198,-0.0581763316980215,0.126158941225155,0.310494214148331,0.494829487071508,0.679164759994682,0.863500032917859,1.04783530584103,1.23217057876421,1.41650585168739,1.60084112461056,1.78517639753374,1.96951167045691,2.15384694338009,2.33818221630327,2.52251748922644,2.70685276214962,2.8911880350728,3.07552330799597,3.07552330799597,3.07552330799597,3.07552330799597,3.07552330799597,3.07552330799597,3.07552330799597,3.07552330799597,3.07552330799597,3.07552330799597,3.07552330799597,3.07552330799597,3.07552330799597,3.07552330799597,3.07552330799597,3.07552330799597,3.07552330799597,3.07552330799597,3.07552330799597,3.07552330799597,3.07552330799597,-1.9186923280657,-1.02189947270203,-0.322265207363078,0.2044906649452,0.582648341216838,0.83648801844587,0.99028989362633,1.06833416375225,1.09490102581768,1.09427067681663,1.09072331374315,1.10853913359128,1.17199833335505,1.30538111002849,1.53296766060564,1.87903818208052,2.36787287144719,3.02375192569966,3.870955541832,4.93376391683821,4.93376391683821,4.93376391683821,4.93376391683821,4.93376391683821,4.93376391683821,4.93376391683821,4.93376391683821,4.93376391683821,4.93376391683821,4.93376391683821,4.93376391683821,4.93376391683821,4.93376391683821,4.93376391683821,4.93376391683821,4.93376391683821,4.93376391683821,4.93376391683821,4.93376391683821,4.93376391683821,2.7294710398132,2.5049715124406,2.28047198506799,2.05597245769538,1.83147293032278,1.60697340295019,1.38101274149973,1.1507113140803,0.933256708028292,0.766971654547781,0.698228892117422,0.761640019655509,0.951553756831187,1.22148903024078,1.53856459910725,1.93163716189963,2.46043475528708,3.14320891789179,3.9354528321129,4.77290244230598,4.77290244230598,4.77290244230598,4.77290244230598,4.77290244230598,4.77290244230598,4.77290244230598,4.77290244230598,4.77290244230598,4.77290244230598,4.77290244230598,4.77290244230598,4.77290244230598,4.77290244230598,4.77290244230598,4.77290244230598,4.77290244230598,4.77290244230598,4.77290244230598,4.77290244230598,4.77290244230598,1,1,1,1,1,1,1,1,1,1,1,1,1,1,1,1,1,1,0,1,1,1,1,1,1,1,1,1,1,1,1,1,1,1,1,1,1,1,1,1
2.4417588527606,2.27898040698998,3.42121263702365,-0.620176084884629,1.15769963605435,-0.583398974284012,-1.14649511276977,-1.85309164137528,0.466983344704632,3.84878075978323,-0.362045601673367,0.778299943757261,0.587478855887626,0.538672118274691,0.974098147203042,1.7933319476956,0.208973411322853,-0.455710226885786,-1.15395945800319,2.18936545945554,2.58414356101904,1.31288525829929,-0.0557221559130436,0.142303932598999,2.00757109168601,0.636851738313901,-0.356692208593653,-1.24797186940735,-1.19498880668272,-2.13176195121754,-0.438182463361782,2.07322808729737,0.866791423508333,-0.685577103734794,1.23484335518647,-0.622852844419615,1.79886967067193,-2.2080020185027,0.985683470604153,-1.27227234869184,0.297973071297261,0.374686694731284,0.451400318165307,0.528113941599333,0.604827565033355,0.681541188467378,0.758254811901404,0.834968435335426,0.911682058769449,0.988395682203471,1.0651093056375,1.14182292907152,1.21853655250555,1.29525017593957,1.37196379937359,1.44867742280762,1.52539104624164,1.60210466967566,1.67881829310969,1.75553191654371,1.75553191654371,1.75553191654371,1.75553191654371,1.75553191654371,1.75553191654371,1.75553191654371,1.75553191654371,1.75553191654371,1.75553191654371,1.75553191654371,1.75553191654371,1.75553191654371,1.75553191654371,1.75553191654371,1.75553191654371,1.75553191654371,1.75553191654371,1.75553191654371,1.75553191654371,1.75553191654371,-4.4644928618399,-2.74577166991906,-1.39319513279163,-0.367410518303558,0.370934905699242,0.86119387137083,1.14271911086529,1.25486335633668,1.23697933993909,1.12841979382658,0.968537450153208,0.79668504107306,0.652215298740224,0.574480955308754,0.602834742932718,0.776629393766182,1.13521763996325,1.71795221367796,2.56418584706438,3.71327127227663,3.71327127227663,3.71327127227663,3.71327127227663,3.71327127227663,3.71327127227663,3.71327127227663,3.71327127227663,3.71327127227663,3.71327127227663,3.71327127227663,3.71327127227663,3.71327127227663,3.71327127227663,3.71327127227663,3.71327127227663,3.71327127227663,3.71327127227663,3.71327127227663,3.71327127227663,3.71327127227663,0.320949670336545,0.394519711818093,0.46808975329964,0.541659794781191,0.615229836262737,0.688799877744289,0.76241542368667,0.836285167879597,0.91056024563462,0.985272732823743,1.06049999525688,1.13644007462957,1.21323384318762,1.29080351204226,1.36896524791675,1.44761862231892,1.52673845846689,1.60626237635755,1.6860659050269,1.76600374154112,1.76600374154112,1.76600374154112,1.76600374154112,1.76600374154112,1.76600374154112,1.76600374154112,1.76600374154112,1.76600374154112,1.76600374154112,1.76600374154112,1.76600374154112,1.76600374154112,1.76600374154112,1.76600374154112,1.76600374154112,1.76600374154112,1.76600374154112,1.76600374154112,1.76600374154112,1.76600374154112,1,1,1,1,1,1,1,1,1,1,1,1,1,1,1,1,1,1,1,1,1,1,1,1,1,1,1,1,1,1,1,1,1,1,1,1,1,1,1,1
-1.14154878404671,0.455566142598098,1.83232616224298,0.582011392231523,-0.193347902101679,0.616465574946012,2.64010196529695,1.34433813673522,0.607172825846737,0.48731696978434,0.181057707131517,0.224530297062337,-0.706342373183396,4.2204611614324,1.14223774256211,0.467254026329952,-0.930857329245894,0.847588421033942,-0.780054885717,1.222713179558,0.489913126884725,1.4593913796291,1.89707670758625,0.866971150231853,0.884231708170232,-0.783850950863421,0.943040545990479,-0.363972386886148,0.938695357920414,1.50442024920089,-0.451187232221118,1.67286226683748,-3.04151578114534,-2.22070025865707,-0.783458337134732,0.363237257298797,1.16023618097433,0.628981772670924,-1.39549861488138,-0.691466058065478,1.64813890763963,1.51053353957434,1.37292817150905,1.23532280344376,1.09771743537847,0.96011206731318,0.822506699247887,0.684901331182596,0.547295963117305,0.409690595052012,0.272085226986723,0.134479858921431,-0.00312550914386023,-0.140730877209153,-0.278336245274444,-0.415941613339735,-0.553546981405026,-0.691152349470316,-0.828757717535607,-0.9663630856009,-0.9663630856009,-0.9663630856009,-0.9663630856009,-0.9663630856009,-0.9663630856009,-0.9663630856009,-0.9663630856009,-0.9663630856009,-0.9663630856009,-0.9663630856009,-0.9663630856009,-0.9663630856009,-0.9663630856009,-0.9663630856009,-0.9663630856009,-0.9663630856009,-0.9663630856009,-0.9663630856009,-0.9663630856009,-0.9663630856009,-19.381196463061,-14.5167638135817,-10.4191947038421,-7.03039993498377,-4.29229030814823,-2.14677662447694,-0.535769685111438,0.598819708806801,1.31508075613628,1.67110265573548,1.72497460646292,1.53478580717709,1.15862545673649,0.654582753999625,0.0807468978249872,-0.504792912928922,-1.04394747940356,-1.47862760274048,-1.75074408408116,-1.80220772456714,-1.80220772456714,-1.80220772456714,-1.80220772456714,-1.80220772456714,-1.80220772456714,-1.80220772456714,-1.80220772456714,-1.80220772456714,-1.80220772456714,-1.80220772456714,-1.80220772456714,-1.80220772456714,-1.80220772456714,-1.80220772456714,-1.80220772456714,-1.80220772456714,-1.80220772456714,-1.80220772456714,-1.80220772456714,-1.80220772456714,-2.5119228405386,-2.1445234532804,-1.77712406602221,-1.40972467876401,-1.04232529150582,-0.674925904247626,-0.300139812307879,0.102731906152162,0.49686625761249,0.841374082551132,1.13638995124702,1.35089293962495,1.39523136638194,1.20471605355786,0.784982131775353,0.17998543746522,-0.542325069744221,-1.29530639895474,-2.01841127728616,-2.70889810219368,-2.70889810219368,-2.70889810219368,-2.70889810219368,-2.70889810219368,-2.70889810219368,-2.70889810219368,-2.70889810219368,-2.70889810219368,-2.70889810219368,-2.70889810219368,-2.70889810219368,-2.70889810219368,-2.70889810219368,-2.70889810219368,-2.70889810219368,-2.70889810219368,-2.70889810219368,-2.70889810219368,-2.70889810219368,-2.70889810219368,1,1,1,1,1,1,1,1,1,1,1,1,1,1,1,1,1,1,1,1,1,1,1,1,1,1,1,1,1,1,1,1,1,1,1,1,1,1,1,1
-2.89329004557565,-0.137918923107157,-1.06903390353654,1.39652671884116,0.97845684161298,-0.566721497906362,-1.2631793000307,-0.340607815483629,-0.845787065281367,-0.0263770032740567,0.533956877546848,0.834011067645545,-2.80999912719464,-1.72374723397258,0.0103105573546802,-1.02064284245493,0.154685765745175,-1.01107801429608,-3.28538519503449,1.26152169257623,2.66869723785968,0.447050812375613,-0.431411292372365,2.18911157831821,1.51869989513807,0.628376191818088,1.26890487023341,0.314820024349148,1.27033077816847,-0.342626857625607,-0.804445900057114,-0.710749978291032,0.690233668410212,0.499615391263642,-0.210015717951391,-0.652365332494897,1.4264914940852,-1.12401233440395,2.07967852389952,0.453234612791658,0.787997739464197,0.636659487636841,0.485321235809485,0.333982983982128,0.182644732154771,0.0313064803274159,-0.120031771499939,-0.271370023327298,-0.422708275154651,-0.574046526982009,-0.725384778809365,-0.87672303063672,-1.02806128246408,-1.17939953429143,-1.33073778611879,-1.48207603794615,-1.6334142897735,-1.78475254160086,-1.93609079342821,-2.08742904525557,-2.08742904525557,-2.08742904525557,-2.08742904525557,-2.08742904525557,-2.08742904525557,-2.08742904525557,-2.08742904525557,-2.08742904525557,-2.08742904525557,-2.08742904525557,-2.08742904525557,-2.08742904525557,-2.08742904525557,-2.08742904525557,-2.08742904525557,-2.08742904525557,-2.08742904525557,-2.08742904525557,-2.08742904525557,-2.08742904525557,34.0897472082326,24.5689324174218,16.7896525907018,10.5909180056772,5.8117389399524,2.29112567113204,-0.131911523179408,-1.61836236537743,-2.32921657785751,-2.4254638830151,-2.06809400324571,-1.41809666094481,-0.636461578507859,0.115821521669611,0.67776291719219,0.8883728856643,0.586661704690574,-0.388360348124563,-2.19768299517652,-5.00229595886081,-5.00229595886081,-5.00229595886081,-5.00229595886081,-5.00229595886081,-5.00229595886081,-5.00229595886081,-5.00229595886081,-5.00229595886081,-5.00229595886081,-5.00229595886081,-5.00229595886081,-5.00229595886081,-5.00229595886081,-5.00229595886081,-5.00229595886081,-5.00229595886081,-5.00229595886081,-5.00229595886081,-5.00229595886081,-5.00229595886081,8.39378818762487,7.00406531043,5.61434243323512,4.22461955604025,2.83489667884539,1.44517380165052,0.0698237164443611,-1.1656306203382,-1.93064188834762,-2.02542619523784,-1.65351493732732,-1.16105955551247,-0.702035821428954,-0.286828295762653,0.0220323143178334,0.0731822066451802,-0.25559956344318,-0.90211556045308,-1.63524058597183,-2.30676402881133,-2.30676402881133,-2.30676402881133,-2.30676402881133,-2.30676402881133,-2.30676402881133,-2.30676402881133,-2.30676402881133,-2.30676402881133,-2.30676402881133,-2.30676402881133,-2.30676402881133,-2.30676402881133,-2.30676402881133,-2.30676402881133,-2.30676402881133,-2.30676402881133,-2.30676402881133,-2.30676402881133,-2.30676402881133,-2.30676402881133,1,1,1,1,1,1,1,1,1,1,1,1,1,1,1,1,1,1,1,1,1,1,1,1,1,1,1,1,1,1,1,1,1,1,1,1,1,1,1,1
-1.96431707201583,0.32394118272863,0.344455224064308,-0.453647690334125,-1.03532378844323,-0.0174262170407147,0.0283025133510151,1.98823722923622,-1.37968398345623,-1.24997334273084,-0.951595474266394,0.228282863320009,-0.189285547750483,2.49488104083161,-0.616778895528812,-1.57563166558961,0.14541437180957,0.280749049882964,0.924641686000413,-3.68241416148067,0.290047233607156,-2.22657011267425,-1.2868502303602,-3.30927097833328,0.390127565119109,0.394810904052061,-0.335668810632747,0.705504723018961,1.55500192710394,-1.02916799915814,-0.708835435807218,-1.44613762782258,-1.32634120570919,-0.629780331472309,-0.345270090608777,0.265678617789446,2.22097823180801,1.15127723076599,-0.950606537337739,-1.00560641265814,3.37025062441448,3.04663645239471,2.72302228037494,2.39940810835516,2.07579393633539,1.75217976431562,1.42856559229584,1.10495142027607,0.781337248256294,0.457723076236521,0.134108904216751,-0.189505267803026,-0.5131194398228,-0.836733611842572,-1.16034778386235,-1.48396195588212,-1.80757612790189,-2.13119029992167,-2.45480447194144,-2.77841864396121,-2.77841864396121,-2.77841864396121,-2.77841864396121,-2.77841864396121,-2.77841864396121,-2.77841864396121,-2.77841864396121,-2.77841864396121,-2.77841864396121,-2.77841864396121,-2.77841864396121,-2.77841864396121,-2.77841864396121,-2.77841864396121,-2.77841864396121,-2.77841864396121,-2.77841864396121,-2.77841864396121,-2.77841864396121,-2.77841864396121,17.3073611531812,13.206388817623,9.77319864825809,6.94967628022762,4.6777073486728,2.89917748873483,1.55597233555491,0.589977524274246,-0.0569213099659684,-0.442838532024521,-0.625888506760232,-0.664185599031866,-0.615844173698255,-0.538978595618186,-0.491703229650456,-0.532132440653861,-0.718380593487209,-1.1085620530093,-1.76079118407891,-2.73318235155487,-2.73318235155487,-2.73318235155487,-2.73318235155487,-2.73318235155487,-2.73318235155487,-2.73318235155487,-2.73318235155487,-2.73318235155487,-2.73318235155487,-2.73318235155487,-2.73318235155487,-2.73318235155487,-2.73318235155487,-2.73318235155487,-2.73318235155487,-2.73318235155487,-2.73318235155487,-2.73318235155487,-2.73318235155487,-2.73318235155487,3.96973468118205,3.53615463364105,3.10257458610009,2.6689945385591,2.23541449101811,1.80183444347715,1.35223882730605,0.844012751169778,0.366831252257338,0.00987192500431888,-0.259450402208499,-0.456413322841419,-0.523320426598072,-0.485415331502791,-0.466715873998684,-0.531677692494656,-0.706207396944151,-1.13571760539772,-1.99307315973132,-3.19686738052561,-3.19686738052561,-3.19686738052561,-3.19686738052561,-3.19686738052561,-3.19686738052561,-3.19686738052561,-3.19686738052561,-3.19686738052561,-3.19686738052561,-3.19686738052561,-3.19686738052561,-3.19686738052561,-3.19686738052561,-3.19686738052561,-3.19686738052561,-3.19686738052561,-3.19686738052561,-3.19686738052561,-3.19686738052561,-3.19686738052561,1,1,1,1,1,1,1,1,1,1,1,1,1,1,1,1,1,1,1,1,1,1,1,1,1,1,1,1,1,1,1,1,1,1,1,1,1,1,1,1
0.563538713260278,0.0312027591638571,-0.792522048451946,-0.0328544501913282,-0.069340843799087,-0.649555364924451,-1.12320724512775,0.220375404107203,0.829463631282243,-0.252772969467021,-0.941806526008143,-0.980887217095352,1.29680193493221,2.74361759420585,0.458979860890075,0.114511669887213,-0.966904035741695,1.31291356769024,-0.235671542166134,1.13563366191529,-0.51069570778983,-1.37049085338693,0.321049391640795,1.34574354728218,1.50178747222696,1.51763052113585,1.18389524290198,-0.445355694993701,-2.22985744392188,0.156297558174446,-1.23028579200302,0.116517428519893,0.705920197888066,0.866267126590067,-1.97838750383939,-0.0122994697403165,1.01002450213307,-1.461797793487,0.921111757909649,1.16554396952514,2.127758318755,1.98220031553386,1.83664231231271,1.69108430909156,1.54552630587042,1.39996830264927,1.25441029942812,1.10885229620697,0.963294292985825,0.81773628976468,0.672178286543533,0.526620283322384,0.381062280101238,0.235504276880091,0.089946273658942,-0.0556117295622034,-0.201169732783352,-0.3467277360045,-0.492285739225645,-0.637843742446792,-0.637843742446792,-0.637843742446792,-0.637843742446792,-0.637843742446792,-0.637843742446792,-0.637843742446792,-0.637843742446792,-0.637843742446792,-0.637843742446792,-0.637843742446792,-0.637843742446792,-0.637843742446792,-0.637843742446792,-0.637843742446792,-0.637843742446792,-0.637843742446792,-0.637843742446792,-0.637843742446792,-0.637843742446792,-0.637843742446792,18.730366017485,13.4774520399847,9.25760046183062,5.96817765954356,3.50655000964433,1.77008388865376,0.656145673092622,0.0621017394817489,-0.114681535658052,0.0231622241940244,0.372999395558795,0.832196354957054,1.29811947890964,1.6681351439373,1.83960972656095,1.70990960330128,1.17640115067917,0.136450745215432,-1.51257523656917,-3.87331041815378,-3.87331041815378,-3.87331041815378,-3.87331041815378,-3.87331041815378,-3.87331041815378,-3.87331041815378,-3.87331041815378,-3.87331041815378,-3.87331041815378,-3.87331041815378,-3.87331041815378,-3.87331041815378,-3.87331041815378,-3.87331041815378,-3.87331041815378,-3.87331041815378,-3.87331041815378,-3.87331041815378,-3.87331041815378,-3.87331041815378,-8.89757254119762,-7.22498757467767,-5.5524026081576,-3.8798176416376,-2.20723267511752,-0.534647708597431,1.00467945631688,1.86003885893152,1.86217898989326,1.14454177635361,-0.0923568713558254,-1.14671888978416,-0.952609624020704,0.721999200745067,2.70898901405008,3.47593307033202,2.45539312563694,0.237538104293289,-2.25714232911212,-4.60844491454054,-4.60844491454054,-4.60844491454054,-4.60844491454054,-4.60844491454054,-4.60844491454054,-4.60844491454054,-4.60844491454054,-4.60844491454054,-4.60844491454054,-4.60844491454054,-4.60844491454054,-4.60844491454054,-4.60844491454054,-4.60844491454054,-4.60844491454054,-4.60844491454054,-4.60844491454054,-4.60844491454054,-4.60844491454054,-4.60844491454054,1,1,1,1,1,1,1,1,1,1,1,1,1,1,1,1,1,1,1,1,1,1,1,1,1,1,1,1,1,1,1,1,1,1,1,1,1,1,1,1
-0.727343564689352,0.184842476013694,0.373558246394047,-0.343879630731276,-0.0631744714074491,-0.0962062351404818,0.982972466504944,2.11804843615863,1.58584632096975,-0.426803382953407,-0.75299580064811,-2.028307152712,2.33942445555746,1.19070002335372,-1.1934740085676,-1.80658563594021,-1.19331069460798,0.961738969386079,0.466059474121023,1.16105513228628,0.926822466427531,-0.0362415038551429,-2.71975990693054,0.874517010090845,0.19757531768974,-1.22973602386234,2.34598076696345,0.809202400643382,0.303613427334199,-1.21390715824027,1.26493534884279,2.47775748025707,-0.592432255056613,1.56333743672903,1.40365748396443,0.300754275217397,0.120638972249559,-0.146306988047641,0.107077672841617,-0.144035081905789,4.00863852796765,3.72818365460717,3.44772878124669,3.16727390788621,2.88681903452574,2.60636416116526,2.32590928780478,2.0454544144443,1.76499954108382,1.48454466772334,1.20408979436287,0.923634921002387,0.643180047641909,0.362725174281433,0.0822703009209533,-0.198184572439526,-0.478639445800004,-0.759094319160482,-1.03954919252096,-1.32000406588144,-1.32000406588144,-1.32000406588144,-1.32000406588144,-1.32000406588144,-1.32000406588144,-1.32000406588144,-1.32000406588144,-1.32000406588144,-1.32000406588144,-1.32000406588144,-1.32000406588144,-1.32000406588144,-1.32000406588144,-1.32000406588144,-1.32000406588144,-1.32000406588144,-1.32000406588144,-1.32000406588144,-1.32000406588144,-1.32000406588144,-2.03564333000049,0.0587433300795395,1.57300534407119,2.57335248992242,3.12599454558123,3.2971412889956,3.1530024981135,2.75978795088293,2.18370742525184,1.49097069916825,0.747787550580107,0.0203677574354177,-0.625078902317851,-1.12234265073171,-1.40521370985819,-1.40748230174929,-1.06293864845704,-0.305372972033464,0.931424505469414,2.71366356199961,2.71366356199961,2.71366356199961,2.71366356199961,2.71366356199961,2.71366356199961,2.71366356199961,2.71366356199961,2.71366356199961,2.71366356199961,2.71366356199961,2.71366356199961,2.71366356199961,2.71366356199961,2.71366356199961,2.71366356199961,2.71366356199961,2.71366356199961,2.71366356199961,2.71366356199961,2.71366356199961,9.16969999131591,8.15528974642995,7.14087950154392,6.1264692566579,5.11205901177193,4.09764876688591,3.08810463276166,2.12322149139633,1.31189218786819,0.769488147467033,0.512391689558955,0.406098404629379,0.21053977462873,-0.230745616994309,-0.800321514333795,-1.1919225201432,-1.16566959767622,-0.616508724020042,0.467738022741671,1.91410140028522,1.91410140028522,1.91410140028522,1.91410140028522,1.91410140028522,1.91410140028522,1.91410140028522,1.91410140028522,1.91410140028522,1.91410140028522,1.91410140028522,1.91410140028522,1.91410140028522,1.91410140028522,1.91410140028522,1.91410140028522,1.91410140028522,1.91410140028522,1.91410140028522,1.91410140028522,1.91410140028522,1,1,1,1,1,1,1,1,1,1,1,1,1,1,1,1,1,1,1,1,1,1,1,1,1,1,1,1,1,1,1,1,1,1,1,1,1,1,1,1
0.860321732727603,-0.913842412972941,-2.35117568501319,-2.88910901089832,0.997945603098641,-0.576272046893564,0.774163364970068,1.13462022316827,0.992668408789131,-1.30537663839804,-1.74477038309109,0.693972059781247,2.37190210878398,-1.52202562413991,-0.226389318371199,0.46951513614731,-0.00144891970248118,-1.90321531293572,-0.399780675186989,-1.30502012387559,2.7539530356476,-0.268179319555326,-1.80676556730231,1.11498828977975,-0.0777736877311082,0.362687139086072,-0.232820781281875,-0.622004233621533,-0.126174042212053,0.650169032886481,0.496662255645248,-2.47714415307064,-2.24552855930858,-1.19487473864346,0.155509215315021,-0.6064189046772,-1.9653881507123,-0.493074054814715,1.39579188015647,2.23175553684915,1.91931773701341,1.77198391000251,1.62465008299161,1.47731625598071,1.32998242896982,1.18264860195892,1.03531477494802,0.887980947937121,0.740647120926225,0.593313293915326,0.445979466904429,0.298645639893531,0.151311812882632,0.0039779858717317,-0.143355841139165,-0.290689668150064,-0.438023495160961,-0.585357322171859,-0.732691149182758,-0.880024976193658,-0.880024976193658,-0.880024976193658,-0.880024976193658,-0.880024976193658,-0.880024976193658,-0.880024976193658,-0.880024976193658,-0.880024976193658,-0.880024976193658,-0.880024976193658,-0.880024976193658,-0.880024976193658,-0.880024976193658,-0.880024976193658,-0.880024976193658,-0.880024976193658,-0.880024976193658,-0.880024976193658,-0.880024976193658,-0.880024976193658,-13.9968298242383,-10.6424859205436,-7.75609005231288,-5.30941182372951,-3.27422083897701,-1.62228670223882,-0.325379017698419,0.644732610460743,1.3162785780552,1.71748928090149,1.87659511481615,1.82182647561573,1.58141375911676,1.18358736113576,0.656577677489292,0.0286151039938893,-0.672069963533907,-1.41724712927758,-2.17868599742057,-2.92815617214633,-2.92815617214633,-2.92815617214633,-2.92815617214633,-2.92815617214633,-2.92815617214633,-2.92815617214633,-2.92815617214633,-2.92815617214633,-2.92815617214633,-2.92815617214633,-2.92815617214633,-2.92815617214633,-2.92815617214633,-2.92815617214633,-2.92815617214633,-2.92815617214633,-2.92815617214633,-2.92815617214633,-2.92815617214633,-2.92815617214633,-0.908600496060244,-0.699035297159249,-0.489470098258245,-0.279904899357251,-0.07033970045625,0.139225498444748,0.35099189542834,0.570439956312587,0.778089008794383,0.931288640171626,0.99952818168318,0.983558153014906,0.892538175519455,0.71984424906946,0.45402804322968,0.0965308118083996,-0.343750610148144,-0.857317012977825,-1.4258574619988,-2.02098481026744,-2.02098481026744,-2.02098481026744,-2.02098481026744,-2.02098481026744,-2.02098481026744,-2.02098481026744,-2.02098481026744,-2.02098481026744,-2.02098481026744,-2.02098481026744,-2.02098481026744,-2.02098481026744,-2.02098481026744,-2.02098481026744,-2.02098481026744,-2.02098481026744,-2.02098481026744,-2.02098481026744,-2.02098481026744,-2.02098481026744,1,1,1,1,1,1,1,1,1,1,1,1,1,1,1,1,1,1,1,1,1,1,1,1,1,1,1,1,1,1,1,1,1,1,1,1,1,1,1,1
0.782908576796054,0.376290082105107,-0.163166406627139,1.4242825726932,0.153450295592071,0.754988452480221,-2.25013547898302,0.0981109887991778,-0.893265029750486,-0.030888519557454,-1.01660974202053,-1.35167721879016,2.30094241800625,-0.132351533531168,1.80703187342193,0.538874892733286,-0.246940969810876,2.92579175552108,-0.274123199634735,0.461655498603772,-0.0564324197809469,1.0591034705195,0.253058424131702,-1.11885181807752,-0.696290473356894,-1.56611478800394,1.87801352498639,-1.76599328927657,-1.53882820924807,-0.688556383646688,1.77930827959701,0.611878762372809,0.448030395740748,-0.586908412425743,0.0440367428937041,1.35094025471424,-0.745006552439182,-0.704307215549933,3.29618640842355,-0.755139294174233,-0.172038759992164,-0.126119544211434,-0.0802003284307062,-0.0342811126499765,0.0116381031307542,0.0575573189114813,0.103476534692213,0.149395750472943,0.195314966253671,0.241234182034402,0.287153397815132,0.333072613595858,0.37899182937659,0.424911045157319,0.470830260938049,0.516749476718775,0.562668692499507,0.608587908280237,0.654507124060967,0.700426339841696,0.700426339841696,0.700426339841696,0.700426339841696,0.700426339841696,0.700426339841696,0.700426339841696,0.700426339841696,0.700426339841696,0.700426339841696,0.700426339841696,0.700426339841696,0.700426339841696,0.700426339841696,0.700426339841696,0.700426339841696,0.700426339841696,0.700426339841696,0.700426339841696,0.700426339841696,0.700426339841696,23.5169920164739,17.1665782518356,11.9587090597961,7.79121794035525,4.56193839351256,2.16870391926777,0.509348017620546,-0.518295811429422,-1.01639406788248,-1.08711325173895,-0.832619862999119,-0.355080401663363,0.243338632268019,0.860470738794703,1.39414941791637,1.74220816963267,1.8024804939433,1.47279989084796,0.650999860346261,-0.765086097562058,-0.765086097562058,-0.765086097562058,-0.765086097562058,-0.765086097562058,-0.765086097562058,-0.765086097562058,-0.765086097562058,-0.765086097562058,-0.765086097562058,-0.765086097562058,-0.765086097562058,-0.765086097562058,-0.765086097562058,-0.765086097562058,-0.765086097562058,-0.765086097562058,-0.765086097562058,-0.765086097562058,-0.765086097562058,-0.765086097562058,0.0813033657352582,0.0918034514279356,0.102303537120612,0.112803622813292,0.123303708505969,0.133803794198646,0.144444800133117,0.156111868202681,0.170913749370364,0.192553274520144,0.224293219667111,0.266236246636906,0.316550053986171,0.374285640005752,0.438833906205966,0.5085312831162,0.58169146068238,0.657096806077917,0.733086003461384,0.808506604201613,0.808506604201613,0.808506604201613,0.808506604201613,0.808506604201613,0.808506604201613,0.808506604201613,0.808506604201613,0.808506604201613,0.808506604201613,0.808506604201613,0.808506604201613,0.808506604201613,0.808506604201613,0.808506604201613,0.808506604201613,0.808506604201613,0.808506604201613,0.808506604201613,0.808506604201613,0.808506604201613,1,1,1,1,1,1,1,1,1,1,1,1,1,1,1,1,1,1,1,1,1,1,1,1,1,1,1,1,1,1,1,1,1,1,1,1,1,1,1,1
-1.61946042377841,0.116319718221488,-0.474507839510514,-0.0557890779601928,-0.366986839004015,1.63574553700867,1.03308244363368,-1.8916926000993,-1.68500018816043,-0.944371008045891,0.748173638274292,-1.82599342920751,-1.72014010838959,-2.3997794354434,-0.388744849612207,0.150902089951915,2.02835681684879,2.70839655970319,-0.783531929853419,-2.14146185530098,-0.58660810581152,-0.494962528981384,-1.01241135479795,0.548287433013588,-1.66760142703016,-0.420620777615252,1.15663474568614,-0.434700452554791,1.13324032072655,1.02959280698289,0.770848565911056,-1.48094475375949,-1.3810944525204,1.43315638917985,-0.000161823780171488,-2.74645982153904,-0.486435660773692,-0.670521944202155,-0.500390174793338,0.859448305108254,-2.03550194692437,-1.9240707362266,-1.81263952552883,-1.70120831483106,-1.58977710413329,-1.47834589343552,-1.36691468273775,-1.25548347203998,-1.14405226134221,-1.03262105064444,-0.921189839946662,-0.809758629248892,-0.698327418551122,-0.586896207853348,-0.475464997155578,-0.364033786457808,-0.252602575760037,-0.141171365062265,-0.0297401543644931,0.0816910563332769,0.0816910563332769,0.0816910563332769,0.0816910563332769,0.0816910563332769,0.0816910563332769,0.0816910563332769,0.0816910563332769,0.0816910563332769,0.0816910563332769,0.0816910563332769,0.0816910563332769,0.0816910563332769,0.0816910563332769,0.0816910563332769,0.0816910563332769,0.0816910563332769,0.0816910563332769,0.0816910563332769,0.0816910563332769,0.0816910563332769,20.4369080867322,15.0224709327603,10.4845292041261,6.75441366393757,3.76345507530304,1.44298420133059,-0.275668194871612,-1.46117135019541,-2.18219450153265,-2.50740688577517,-2.50547773981481,-2.24507630054344,-1.79487180485289,-1.22353348963498,-0.599730591781602,0.00786765181543814,0.530592004264278,0.899773228673077,1.04674208815,0.902829345803191,0.902829345803191,0.902829345803191,0.902829345803191,0.902829345803191,0.902829345803191,0.902829345803191,0.902829345803191,0.902829345803191,0.902829345803191,0.902829345803191,0.902829345803191,0.902829345803191,0.902829345803191,0.902829345803191,0.902829345803191,0.902829345803191,0.902829345803191,0.902829345803191,0.902829345803191,0.902829345803191,0.475436219971663,0.241045392935768,0.00665456589987379,-0.22773626113602,-0.462127088171918,-0.696517915207815,-0.927299937770981,-1.13577916747185,-1.29852963159688,-1.3990114131487,-1.42889231929485,-1.3822158448197,-1.25434550242978,-1.04910899882978,-0.782153382991101,-0.47299243278578,-0.136112394874504,0.218470423991686,0.581532891927415,0.946496907367468,0.946496907367468,0.946496907367468,0.946496907367468,0.946496907367468,0.946496907367468,0.946496907367468,0.946496907367468,0.946496907367468,0.946496907367468,0.946496907367468,0.946496907367468,0.946496907367468,0.946496907367468,0.946496907367468,0.946496907367468,0.946496907367468,0.946496907367468,0.946496907367468,0.946496907367468,0.946496907367468,1,1,1,1,1,1,1,1,1,1,1,1,1,1,1,1,1,1,1,1,1,1,1,1,1,1,1,1,1,1,1,1,1,1,1,1,1,1,1,1
-1.12711553352605,-2.66807550812958,1.3324239552523,1.62716227527832,-1.32804597162627,-0.174953851066102,2.33139877558634,0.509928653993203,0.290895537759086,-0.156217152503942,-1.24114629334776,1.59112438834679,-0.749149005278849,-1.19865836889809,0.0132372376369716,0.588513929174065,1.24912194862702,-1.04031049393169,-0.737234432465119,0.2187735108441,-0.252090607477603,0.859430259676468,-1.25763317007281,0.36633496947567,-0.682662757803861,-1.67477482470336,0.566740209837251,-0.955579150335824,0.760872500673569,-0.710935066160225,2.04524846180725,0.389718163327306,-0.480192869209601,0.491584310646269,1.54114387057681,1.87089555064264,1.39298878683751,1.15269359126158,-1.47635220308151,1.64402572412931,0.677532646092475,0.629497112941031,0.581461579789586,0.533426046638141,0.485390513486695,0.437354980335252,0.389319447183807,0.34128391403236,0.293248380880915,0.245212847729471,0.197177314578026,0.149141781426579,0.101106248275135,0.0530707151236882,0.00503518197224295,-0.0430003511792005,-0.091035884330644,-0.139071417482091,-0.187106950633538,-0.235142483784982,-0.235142483784982,-0.235142483784982,-0.235142483784982,-0.235142483784982,-0.235142483784982,-0.235142483784982,-0.235142483784982,-0.235142483784982,-0.235142483784982,-0.235142483784982,-0.235142483784982,-0.235142483784982,-0.235142483784982,-0.235142483784982,-0.235142483784982,-0.235142483784982,-0.235142483784982,-0.235142483784982,-0.235142483784982,-0.235142483784982,25.427363662434,18.542961288302,12.8965680612888,8.37766062459301,4.87571562141342,2.28020969494877,0.480619488397789,-0.633578355040777,-1.1729071921682,-1.24789037978574,-0.969051274694646,-0.446913233696209,0.208000386408331,0.885166228817697,1.47406093673064,1.86416115334588,1.94494352186216,1.60588468547823,0.736461287392812,-0.773850029195341,-0.773850029195341,-0.773850029195341,-0.773850029195341,-0.773850029195341,-0.773850029195341,-0.773850029195341,-0.773850029195341,-0.773850029195341,-0.773850029195341,-0.773850029195341,-0.773850029195341,-0.773850029195341,-0.773850029195341,-0.773850029195341,-0.773850029195341,-0.773850029195341,-0.773850029195341,-0.773850029195341,-0.773850029195341,-0.773850029195341,6.90673609672364,5.87351748075823,4.84029886479284,3.80708024882746,2.77386163286206,1.74064301689667,0.72025076190145,-0.199142352111268,-0.82349618649932,-0.986874184213944,-0.720243353586405,-0.232487024985957,0.265076840955992,0.667908733967977,0.942191090809757,1.06812012997214,1.05017195944597,0.937219404564765,0.792198263175951,0.647670196239904,0.647670196239904,0.647670196239904,0.647670196239904,0.647670196239904,0.647670196239904,0.647670196239904,0.647670196239904,0.647670196239904,0.647670196239904,0.647670196239904,0.647670196239904,0.647670196239904,0.647670196239904,0.647670196239904,0.647670196239904,0.647670196239904,0.647670196239904,0.647670196239904,0.647670196239904,0.647670196239904,1,1,1,1,1,1,1,1,1,1,1,1,1,1,1,1,1,1,1,1,1,1,1,1,1,1,1,1,1,1,1,1,1,1,1,1,1,1,1,1
-1.99625470150968,0.392103796959516,0.495353225846844,-0.0289097520181709,-1.9446414389363,0.442131920611761,1.23267030966789,-0.0751199401032974,0.978565546144829,-0.300595045827006,-3.14506132161468,-2.50345079861065,0.904963075429364,0.304843242957332,2.30208647775485,-0.321670198524966,0.0917527214847471,-1.48187391195574,-1.47495450373126,1.26754199016363,0.60009048462274,-0.58565499313408,0.58776377776335,1.17054700968165,1.04874599012409,-0.949729122912702,0.121648368210876,-0.403420508231742,0.296400733092025,1.3338395106802,-0.865944888343902,0.967446101823041,-0.491322058034708,2.02495759294742,0.722130723432963,0.279852215252138,-2.29254288001163,-2.88819783451679,0.135232147453314,1.36671585167593,0.472238161882042,0.491014992746132,0.509791823610222,0.528568654474311,0.547345485338402,0.566122316202492,0.584899147066583,0.603675977930672,0.622452808794764,0.641229639658853,0.660006470522944,0.678783301387035,0.697560132251123,0.716336963115214,0.735113793979304,0.753890624843395,0.772667455707484,0.791444286571576,0.810221117435663,0.828997948299754,0.828997948299754,0.828997948299754,0.828997948299754,0.828997948299754,0.828997948299754,0.828997948299754,0.828997948299754,0.828997948299754,0.828997948299754,0.828997948299754,0.828997948299754,0.828997948299754,0.828997948299754,0.828997948299754,0.828997948299754,0.828997948299754,0.828997948299754,0.828997948299754,0.828997948299754,0.828997948299754,-11.7790124949804,-8.44594090890832,-5.7049909291482,-3.5032525771347,-1.78781587430248,-0.505770842086221,0.395792498079413,0.969784124759752,1.26911401652012,1.34669215192586,1.25542850954228,1.04823306793472,0.778015805668527,0.497686701309018,0.260155733421543,0.118332880571378,0.125128121323906,0.333451434244445,0.796212797898283,1.56632219085082,1.56632219085082,1.56632219085082,1.56632219085082,1.56632219085082,1.56632219085082,1.56632219085082,1.56632219085082,1.56632219085082,1.56632219085082,1.56632219085082,1.56632219085082,1.56632219085082,1.56632219085082,1.56632219085082,1.56632219085082,1.56632219085082,1.56632219085082,1.56632219085082,1.56632219085082,1.56632219085082,-0.192754523673142,-0.0807715909214011,0.031211341830339,0.143194274582077,0.255177207333819,0.367160140085559,0.478541454895666,0.585099888494902,0.677288897611014,0.746529204994443,0.792114119409124,0.818780116642367,0.829261390593393,0.82260826445208,0.79832105469101,0.758569883348605,0.706999464225527,0.648024348926359,0.586388879372251,0.524915204234055,0.524915204234055,0.524915204234055,0.524915204234055,0.524915204234055,0.524915204234055,0.524915204234055,0.524915204234055,0.524915204234055,0.524915204234055,0.524915204234055,0.524915204234055,0.524915204234055,0.524915204234055,0.524915204234055,0.524915204234055,0.524915204234055,0.524915204234055,0.524915204234055,0.524915204234055,0.524915204234055,1,1,1,1,1,1,1,1,1,1,1,1,1,1,1,1,1,1,1,1,1,1,1,1,1,1,1,1,1,1,1,1,1,1,1,1,1,1,1,1
2.46402921736145,1.64830311075043,1.23257394989573,0.172678164414148,1.33498259113878,-0.514617921665242,-1.27117362182835,1.51322848863805,-0.355536613603997,-0.982392728208721,-1.23044612039995,-1.03775874999492,0.67225900020585,-1.27900041275239,0.497092854244038,0.963921697681846,1.92532960812595,1.59032951565573,-2.4574668167278,-1.28292561263922,-0.40738140488425,-1.81258778000972,2.5883711442556,1.42146386783669,0.731453042182414,-2.19319912627458,-2.12168334463649,-0.129267262210272,-0.210167621827887,-2.3181248694912,2.91595184246122,0.512422302688007,-0.809724413038964,0.673359574879479,-0.378733260896704,0.822402307175039,-0.881976009187525,-1.0061108971536,-1.54943677316354,0.242851772582137,-2.34409517475216,-2.13721235788551,-1.93032954101886,-1.72344672415221,-1.51656390728556,-1.30968109041891,-1.10279827355226,-0.895915456685604,-0.689032639818953,-0.482149822952302,-0.275267006085651,-0.0683841892189996,0.138498627647651,0.345381444514304,0.552264261380955,0.759147078247606,0.966029895114257,1.17291271198091,1.37979552884756,1.58667834571421,1.58667834571421,1.58667834571421,1.58667834571421,1.58667834571421,1.58667834571421,1.58667834571421,1.58667834571421,1.58667834571421,1.58667834571421,1.58667834571421,1.58667834571421,1.58667834571421,1.58667834571421,1.58667834571421,1.58667834571421,1.58667834571421,1.58667834571421,1.58667834571421,1.58667834571421,1.58667834571421,-5.25834151336677,-4.84453862634428,-4.34854032564559,-3.78836810336472,-3.18204345159567,-2.54758786243248,-1.90302282796915,-1.26636984029969,-0.655650391518108,-0.0888859737184369,0.415901921005325,0.840691800559158,1.16746217284905,1.37819154578098,1.45485842726094,1.37944132519493,1.13391874748891,0.700269202048853,0.0604711967808189,-0.803496760409288,-0.803496760409288,-0.803496760409288,-0.803496760409288,-0.803496760409288,-0.803496760409288,-0.803496760409288,-0.803496760409288,-0.803496760409288,-0.803496760409288,-0.803496760409288,-0.803496760409288,-0.803496760409288,-0.803496760409288,-0.803496760409288,-0.803496760409288,-0.803496760409288,-0.803496760409288,-0.803496760409288,-0.803496760409288,-0.803496760409288,-3.11707519136643,-2.8116627316723,-2.50625027197818,-2.20083781228405,-1.89542535258992,-1.5900128928958,-1.28434457881255,-0.978108920018173,-0.675483125425366,-0.385064639731606,-0.115527281280608,0.127624915404327,0.342303022806854,0.528915451914532,0.690272818214446,0.832092603472271,0.961908348543238,1.08590769369942,1.20709851296217,1.32684201618732,1.32684201618732,1.32684201618732,1.32684201618732,1.32684201618732,1.32684201618732,1.32684201618732,1.32684201618732,1.32684201618732,1.32684201618732,1.32684201618732,1.32684201618732,1.32684201618732,1.32684201618732,1.32684201618732,1.32684201618732,1.32684201618732,1.32684201618732,1.32684201618732,1.32684201618732,1.32684201618732,1,1,1,1,1,1,1,1,1,1,1,1,1,1,1,1,1,1,1,1,1,1,1,1,1,1,1,1,1,1,1,1,1,1,1,1,1,1,1,1
-2.19155038854223,1.24265585989269,2.06474908360029,2.07333825466928,1.80802427142969,-0.293503752412882,-0.174532070730523,-1.05951027852041,-1.28799594009878,-0.00989913065243897,-0.302156742584872,-0.775092031411619,0.520836129718848,0.269542725626428,-1.55140328050628,-2.11612677791264,0.566651001145498,-0.256092636386061,-1.40263937743681,-0.269868025679678,-1.01234672808007,-0.513618734618383,0.890330635622561,-0.177115278166433,2.13971127702129,0.680774496024176,-2.76459162152621,-1.40254122030937,-1.61852411137692,0.751613731333727,-1.01587909525957,1.38938405053459,0.198352408061252,-0.190648057988867,-0.201253758953715,-1.15859962308858,0.893355284473728,0.718311186965218,0.966238391121699,-0.674130268709542,1.01814743301988,0.994157055179602,0.970166677339318,0.946176299499037,0.92218592165875,0.898195543818467,0.874205165978184,0.850214788137903,0.826224410297616,0.802234032457335,0.77824365461705,0.754253276776769,0.730262898936482,0.706272521096199,0.68228214325592,0.658291765415635,0.634301387575352,0.610311009735069,0.586320631894784,0.562330254054503,0.562330254054503,0.562330254054503,0.562330254054503,0.562330254054503,0.562330254054503,0.562330254054503,0.562330254054503,0.562330254054503,0.562330254054503,0.562330254054503,0.562330254054503,0.562330254054503,0.562330254054503,0.562330254054503,0.562330254054503,0.562330254054503,0.562330254054503,0.562330254054503,0.562330254054503,0.562330254054503,9.01372744744615,6.17283792351716,3.95927151004469,2.30660683955679,1.14842254458151,0.418297257646898,0.0498096112809865,-0.0234617619881767,0.132061770367457,0.449958840875929,0.863808082065283,1.30718812646357,1.71367760659883,2.0168551549991,2.15029940419244,2.04758898670688,1.64230253507046,0.868018681811249,-0.341683940542728,-2.05322669946341,-2.05322669946341,-2.05322669946341,-2.05322669946341,-2.05322669946341,-2.05322669946341,-2.05322669946341,-2.05322669946341,-2.05322669946341,-2.05322669946341,-2.05322669946341,-2.05322669946341,-2.05322669946341,-2.05322669946341,-2.05322669946341,-2.05322669946341,-2.05322669946341,-2.05322669946341,-2.05322669946341,-2.05322669946341,-2.05322669946341,-0.577841353426614,-0.47057837375563,-0.363315394084649,-0.256052414413665,-0.148789434742678,-0.0415264550716969,0.0717584575394348,0.225803102695972,0.471756795906023,0.818977824205415,1.20972001624907,1.56229147174538,1.80413032286992,1.86997084722236,1.71993557937112,1.36710866588279,0.870384474681526,0.310290576559581,-0.23993348868172,-0.757163474237254,-0.757163474237254,-0.757163474237254,-0.757163474237254,-0.757163474237254,-0.757163474237254,-0.757163474237254,-0.757163474237254,-0.757163474237254,-0.757163474237254,-0.757163474237254,-0.757163474237254,-0.757163474237254,-0.757163474237254,-0.757163474237254,-0.757163474237254,-0.757163474237254,-0.757163474237254,-0.757163474237254,-0.757163474237254,-0.757163474237254,1,1,1,1,1,1,1,1,1,1,1,1,1,1,1,1,1,1,1,1,1,1,1,1,1,1,1,1,1,1,1,1,1,1,1,1,1,1,1,1
0.753603770501783,-0.247634803929203,-1.49348911143235,2.6645279232964,1.64977520148734,0.269490685302415,0.379199417753179,3.82252839962813,-0.139275336556935,-0.696795122319237,-0.431251352435156,1.00438237585688,0.0882488042645733,-1.41553543102728,1.18322231407087,0.945014358890981,-1.12295607012059,1.15531796670017,1.36390372760772,-1.70499056321322,-0.42775632979761,-1.45641302661987,-1.77816257900583,-1.33543213867658,1.80847701397562,-2.15348640863798,-0.671229078086709,0.652539366127835,-1.6804903238672,0.53189940511,0.346076493903453,-0.308499171143851,2.35138338343794,1.49275883435363,-1.6994854083505,0.139120557540975,-0.0185161005938834,0.150383416027584,-0.624639464971704,0.211163072107404,2.97495402915812,2.77067992803814,2.56640582691816,2.36213172579818,2.1578576246782,1.95358352355822,1.74930942243824,1.54503532131826,1.34076122019828,1.1364871190783,0.932213017958315,0.727938916838335,0.523664815718352,0.319390714598372,0.115116613478392,-0.0891574876415877,-0.293431588761569,-0.497705689881551,-0.701979791001532,-0.90625389212151,-0.90625389212151,-0.90625389212151,-0.90625389212151,-0.90625389212151,-0.90625389212151,-0.90625389212151,-0.90625389212151,-0.90625389212151,-0.90625389212151,-0.90625389212151,-0.90625389212151,-0.90625389212151,-0.90625389212151,-0.90625389212151,-0.90625389212151,-0.90625389212151,-0.90625389212151,-0.90625389212151,-0.90625389212151,-0.90625389212151,2.71580424423944,2.26629259162631,1.91754013392004,1.6560658880965,1.4683888711316,1.34102810000121,1.26050259168121,1.21333136314752,1.186033431376,1.16512781334255,1.13713352602305,1.0885695863934,1.00595501142948,0.875808818107169,0.684650023402373,0.418997644290977,0.0653706977488486,-0.389711799248108,-0.959730829723997,-1.65816737670295,-1.65816737670295,-1.65816737670295,-1.65816737670295,-1.65816737670295,-1.65816737670295,-1.65816737670295,-1.65816737670295,-1.65816737670295,-1.65816737670295,-1.65816737670295,-1.65816737670295,-1.65816737670295,-1.65816737670295,-1.65816737670295,-1.65816737670295,-1.65816737670295,-1.65816737670295,-1.65816737670295,-1.65816737670295,-1.65816737670295,2.49959436851808,2.35779562836269,2.21599688820729,2.0741981480519,1.9323994078965,1.7906006677411,1.64842376023612,1.50372001491424,1.35285313021788,1.19172818984221,1.01702482237786,0.82783681795167,0.62665382372961,0.417043557806359,0.199227584646243,-0.0305587826794564,-0.275514975103615,-0.534552035667906,-0.803150160440705,-1.07607997599199,-1.07607997599199,-1.07607997599199,-1.07607997599199,-1.07607997599199,-1.07607997599199,-1.07607997599199,-1.07607997599199,-1.07607997599199,-1.07607997599199,-1.07607997599199,-1.07607997599199,-1.07607997599199,-1.07607997599199,-1.07607997599199,-1.07607997599199,-1.07607997599199,-1.07607997599199,-1.07607997599199,-1.07607997599199,-1.07607997599199,1,1,1,1,1,1,1,1,1,1,1,1,1,1,1,1,1,1,1,1,1,1,1,1,1,1,1,1,1,1,1,1,1,1,1,1,1,1,1,1
1.17138170173668,0.171893726052988,1.51902280349672,0.264154172218503,2.16984194264873,1.10188891918091,-1.10915951861403,-0.956609098576735,2.98503171324882,0.385641451772289,-1.11183152693726,-0.34485629060638,2.49457939805519,-2.39116656084154,1.23657555655529,1.05764020515194,-0.217278198275157,0.252867826712446,0.0919740557788149,-1.64002063354586,-1.88062325286899,0.548448938143514,1.34796733919906,-1.89923888013352,0.129640202494469,-1.01519614455395,1.08883907476069,-0.162055551676504,-0.00901147150300652,-2.54040859559705,-0.850883619680495,-0.278856450405433,0.381096507408991,-1.53163789769455,-0.501424575613958,0.294469670124238,-2.10874087760589,1.04307715027491,1.32932270025004,-0.741887364740437,1.17580482529087,0.953487004619013,0.73116918394716,0.508851363275309,0.286533542603458,0.0642157219316033,-0.158102098740246,-0.3804199194121,-0.602737740083954,-0.825055560755803,-1.04737338142766,-1.26969120209951,-1.49200902277136,-1.71432684344321,-1.93664466411507,-2.15896248478692,-2.38128030545877,-2.60359812613063,-2.82591594680248,-3.04823376747433,-3.04823376747433,-3.04823376747433,-3.04823376747433,-3.04823376747433,-3.04823376747433,-3.04823376747433,-3.04823376747433,-3.04823376747433,-3.04823376747433,-3.04823376747433,-3.04823376747433,-3.04823376747433,-3.04823376747433,-3.04823376747433,-3.04823376747433,-3.04823376747433,-3.04823376747433,-3.04823376747433,-3.04823376747433,-3.04823376747433,-11.7355322541561,-9.24496172064554,-7.08231061553739,-5.23205712198456,-3.67867942313994,-2.40665570215641,-1.40046414218685,-0.644582926384134,-0.123490237901162,0.178335740109191,0.27641682449403,0.186274832100493,-0.0765684202243087,-0.496591115633278,-1.05827143727928,-1.7460875683152,-2.54451769189393,-3.43803999116833,-4.41113264929129,-5.44827384941574,-5.44827384941574,-5.44827384941574,-5.44827384941574,-5.44827384941574,-5.44827384941574,-5.44827384941574,-5.44827384941574,-5.44827384941574,-5.44827384941574,-5.44827384941574,-5.44827384941574,-5.44827384941574,-5.44827384941574,-5.44827384941574,-5.44827384941574,-5.44827384941574,-5.44827384941574,-5.44827384941574,-5.44827384941574,-5.44827384941574,-0.164272579264072,-0.206257122139839,-0.248241665015605,-0.290226207891373,-0.332210750767141,-0.374195293642908,-0.418273047134271,-0.474087211360212,-0.54968775897345,-0.651165592359368,-0.785596389820187,-0.958297865030362,-1.1718720729125,-1.4287104171675,-1.72961368586931,-2.07128468321927,-2.4481678066391,-2.85335935208924,-3.27682650257642,-3.70776665651566,-3.70776665651566,-3.70776665651566,-3.70776665651566,-3.70776665651566,-3.70776665651566,-3.70776665651566,-3.70776665651566,-3.70776665651566,-3.70776665651566,-3.70776665651566,-3.70776665651566,-3.70776665651566,-3.70776665651566,-3.70776665651566,-3.70776665651566,-3.70776665651566,-3.70776665651566,-3.70776665651566,-3.70776665651566,-3.70776665651566,1,1,1,1,1,1,1,1,1,1,1,1,1,1,1,1,1,1,0,0,0,0,0,0,0,0,0,0,0,0,0,0,0,0,0,0,0,0,0,0
-4.45239913192318,-0.851593221581703,2.13176534180528,1.59809977023098,5.07558719302035,-1.08490587000421,-1.5635655220919,0.80783981354824,-3.05455495192595,1.19407003735665,0.0183116224537549,1.17388449034505,0.250920853116478,-0.287440566169421,0.828602188634948,-0.826719555253693,1.40250979498567,1.49391281783405,2.26559998538941,0.858834708013562,-0.102589523694945,0.216060355344542,1.47256986560576,3.74444475332287,0.59960883388602,1.11022473500088,-0.973179340854879,-1.53193961012665,1.35006730613292,3.61695376987335,-0.866380762999775,1.45338722222278,-1.91730546525571,0.412150978688086,0.328990533158692,-0.462312034213031,2.74339069913621,1.1740469073141,0.641332411477929,-0.575047097543445,-1.203973613203,-1.1056533163644,-1.0073330195258,-0.909012722687195,-0.810692425848595,-0.712372129009994,-0.614051832171393,-0.515731535332792,-0.417411238494191,-0.319090941655588,-0.220770644816989,-0.122450347978388,-0.0241300511397853,0.0741902456988139,0.172510542537415,0.270830839376019,0.369151136214617,0.467471433053221,0.565791729891821,0.66411202673042,0.66411202673042,0.66411202673042,0.66411202673042,0.66411202673042,0.66411202673042,0.66411202673042,0.66411202673042,0.66411202673042,0.66411202673042,0.66411202673042,0.66411202673042,0.66411202673042,0.66411202673042,0.66411202673042,0.66411202673042,0.66411202673042,0.66411202673042,0.66411202673042,0.66411202673042,0.66411202673042,-23.8314525890237,-17.2194388809094,-11.8527257338643,-7.61269309175506,-4.38072089844866,-2.03818909781192,-0.466477633711666,0.453033549985209,0.838964509411857,0.80993530070147,0.484565979987131,-0.0185233965979936,-0.580712772920716,-1.08338209284796,-1.40791130024651,-1.43568033898326,-1.04806915292509,-0.126457685938796,1.44777411810879,3.79324631535073,3.79324631535073,3.79324631535073,3.79324631535073,3.79324631535073,3.79324631535073,3.79324631535073,3.79324631535073,3.79324631535073,3.79324631535073,3.79324631535073,3.79324631535073,3.79324631535073,3.79324631535073,3.79324631535073,3.79324631535073,3.79324631535073,3.79324631535073,3.79324631535073,3.79324631535073,3.79324631535073,-1.20570669192953,-1.10712344231625,-1.00854019270298,-0.909956943089712,-0.81137369347644,-0.712790443863167,-0.614212118853352,-0.515665271378552,-0.4171847801843,-0.318785048946568,-0.220456847303117,-0.122192738107856,-0.0239902453249865,0.0741748081530247,0.172350341398126,0.270573315961533,0.368848861928194,0.467164349462291,0.565506575145701,0.663862768086382,0.663862768086382,0.663862768086382,0.663862768086382,0.663862768086382,0.663862768086382,0.663862768086382,0.663862768086382,0.663862768086382,0.663862768086382,0.663862768086382,0.663862768086382,0.663862768086382,0.663862768086382,0.663862768086382,0.663862768086382,0.663862768086382,0.663862768086382,0.663862768086382,0.663862768086382,0.663862768086382,1,1,1,1,1,1,1,1,1,1,1,1,1,1,1,1,1,1,1,1,1,1,1,1,1,1,1,1,1,1,1,1,1,1,1,1,1,1,1,1
0.0850525627203718,-1.97002180029572,0.0966705236732928,-0.898942640075235,-1.70519597015506,0.746711195306601,-1.60088743549333,-1.52070631248595,0.232908837968855,0.71094092035173,-1.37425741512349,-0.723284211362261,-1.1783345366817,0.683845519937512,-1.11592598939014,-0.417315603594371,0.866942951988198,-0.136193769498137,0.590476254491008,0.955532151311331,0.818011000674378,2.8016785214081,-1.08098820303285,-0.192684180969511,-0.777130279677394,0.33791292978894,3.09288031171297,1.60196373993132,-0.510050671313326,-0.878240778319055,2.53150724841087,0.997044733588302,-1.22362778062114,-1.88214932474586,-0.78949047846495,-0.208519200378234,-0.978010547654815,-1.18318121381552,-0.0583551047559396,0.127780852233009,2.27154201598439,1.98029200160849,1.6890419872326,1.3977919728567,1.10654195848081,0.815291944104914,0.524041929729016,0.23279191535312,-0.0584580990227774,-0.349708113398671,-0.640958127774569,-0.932208142150463,-1.22345815652636,-1.51470817090225,-1.80595818527815,-2.09720819965405,-2.38845821402994,-2.67970822840584,-2.97095824278173,-3.26220825715763,-3.26220825715763,-3.26220825715763,-3.26220825715763,-3.26220825715763,-3.26220825715763,-3.26220825715763,-3.26220825715763,-3.26220825715763,-3.26220825715763,-3.26220825715763,-3.26220825715763,-3.26220825715763,-3.26220825715763,-3.26220825715763,-3.26220825715763,-3.26220825715763,-3.26220825715763,-3.26220825715763,-3.26220825715763,-3.26220825715763,-12.7364275379259,-8.29289343803347,-4.84445886046762,-2.28834982538201,-0.521792352930323,0.557987536733789,1.05376382345665,1.0683104870846,0.704401507463949,0.0648108644410446,-0.747687462137776,-1.63031949242621,-2.48031124657789,-3.19488874474651,-3.67127800708572,-3.8067050537492,-3.49839590489062,-2.64357658066365,-1.13947310122195,1.1166885132808,1.1166885132808,1.1166885132808,1.1166885132808,1.1166885132808,1.1166885132808,1.1166885132808,1.1166885132808,1.1166885132808,1.1166885132808,1.1166885132808,1.1166885132808,1.1166885132808,1.1166885132808,1.1166885132808,1.1166885132808,1.1166885132808,1.1166885132808,1.1166885132808,1.1166885132808,1.1166885132808,1.3387461155317,1.25732018008848,1.17589424464527,1.09446830920206,1.01304237375884,0.931616438315627,0.83908555766566,0.669133501040415,0.317121224336752,-0.242617857897965,-0.916385084806009,-1.59774448594148,-2.2192194829087,-2.6897381009041,-2.89748581911112,-2.80311759318661,-2.47177806372064,-2.01888592382057,-1.54604059836563,-1.09374462530009,-1.09374462530009,-1.09374462530009,-1.09374462530009,-1.09374462530009,-1.09374462530009,-1.09374462530009,-1.09374462530009,-1.09374462530009,-1.09374462530009,-1.09374462530009,-1.09374462530009,-1.09374462530009,-1.09374462530009,-1.09374462530009,-1.09374462530009,-1.09374462530009,-1.09374462530009,-1.09374462530009,-1.09374462530009,-1.09374462530009,1,1,1,1,1,1,1,1,1,1,1,1,1,1,1,1,1,1,1,1,1,1,1,1,1,1,1,1,1,1,1,1,1,1,1,1,1,1,1,1
-0.0366878855300583,1.03381296423977,0.537696153765676,-1.05494950711731,-1.43802801325681,-1.23348543010586,1.50069129408388,-2.12608515261669,0.415734856338425,-1.90224113023075,-0.744761591418648,2.14184411588555,2.18865239601091,-0.382560272715486,-1.01863429072533,-2.4808755631652,0.715367280678787,1.70016956798844,-0.496525436759434,-1.41046670534542,4.03012624212773,-0.634996599004927,1.63265681892635,1.61299370793897,-1.37095880294604,-0.80018327317203,-0.700194427265542,-0.742463699967283,0.235423291258492,2.37343853762795,-0.923846154639341,0.71857624967439,-0.364363648664131,1.72741884089293,-0.295126199624654,0.180985525572005,-1.307528803584,0.730486544653569,-0.621185899676775,1.21969554025198,-2.94705126489993,-2.72554361596749,-2.50403596703505,-2.28252831810262,-2.06102066917018,-1.83951302023774,-1.61800537130531,-1.39649772237287,-1.17499007344044,-0.953482424508,-0.731974775575562,-0.510467126643126,-0.288959477710691,-0.0674518287782533,0.154055820154184,0.375563469086622,0.597071118019054,0.818578766951491,1.04008641588393,1.26159406481636,1.26159406481636,1.26159406481636,1.26159406481636,1.26159406481636,1.26159406481636,1.26159406481636,1.26159406481636,1.26159406481636,1.26159406481636,1.26159406481636,1.26159406481636,1.26159406481636,1.26159406481636,1.26159406481636,1.26159406481636,1.26159406481636,1.26159406481636,1.26159406481636,1.26159406481636,1.26159406481636,10.3307457909214,6.70775590692306,3.82389068853367,1.60866660638959,-0.00839986887281308,-1.09779226661716,-1.72999411620711,-1.97548894700631,-1.90476028837837,-1.58829166968694,-1.09656662029563,-0.500068669568114,0.130718653131979,0.725311818441028,1.21322729699538,1.52398155943139,1.58709107638544,1.3320723184939,0.688441756393118,-0.414284139280557,-0.414284139280557,-0.414284139280557,-0.414284139280557,-0.414284139280557,-0.414284139280557,-0.414284139280557,-0.414284139280557,-0.414284139280557,-0.414284139280557,-0.414284139280557,-0.414284139280557,-0.414284139280557,-0.414284139280557,-0.414284139280557,-0.414284139280557,-0.414284139280557,-0.414284139280557,-0.414284139280557,-0.414284139280557,-0.414284139280557,1.19711251424105,0.78765684019633,0.3782011661516,-0.0312545078931299,-0.440710181937853,-0.85016585598258,-1.24631503491226,-1.56280112379111,-1.7282567525912,-1.70294775401872,-1.45870193235277,-0.985753952282364,-0.370331686415847,0.211761346800357,0.644112528955024,0.935682027866564,1.11314032153857,1.1627446056221,1.09982414493779,0.985792446819731,0.985792446819731,0.985792446819731,0.985792446819731,0.985792446819731,0.985792446819731,0.985792446819731,0.985792446819731,0.985792446819731,0.985792446819731,0.985792446819731,0.985792446819731,0.985792446819731,0.985792446819731,0.985792446819731,0.985792446819731,0.985792446819731,0.985792446819731,0.985792446819731,0.985792446819731,0.985792446819731,1,1,1,1,1,1,1,1,1,1,1,1,1,1,1,1,1,1,1,1,1,1,1,1,1,1,1,1,1,1,1,1,1,1,1,1,1,1,1,1
-0.0301848284051993,1.04015633326291,1.2023128359177,-0.00747783843407479,-0.00238395441822092,-1.89037570935554,-1.08244244612623,0.757880291027725,1.76576969362742,-0.315948604778431,0.491752972912964,0.916401698946267,3.06948987033325,-0.274701473307895,0.149025022272255,0.292506231596517,1.68915964676869,0.409493751823591,-3.33219914498974,0.233926853464357,0.754896827320561,-1.02979548009201,0.428673302302153,1.44508843635662,2.40833266356428,0.66588206113272,1.77853447468786,0.677344002395683,-0.647044000032706,-0.013285445010597,1.30716112949579,-0.965777450436363,-0.233909508071818,0.0819535970785648,0.757646231558384,1.80055503813783,-1.09973251600795,0.0932746399633739,-0.812556697577705,-0.8584470103838,-3.55893043906522,-3.14463345638103,-2.73033647369684,-2.31603949101264,-1.90174250832845,-1.48744552564426,-1.07314854296006,-0.65885156027587,-0.244554577591677,0.169742405092515,0.584039387776709,0.998336370460903,1.41263335314509,1.82693033582929,2.24122731851348,2.65552430119767,3.06982128388187,3.48411826656606,3.89841524925026,4.31271223193445,4.31271223193445,4.31271223193445,4.31271223193445,4.31271223193445,4.31271223193445,4.31271223193445,4.31271223193445,4.31271223193445,4.31271223193445,4.31271223193445,4.31271223193445,4.31271223193445,4.31271223193445,4.31271223193445,4.31271223193445,4.31271223193445,4.31271223193445,4.31271223193445,4.31271223193445,4.31271223193445,-14.5107737522128,-11.4031618503502,-8.72211370065423,-6.43438146545999,-4.50671730710265,-2.90587338791736,-1.59860187023927,-0.551654916403516,0.26821531125475,0.894256650400376,1.35971693869824,1.69784401381317,1.94188571341004,2.12508987515368,2.28070433670899,2.44197693574078,2.64215550991391,2.91448789689326,3.29222193434365,3.80860545992997,3.80860545992997,3.80860545992997,3.80860545992997,3.80860545992997,3.80860545992997,3.80860545992997,3.80860545992997,3.80860545992997,3.80860545992997,3.80860545992997,3.80860545992997,3.80860545992997,3.80860545992997,3.80860545992997,3.80860545992997,3.80860545992997,3.80860545992997,3.80860545992997,3.80860545992997,3.80860545992997,-4.99618780771504,-4.37622702848012,-3.75626624924518,-3.13630547001026,-2.51634469077533,-1.8963839115404,-1.27836721387619,-0.673372252132795,-0.0998135956843704,0.424546919416491,0.892041480710372,1.30869038084547,1.6883592907534,2.04301508681518,2.37814216306573,2.69559360959889,2.99777807807571,3.28817234430331,3.5702861639665,3.84802375450679,3.84802375450679,3.84802375450679,3.84802375450679,3.84802375450679,3.84802375450679,3.84802375450679,3.84802375450679,3.84802375450679,3.84802375450679,3.84802375450679,3.84802375450679,3.84802375450679,3.84802375450679,3.84802375450679,3.84802375450679,3.84802375450679,3.84802375450679,3.84802375450679,3.84802375450679,3.84802375450679,1,1,1,1,1,1,1,1,1,1,1,1,1,1,1,1,1,1,1,1,1,1,1,1,1,1,1,1,1,1,1,1,1,1,1,1,1,1,1,1
-0.567016902747684,0.63319223656196,0.796127327526407,1.13325869077736,-1.51351561950425,0.0434686304237237,-1.28861440966461,2.36598387520789,-1.90370346685485,2.59357259927944,0.0973553908165847,-2.08751054406751,1.46702561088491,1.01950707500057,3.96427546851493,0.346647869647635,1.82553640498246,0.843036601075516,0.5966249410705,-0.213763038750512,1.7280009399691,1.60469298637857,-0.243887353157278,-1.15580608301017,0.791775598501898,1.34911584993953,1.59272012972061,-0.459158043050932,1.36391995626825,1.36052613682985,-0.333091565300439,-1.3259467478827,0.482580703551351,0.247963557417961,2.65206041981388,1.33695731656123,0.331933797099301,-0.273924537332629,0.133969386122205,0.237777451793962,-0.339880825067542,-0.305734113375553,-0.271587401683564,-0.237440689991574,-0.203293978299584,-0.169147266607597,-0.135000554915607,-0.100853843223616,-0.0667071315316274,-0.0325604198396388,0.00158629185234993,0.0357330035443422,0.0698797152363291,0.10402642692832,0.13817313862031,0.172319850312299,0.206466562004287,0.240613273696278,0.274759985388268,0.308906697080257,0.308906697080257,0.308906697080257,0.308906697080257,0.308906697080257,0.308906697080257,0.308906697080257,0.308906697080257,0.308906697080257,0.308906697080257,0.308906697080257,0.308906697080257,0.308906697080257,0.308906697080257,0.308906697080257,0.308906697080257,0.308906697080257,0.308906697080257,0.308906697080257,0.308906697080257,0.308906697080257,17.9254865209337,12.0795919380021,7.4757665419604,3.98598375818721,1.48221701206112,-0.16356027103923,-1.07937466573525,-1.39325274664835,-1.2332210883999,-0.727306265611325,-0.00353485290399291,0.810066575100706,1.58547144378138,2.19465317851659,2.50958520468498,2.40224094766516,1.7445938328357,0.408617285575223,-1.7337152687376,-4.81043040472426,-4.81043040472426,-4.81043040472426,-4.81043040472426,-4.81043040472426,-4.81043040472426,-4.81043040472426,-4.81043040472426,-4.81043040472426,-4.81043040472426,-4.81043040472426,-4.81043040472426,-4.81043040472426,-4.81043040472426,-4.81043040472426,-4.81043040472426,-4.81043040472426,-4.81043040472426,-4.81043040472426,-4.81043040472426,-4.81043040472426,-0.257769182827958,-0.307784518138845,-0.357799853449714,-0.407815188760584,-0.457830524071464,-0.507845859382337,-0.543944542543514,-0.510341933150531,-0.397999243446403,-0.22477336069081,0.0208225415551784,0.346958903319628,0.710469887748186,1.0252956115956,1.18852027753052,1.11007132920854,0.749063545752886,0.116562170167764,-0.739984423297171,-1.72603066335673,-1.72603066335673,-1.72603066335673,-1.72603066335673,-1.72603066335673,-1.72603066335673,-1.72603066335673,-1.72603066335673,-1.72603066335673,-1.72603066335673,-1.72603066335673,-1.72603066335673,-1.72603066335673,-1.72603066335673,-1.72603066335673,-1.72603066335673,-1.72603066335673,-1.72603066335673,-1.72603066335673,-1.72603066335673,-1.72603066335673,1,1,1,1,1,1,1,1,1,1,1,1,1,1,1,1,1,1,1,1,1,1,1,1,1,1,1,1,1,1,1,1,1,1,1,1,1,1,1,1
-1.06696875500945,-1.26722718385197,-0.13610856009418,-1.01145004005042,1.52665669171024,-1.38998102981889,-0.902159881175509,0.287387325642333,0.323529837552286,1.74784433272776,1.38255965740437,-1.03963148457546,2.05967232976611,1.19748901375795,1.00496536310402,1.46971166735125,0.805200422664717,-0.441769805728777,2.813158085685,-0.749818362747916,-2.19832429316803,-1.18537805973018,-1.05924760949908,1.29268671235126,-0.960002491172515,0.562682066635791,1.29826015291993,-0.479176461008043,1.5593089744177,-0.779955609548711,-0.762680830049945,1.44347970145895,-0.0951950219442477,-1.64549295471266,-0.636722500978397,-0.89410969061149,0.253636169643995,0.158773500589346,1.25842153641575,0.300940823205945,-2.35344718682241,-2.05722833036817,-1.76100947391393,-1.46479061745969,-1.16857176100545,-0.872352904551208,-0.576134048096968,-0.279915191642727,0.0163036648115131,0.312522521265754,0.608741377719996,0.904960234174236,1.20117909062848,1.49739794708272,1.79361680353696,2.0898356599912,2.38605451644544,2.68227337289968,2.97849222935392,3.27471108580817,3.27471108580817,3.27471108580817,3.27471108580817,3.27471108580817,3.27471108580817,3.27471108580817,3.27471108580817,3.27471108580817,3.27471108580817,3.27471108580817,3.27471108580817,3.27471108580817,3.27471108580817,3.27471108580817,3.27471108580817,3.27471108580817,3.27471108580817,3.27471108580817,3.27471108580817,3.27471108580817,-3.44158241370675,-3.14482731543088,-2.78311189093692,-2.36843206121221,-1.9127837472441,-1.42816287001997,-0.926565350527166,-0.419987109753038,0.0795759313150555,0.560127851689762,1.00967273038372,1.41621464640958,1.76775767877998,2.05230590650756,2.25786340860498,2.37243426408487,2.38402255195988,2.28063235124266,2.05026774094584,1.68093280008208,1.68093280008208,1.68093280008208,1.68093280008208,1.68093280008208,1.68093280008208,1.68093280008208,1.68093280008208,1.68093280008208,1.68093280008208,1.68093280008208,1.68093280008208,1.68093280008208,1.68093280008208,1.68093280008208,1.68093280008208,1.68093280008208,1.68093280008208,1.68093280008208,1.68093280008208,1.68093280008208,-2.49513147198563,-2.17964844060042,-1.86416540921521,-1.54868237783,-1.23319934644479,-0.917716315059579,-0.602202735891664,-0.286739180558556,0.0275210549825466,0.338603524656575,0.644921607722353,0.945782726674867,1.24086802669601,1.53003709625461,1.81386755533343,2.09368547756335,2.37082296092938,2.64630639178154,2.92107207752415,3.19575860238133,3.19575860238133,3.19575860238133,3.19575860238133,3.19575860238133,3.19575860238133,3.19575860238133,3.19575860238133,3.19575860238133,3.19575860238133,3.19575860238133,3.19575860238133,3.19575860238133,3.19575860238133,3.19575860238133,3.19575860238133,3.19575860238133,3.19575860238133,3.19575860238133,3.19575860238133,3.19575860238133,1,1,1,1,1,1,1,1,1,1,1,1,1,0,1,1,1,1,1,1,1,1,1,1,1,1,1,1,1,1,1,1,1,1,1,1,1,1,1,1
0.866962886193872,-1.19438012801032,0.427942463323371,-0.0161437798200508,-2.39717114600796,1.23839830710913,-1.18956851019573,-1.37276923845926,1.71699063532325,-1.39519640085605,0.791228838579704,2.3943276133054,1.6059456615997,1.50270923642787,-1.67687117600999,1.34923791996015,1.96925713879002,-0.0099633649833617,-1.13706820984342,-0.198868255172323,1.68373275307129,0.00935277028802872,0.157594441818324,-2.28503597643708,-0.592961682871671,-0.861990420598438,-2.05158292152617,0.700126308833479,-0.183938393252491,-0.788740343532517,-0.729249278913391,-1.62263066476005,-2.71334423064,-0.856164680729485,0.625559335884779,-0.159338910596235,1.4420548417366,0.152716179113577,-0.426239795414727,-1.9867026981053,0.993520328440813,0.916515536637586,0.83951074483436,0.762505953031134,0.685501161227909,0.608496369424682,0.531491577621457,0.454486785818231,0.377481994015007,0.300477202211779,0.223472410408554,0.14646761860533,0.0694628268021003,-0.00754196500112236,-0.0845467568043485,-0.161551548607573,-0.238556340410797,-0.315561132214023,-0.392565924017251,-0.469570715820476,-0.469570715820476,-0.469570715820476,-0.469570715820476,-0.469570715820476,-0.469570715820476,-0.469570715820476,-0.469570715820476,-0.469570715820476,-0.469570715820476,-0.469570715820476,-0.469570715820476,-0.469570715820476,-0.469570715820476,-0.469570715820476,-0.469570715820476,-0.469570715820476,-0.469570715820476,-0.469570715820476,-0.469570715820476,-0.469570715820476,26.6761292777246,19.2140667026487,13.164527134523,8.39294022182381,4.76473561302763,2.14534295661081,0.400191901049741,-0.6052879051792,-1.00566681359961,-0.935515175735098,-0.529403343109278,0.0780983327542604,0.7524195003319,1.3589898081,1.76323890453497,1.83059643811324,1.42649205731117,0.41635541060513,-1.33438385352845,-3.96029608661321,-3.96029608661321,-3.96029608661321,-3.96029608661321,-3.96029608661321,-3.96029608661321,-3.96029608661321,-3.96029608661321,-3.96029608661321,-3.96029608661321,-3.96029608661321,-3.96029608661321,-3.96029608661321,-3.96029608661321,-3.96029608661321,-3.96029608661321,-3.96029608661321,-3.96029608661321,-3.96029608661321,-3.96029608661321,-3.96029608661321,1.02947539796798,0.946476307732862,0.863477217497749,0.780478127262635,0.697479037027518,0.614479946792404,0.531676285385664,0.449994340646091,0.370279093142225,0.292955999004196,0.217916634599817,0.144240623209765,0.070563520091973,-0.00393081962112518,-0.0792533186474369,-0.155362379147773,-0.232545693981528,-0.31088024697454,-0.389889109106438,-0.469041617504216,-0.469041617504216,-0.469041617504216,-0.469041617504216,-0.469041617504216,-0.469041617504216,-0.469041617504216,-0.469041617504216,-0.469041617504216,-0.469041617504216,-0.469041617504216,-0.469041617504216,-0.469041617504216,-0.469041617504216,-0.469041617504216,-0.469041617504216,-0.469041617504216,-0.469041617504216,-0.469041617504216,-0.469041617504216,-0.469041617504216,1,1,1,1,1,1,1,1,1,1,1,1,1,1,1,1,1,1,1,1,1,1,1,1,1,1,1,1,1,1,1,1,1,1,1,1,1,1,1,1
0.094296383387297,1.25995338932477,2.60865729704048,0.380207812871014,0.455882708399113,-1.62817394744839,-0.527024513636844,-0.431363013477068,-1.76151766314623,3.21444931256129,0.0257670235878127,-0.0336295546779919,0.680000993294174,-2.71993988648904,-0.387714267409857,1.05993547137481,2.43872707327934,0.644368125773438,-1.61582049815434,1.27365894422048,1.6159647660387,-0.594376933197479,-0.265315655787777,-0.262688500824357,-1.31107851728875,2.01946311689581,0.644202427903398,1.93958737854654,1.26381957403765,3.03138627883136,1.67526056438854,-3.15405283745944,-2.2300525888962,0.144597333785818,1.98850563971377,-0.157568688830885,2.92366307957517,-0.104376270173882,3.2858597100325,-2.41827823276011,3.52886837968468,3.27241012945237,3.01595187922007,2.75949362898776,2.50303537875546,2.24657712852315,1.99011887829085,1.73366062805854,1.47720237782624,1.22074412759393,0.964285877361629,0.707827627129324,0.451369376897018,0.194911126664712,-0.0615471235675926,-0.318005373799897,-0.574463624032203,-0.830921874264508,-1.08738012449681,-1.34383837472912,-1.34383837472912,-1.34383837472912,-1.34383837472912,-1.34383837472912,-1.34383837472912,-1.34383837472912,-1.34383837472912,-1.34383837472912,-1.34383837472912,-1.34383837472912,-1.34383837472912,-1.34383837472912,-1.34383837472912,-1.34383837472912,-1.34383837472912,-1.34383837472912,-1.34383837472912,-1.34383837472912,-1.34383837472912,-1.34383837472912,30.3319673439746,22.4861257762069,16.0688548226895,10.9457494764696,6.98240473059456,4.04441557811186,1.99737701206885,0.706884025512855,0.0385316114913099,-0.142085236948441,0.0306284732409488,0.422267735106896,0.89842754169675,1.32470288605789,1.5666887612377,1.48998016028351,0.960172076242769,-0.15714049783721,-1.99636256890902,-4.69189914392536,-4.69189914392536,-4.69189914392536,-4.69189914392536,-4.69189914392536,-4.69189914392536,-4.69189914392536,-4.69189914392536,-4.69189914392536,-4.69189914392536,-4.69189914392536,-4.69189914392536,-4.69189914392536,-4.69189914392536,-4.69189914392536,-4.69189914392536,-4.69189914392536,-4.69189914392536,-4.69189914392536,-4.69189914392536,-4.69189914392536,6.91810542134372,6.0888191610582,5.25953290077271,4.43024664048722,3.6009603802017,2.7716741199162,1.95467104934726,1.25672711196677,0.937367158007952,1.04927208644307,1.24917359175778,1.16407246453688,0.728758806592834,0.154801553897531,-0.233953963380831,-0.268559121993599,-0.173697713491247,-0.33800595183788,-0.854445262062212,-1.53549781395217,-1.53549781395217,-1.53549781395217,-1.53549781395217,-1.53549781395217,-1.53549781395217,-1.53549781395217,-1.53549781395217,-1.53549781395217,-1.53549781395217,-1.53549781395217,-1.53549781395217,-1.53549781395217,-1.53549781395217,-1.53549781395217,-1.53549781395217,-1.53549781395217,-1.53549781395217,-1.53549781395217,-1.53549781395217,-1.53549781395217,1,1,1,1,1,1,1,1,1,1,1,1,1,1,1,1,1,1,1,1,1,1,1,1,1,1,1,1,1,1,1,1,1,1,1,1,1,1,1,1
1.46946502249205,-2.31851406582346,-0.597834293334524,1.32372529836343,0.526169665018551,1.92244763986258,1.92254813851471,-1.98268632999732,1.26144105779515,2.28820052329021,0.766332256738977,-0.149594709728957,1.12515824929068,-3.0014405341069,0.712419650491618,2.99885756515809,-1.09458094441764,1.14137884943657,0.166822329223015,0.0958334949315542,1.03926904273579,-0.517893156532976,1.19879574789935,0.120855776759702,-1.41665899042756,1.6942632772109,0.910558453004608,1.01155536955822,-0.238912052447185,-1.79310687080168,0.249296003844613,-1.17624582948753,-0.648075991519203,0.148453476655158,0.21518719632965,0.184831343528051,-2.57490359188326,1.91835266668054,-0.454366476058714,1.00300945753692,2.45184819133157,2.18946213483494,1.92707607833832,1.6646900218417,1.40230396534508,1.13991790884846,0.877531852351835,0.61514579585521,0.352759739358588,0.0903736828619657,-0.172012373634656,-0.434398430131278,-0.6967844866279,-0.95917054312452,-1.22155659962115,-1.48394265611777,-1.74632871261439,-2.00871476911101,-2.27110082560763,-2.53348688210426,-2.53348688210426,-2.53348688210426,-2.53348688210426,-2.53348688210426,-2.53348688210426,-2.53348688210426,-2.53348688210426,-2.53348688210426,-2.53348688210426,-2.53348688210426,-2.53348688210426,-2.53348688210426,-2.53348688210426,-2.53348688210426,-2.53348688210426,-2.53348688210426,-2.53348688210426,-2.53348688210426,-2.53348688210426,-2.53348688210426,-5.46730484451409,-4.03514835747332,-2.8181805663482,-1.80464151488889,-0.982771246845523,-0.340809805968251,0.133002763992772,0.450426419287406,0.623221116165505,0.663146810876906,0.581963459671485,0.391431018799082,0.103309444509552,-0.270641306947258,-0.718661279321489,-1.22899051636329,-1.78986906182281,-2.38953695945018,-3.01623425299558,-3.65820098620913,-3.65820098620913,-3.65820098620913,-3.65820098620913,-3.65820098620913,-3.65820098620913,-3.65820098620913,-3.65820098620913,-3.65820098620913,-3.65820098620913,-3.65820098620913,-3.65820098620913,-3.65820098620913,-3.65820098620913,-3.65820098620913,-3.65820098620913,-3.65820098620913,-3.65820098620913,-3.65820098620913,-3.65820098620913,-3.65820098620913,-0.702057396738602,-0.547389861565617,-0.392722326392624,-0.238054791219637,-0.0833872560466542,0.0712802791263378,0.225435663113111,0.372428303299595,0.485948663009593,0.524904836042278,0.450991221187563,0.248680416914913,-0.0593960750955898,-0.427035519122317,-0.825762249337464,-1.25948920068925,-1.73930808131916,-2.26761787897269,-2.84184772368106,-3.44704973364444,-3.44704973364444,-3.44704973364444,-3.44704973364444,-3.44704973364444,-3.44704973364444,-3.44704973364444,-3.44704973364444,-3.44704973364444,-3.44704973364444,-3.44704973364444,-3.44704973364444,-3.44704973364444,-3.44704973364444,-3.44704973364444,-3.44704973364444,-3.44704973364444,-3.44704973364444,-3.44704973364444,-3.44704973364444,-3.44704973364444,1,1,1,1,1,1,1,1,1,1,1,1,1,1,1,1,1,1,1,0,0,0,0,0,0,0,0,0,0,0,0,0,0,0,0,0,0,0,0,0
1.13366109616068,0.348171828230131,-0.00284859739722432,-3.93202831809468,1.07718500327015,1.12307980704215,-0.9721785637943,1.18827586367092,1.25208191410666,-0.738559980834516,1.20761784740666,-0.156597184206998,-2.98178767851293,0.78090429139764,-1.64038941327905,1.82940004236159,-0.488322301677268,-1.20658148871789,0.0755424057218583,-0.827125449986672,-0.793354662137808,0.666086521884843,-0.110206047218226,-1.80797141513551,0.655102735311889,0.755285452842399,1.54240000132353,0.255654602494543,0.0217888681670768,-1.77128891953689,-0.0980923353379488,0.0686332338665974,0.403958712484572,-0.159263408615457,-1.69719372845361,-0.558408797953927,-1.55415927817458,2.81549106722799,-0.094700602280378,2.56252047432286,-1.19996249154755,-1.03506354468858,-0.870164597829612,-0.705265650970644,-0.540366704111674,-0.375467757252704,-0.210568810393735,-0.0456698635347639,0.119229083324205,0.284128030183178,0.449026977042147,0.613925923901114,0.778824870760086,0.943723817619055,1.10862276447803,1.273521711337,1.43842065819596,1.60331960505493,1.7682185519139,1.93311749877287,1.93311749877287,1.93311749877287,1.93311749877287,1.93311749877287,1.93311749877287,1.93311749877287,1.93311749877287,1.93311749877287,1.93311749877287,1.93311749877287,1.93311749877287,1.93311749877287,1.93311749877287,1.93311749877287,1.93311749877287,1.93311749877287,1.93311749877287,1.93311749877287,1.93311749877287,1.93311749877287,-10.4203484844941,-7.97946994557635,-5.90494989659543,-4.16735909853558,-2.73726831238104,-1.58524829911607,-0.681869819724909,0.00229636480819195,0.496679493498986,0.83070880536321,1.03381353941664,1.13542293467499,1.16496623015405,1.15187266486955,1.12557147783726,1.1154919080729,1.15106319459224,1.26171457641104,1.47687529254502,1.82597458200996,1.82597458200996,1.82597458200996,1.82597458200996,1.82597458200996,1.82597458200996,1.82597458200996,1.82597458200996,1.82597458200996,1.82597458200996,1.82597458200996,1.82597458200996,1.82597458200996,1.82597458200996,1.82597458200996,1.82597458200996,1.82597458200996,1.82597458200996,1.82597458200996,1.82597458200996,1.82597458200996,-2.85972666246318,-2.46807300481111,-2.07641934715903,-1.68476568950696,-1.29311203185488,-0.901458374202811,-0.512974961234226,-0.143813235257369,0.187559794500769,0.472317611883227,0.710365381049209,0.903048000256518,1.05583146974992,1.18389827162416,1.30162870003121,1.40633088654641,1.4818025090862,1.51785852727085,1.52087411667662,1.50744429488139,1.50744429488139,1.50744429488139,1.50744429488139,1.50744429488139,1.50744429488139,1.50744429488139,1.50744429488139,1.50744429488139,1.50744429488139,1.50744429488139,1.50744429488139,1.50744429488139,1.50744429488139,1.50744429488139,1.50744429488139,1.50744429488139,1.50744429488139,1.50744429488139,1.50744429488139,1.50744429488139,1,1,1,1,1,1,1,1,1,1,1,1,1,1,1,1,1,1,1,1,1,1,1,1,1,1,1,1,1,1,1,1,1,1,1,1,1,1,1,1
-1.3498810139792,0.793261582776783,-0.397783375604101,0.76998884040621,-1.69783786407061,-0.438957020223554,-2.65700375995602,-1.80592632656739,2.25260220352758,-0.296494193170391,1.5827986793699,0.00440339153243485,-0.896186008328826,0.119400791757915,0.501271249079279,3.85300860130463,-1.23349127234695,1.64752567688578,2.65298549003685,0.442453627629423,1.93243114990102,1.33605676931745,-4.35718143278483,1.95685411509815,-0.148123368914041,-0.404169488954318,-0.971627877763025,-1.47294709235305,2.06767726394416,-0.625451233562226,-1.43369367372971,-2.44448884496062,-1.18579586631601,0.37342876786899,-0.771918956403445,-0.943715824997424,4.38033108314883,2.75244404292489,-1.44648101901173,0.688761179108415,-2.59167034319078,-2.32986482876701,-2.06805931434325,-1.80625379991948,-1.54444828549571,-1.28264277107194,-1.02083725664817,-0.7590317422244,-0.497226227800632,-0.235420713376861,0.0263848010469072,0.288190315470676,0.549995829894446,0.811801344318214,1.07360685874198,1.33541237316575,1.59721788758952,1.85902340201329,2.12082891643706,2.38263443086083,2.38263443086083,2.38263443086083,2.38263443086083,2.38263443086083,2.38263443086083,2.38263443086083,2.38263443086083,2.38263443086083,2.38263443086083,2.38263443086083,2.38263443086083,2.38263443086083,2.38263443086083,2.38263443086083,2.38263443086083,2.38263443086083,2.38263443086083,2.38263443086083,2.38263443086083,2.38263443086083,2.94812556041281,1.65819676899438,0.652807666019894,-0.0938425829931475,-0.607554812527253,-0.914129857064928,-1.03936855108868,-1.00907172908103,-0.849040225524467,-0.585074874901504,-0.242976511694655,0.151454029613584,0.572415914540708,0.994108308604178,1.39073037732155,1.73648128621023,2.00556020078781,2.17216628657168,2.21049870907941,2.09475663382845,2.09475663382845,2.09475663382845,2.09475663382845,2.09475663382845,2.09475663382845,2.09475663382845,2.09475663382845,2.09475663382845,2.09475663382845,2.09475663382845,2.09475663382845,2.09475663382845,2.09475663382845,2.09475663382845,2.09475663382845,2.09475663382845,2.09475663382845,2.09475663382845,2.09475663382845,2.09475663382845,-4.89227695064622,-4.26201868904696,-3.63176042744771,-3.00150216584846,-2.37124390424921,-1.74098564264994,-1.10987432412185,-0.504622571456191,-0.0702397429202009,0.0836498139419799,0.0665660361341125,0.112056546659518,0.348727892672395,0.727587256685489,1.11586406491668,1.40805668623449,1.56994356115638,1.61242962788643,1.556663592987,1.44120800762155,1.44120800762155,1.44120800762155,1.44120800762155,1.44120800762155,1.44120800762155,1.44120800762155,1.44120800762155,1.44120800762155,1.44120800762155,1.44120800762155,1.44120800762155,1.44120800762155,1.44120800762155,1.44120800762155,1.44120800762155,1.44120800762155,1.44120800762155,1.44120800762155,1.44120800762155,1.44120800762155,1,1,1,1,1,1,1,1,1,1,1,1,1,1,1,1,1,1,1,1,1,1,1,1,1,1,1,1,1,1,1,1,1,1,1,1,1,1,1,1
0.971940443018197,-0.155695885833323,-2.05088677928432,1.62193700487025,-2.30208383507995,1.99656085713852,-0.735245873630254,0.478752411789021,-0.225706097591004,0.710287847521339,-0.112243544553303,-0.442469864619966,1.88936918719743,-0.420757987869948,0.249828809127973,-2.43414677029608,-0.347349961459187,2.00782108718462,0.228338310041378,-0.0298696359869552,-2.83737503044931,-2.09531532050196,-1.07048866532181,1.12637136393355,0.0604289237261231,2.16544033300791,1.41812776759999,0.730945154415187,1.33063471837266,-0.474640777428855,-0.151114627487001,0.213849823686751,-1.20108880673269,1.24550008348731,-0.508183650847604,1.26255062962891,-0.594867458767938,0.0717389235352783,2.0948605624354,1.32595216104664,0.589383921963473,0.654655951779325,0.719927981595176,0.785200011411028,0.850472041226878,0.915744071042731,0.981016100858582,1.04628813067444,1.11156016049029,1.17683219030614,1.24210422012199,1.30737624993784,1.37264827975369,1.43792030956955,1.5031923393854,1.56846436920125,1.6337363990171,1.69900842883295,1.76428045864881,1.82955248846466,1.82955248846466,1.82955248846466,1.82955248846466,1.82955248846466,1.82955248846466,1.82955248846466,1.82955248846466,1.82955248846466,1.82955248846466,1.82955248846466,1.82955248846466,1.82955248846466,1.82955248846466,1.82955248846466,1.82955248846466,1.82955248846466,1.82955248846466,1.82955248846466,1.82955248846466,1.82955248846466,8.42575113860433,5.83180007895193,3.8161979745493,2.31872636778999,1.27916680106753,0.637300816775479,0.332909957307356,0.30577576505671,0.495679782417078,0.842403551782009,1.28572861554503,1.7654365160997,2.22130879583953,2.59312699715809,2.8206726624489,2.84372733410552,2.60207255452149,2.03548986609031,1.08376081120557,-0.313333067739221,-0.313333067739221,-0.313333067739221,-0.313333067739221,-0.313333067739221,-0.313333067739221,-0.313333067739221,-0.313333067739221,-0.313333067739221,-0.313333067739221,-0.313333067739221,-0.313333067739221,-0.313333067739221,-0.313333067739221,-0.313333067739221,-0.313333067739221,-0.313333067739221,-0.313333067739221,-0.313333067739221,-0.313333067739221,-0.313333067739221,-1.64368916255322,-1.29039226986777,-0.937095377182316,-0.583798484496863,-0.230501591811412,0.122795300874044,0.472439491464458,0.803917312819708,1.11387620348041,1.39824536870694,1.63826049755739,1.81543098574572,1.92209600949759,1.95812693847665,1.93380016850493,1.86303304008875,1.74284550644166,1.56046752606712,1.32380000991838,1.06137185592248,1.06137185592248,1.06137185592248,1.06137185592248,1.06137185592248,1.06137185592248,1.06137185592248,1.06137185592248,1.06137185592248,1.06137185592248,1.06137185592248,1.06137185592248,1.06137185592248,1.06137185592248,1.06137185592248,1.06137185592248,1.06137185592248,1.06137185592248,1.06137185592248,1.06137185592248,1.06137185592248,1,1,1,1,1,1,1,1,1,1,1,1,1,1,1,1,0,1,1,1,1,1,1,1,1,1,1,1,1,1,1,1,1,1,1,1,1,1,1,1
3.61115561010783,-0.468347793043057,-0.0878057783176009,-0.19072295126356,-0.794628786530843,0.764363681053557,-0.590162769074839,-0.93221641302995,-1.7567127116101,-1.02156688242485,-2.51329991628937,0.673060656236137,0.371090330702373,1.30054807317747,-2.01857908828682,-2.07965642023755,-1.28229970692399,-1.94171214428652,-0.926636147843565,1.31588437721628,-0.959501540337754,2.50877437010315,-0.66994215525324,-2.56751060253432,1.11142116080248,0.452797560615171,-1.87170404805833,-2.84867032899827,2.50568703737793,-0.545778326895224,1.5221268274024,-1.57818267897027,-0.938402582264789,-0.39922976893858,-0.0238132468162036,-0.796586562070125,-0.0282733735744056,-4.89809405822886,0.969522801980988,-1.56275399389649,-0.150457427072295,-0.136484485387312,-0.122511543702332,-0.108538602017347,-0.0945656603323677,-0.0805927186473845,-0.0666197769624013,-0.0526468352774199,-0.0386738935924367,-0.0247009519074517,-0.0107280102224738,0.00324493146250937,0.0172178731474908,0.031190814832474,0.0451637565174554,0.0591366982024386,0.07310963988742,0.0870825815724015,0.101055523257386,0.115028464942366,0.115028464942366,0.115028464942366,0.115028464942366,0.115028464942366,0.115028464942366,0.115028464942366,0.115028464942366,0.115028464942366,0.115028464942366,0.115028464942366,0.115028464942366,0.115028464942366,0.115028464942366,0.115028464942366,0.115028464942366,0.115028464942366,0.115028464942366,0.115028464942366,0.115028464942366,0.115028464942366,-5.57772344739844,-3.8305272343168,-2.46064080645595,-1.42697641361978,-0.688446305612196,-0.203962732237104,0.0675620567016022,0.167215811400014,0.136086282054231,0.0152612188603598,-0.154171627985502,-0.331124508287257,-0.474509671848809,-0.543239368474058,-0.496225847966899,-0.292381360131246,0.109381845229008,0.750151518309959,1.67101540930773,2.9130612684184,2.9130612684184,2.9130612684184,2.9130612684184,2.9130612684184,2.9130612684184,2.9130612684184,2.9130612684184,2.9130612684184,2.9130612684184,2.9130612684184,2.9130612684184,2.9130612684184,2.9130612684184,2.9130612684184,2.9130612684184,2.9130612684184,2.9130612684184,2.9130612684184,2.9130612684184,2.9130612684184,-4.48870496075155,-3.73113487320974,-2.97356478566792,-2.2159946981261,-1.45842461058429,-0.700854523042478,0.0290663160683682,0.572838156557049,0.705279578197867,0.405069030846718,-0.0907707359576921,-0.550296409901515,-0.855620620638762,-0.905768695687847,-0.670539616847696,-0.270823006254838,0.168195000934491,0.627823205309022,1.10180418037204,1.56317974724592,1.56317974724592,1.56317974724592,1.56317974724592,1.56317974724592,1.56317974724592,1.56317974724592,1.56317974724592,1.56317974724592,1.56317974724592,1.56317974724592,1.56317974724592,1.56317974724592,1.56317974724592,1.56317974724592,1.56317974724592,1.56317974724592,1.56317974724592,1.56317974724592,1.56317974724592,1.56317974724592,1,1,1,1,1,1,1,1,1,1,1,1,1,1,1,1,1,1,1,1,1,1,1,1,1,1,1,1,1,1,1,1,1,1,1,1,1,1,1,1
-0.350291750115444,0.745954139257121,-1.7666857618849,1.07901558980328,1.08884755942333,0.133482435242022,2.32792484851087,-1.26100042971532,-3.09561814183071,2.92043160731171,0.102327512623081,0.563203651997259,0.750289485105657,-2.35644599539147,0.831602629276354,2.03701332380535,-1.95841017807576,2.38438962439437,-3.13743561905363,-1.69708104837683,-2.20737074420554,0.426770497869377,-0.286154868026962,-0.542066880609198,-1.31164409707243,1.7167293827723,-1.58335478956664,-2.5215592373325,0.479676384676379,-0.501915759847725,-2.28366725999704,-1.49780286627754,-1.74331863463756,0.800404402587205,0.440392617843852,-1.8222531838599,0.0179797236418509,-1.31512058423288,-1.45415567986173,-1.60491592633774,0.253986612205383,0.149318356892197,0.0446501015790108,-0.060018153734176,-0.164686409047362,-0.269354664360547,-0.374022919673733,-0.478691174986919,-0.583359430300105,-0.688027685613291,-0.792695940926476,-0.897364196239662,-1.00203245155285,-1.10670070686603,-1.21136896217922,-1.31603721749241,-1.42070547280559,-1.52537372811878,-1.63004198343196,-1.73471023874515,-1.73471023874515,-1.73471023874515,-1.73471023874515,-1.73471023874515,-1.73471023874515,-1.73471023874515,-1.73471023874515,-1.73471023874515,-1.73471023874515,-1.73471023874515,-1.73471023874515,-1.73471023874515,-1.73471023874515,-1.73471023874515,-1.73471023874515,-1.73471023874515,-1.73471023874515,-1.73471023874515,-1.73471023874515,-1.73471023874515,0.859063365333371,0.447463714200076,0.114415005554385,-0.148873586719415,-0.351192888737037,-0.5013337266142,-0.608086926466626,-0.680243314410029,-0.726593716560131,-0.755928959032644,-0.777039867943287,-0.798717269407781,-0.829751989541844,-0.878934854461191,-0.955056690281534,-1.0669083231186,-1.22328057908812,-1.43296428430578,-1.7047502648873,-2.04742934694843,-2.04742934694843,-2.04742934694843,-2.04742934694843,-2.04742934694843,-2.04742934694843,-2.04742934694843,-2.04742934694843,-2.04742934694843,-2.04742934694843,-2.04742934694843,-2.04742934694843,-2.04742934694843,-2.04742934694843,-2.04742934694843,-2.04742934694843,-2.04742934694843,-2.04742934694843,-2.04742934694843,-2.04742934694843,-2.04742934694843,0.253516724433418,0.148906440815543,0.0442961571976683,-0.0603141264202049,-0.164924410038081,-0.269534693655956,-0.374143237128673,-0.478743867939629,-0.583341159253141,-0.687950987561253,-0.79258622351605,-0.897247569600186,-1.00192775154778,-1.10661912826149,-1.21131625838913,-1.31601614122154,-1.42071776076186,-1.52541900060321,-1.63011575009924,-1.73480726632323,-1.73480726632323,-1.73480726632323,-1.73480726632323,-1.73480726632323,-1.73480726632323,-1.73480726632323,-1.73480726632323,-1.73480726632323,-1.73480726632323,-1.73480726632323,-1.73480726632323,-1.73480726632323,-1.73480726632323,-1.73480726632323,-1.73480726632323,-1.73480726632323,-1.73480726632323,-1.73480726632323,-1.73480726632323,-1.73480726632323,1,1,1,1,1,1,1,1,1,1,1,1,1,1,1,1,1,1,1,1,1,1,1,1,1,1,1,1,1,1,1,1,1,1,1,1,1,1,1,1
-0.504505247820343,1.09331257939681,-0.974537578294952,-1.89098198830741,0.665272727835548,-0.64787614355022,-0.608719819007412,-1.05617972302516,-0.272133124775793,-0.161576492891125,-0.340087706949992,-4.24396553682424,-0.330138666459565,-4.4706899339496,2.06628380045667,-2.20124962414357,-0.195716653141519,-0.292473361894846,-0.378306566623202,0.157969574455722,3.45507277611643,-0.199851040343002,1.38102102840369,-0.78473853015449,-0.180752263057254,-0.432381809541994,-2.75373226840903,0.745638269933336,-0.13400617609625,1.65515358488146,-0.161887926631385,0.111135386664076,-1.99998563083695,-0.733516700922589,1.29188137233052,0.632444724077619,1.89277589073518,0.104267289358818,-0.752509710102181,0.539312478324758,-1.44439498856258,-1.47991402924531,-1.51543306992803,-1.55095211061075,-1.58647115129347,-1.62199019197619,-1.65750923265891,-1.69302827334164,-1.72854731402436,-1.76406635470708,-1.7995853953898,-1.83510443607252,-1.87062347675524,-1.90614251743796,-1.94166155812069,-1.97718059880341,-2.01269963948613,-2.04821868016885,-2.08373772085157,-2.1192567615343,-2.1192567615343,-2.1192567615343,-2.1192567615343,-2.1192567615343,-2.1192567615343,-2.1192567615343,-2.1192567615343,-2.1192567615343,-2.1192567615343,-2.1192567615343,-2.1192567615343,-2.1192567615343,-2.1192567615343,-2.1192567615343,-2.1192567615343,-2.1192567615343,-2.1192567615343,-2.1192567615343,-2.1192567615343,-2.1192567615343,-25.5885879094362,-19.0164021457634,-13.6613550061578,-9.41019062638147,-6.14965314219625,-3.76648668936408,-2.14743540364693,-1.17924342080673,-0.748654876605414,-0.742413906804948,-1.04726464716724,-1.54995123345423,-2.13721780142791,-2.69580848685012,-3.11246742548292,-3.27393875308815,-3.0669666054278,-2.37829511826376,-1.09466842735811,0.897169331527436,0.897169331527436,0.897169331527436,0.897169331527436,0.897169331527436,0.897169331527436,0.897169331527436,0.897169331527436,0.897169331527436,0.897169331527436,0.897169331527436,0.897169331527436,0.897169331527436,0.897169331527436,0.897169331527436,0.897169331527436,0.897169331527436,0.897169331527436,0.897169331527436,0.897169331527436,0.897169331527436,-7.26159252265161,-6.37646670752994,-5.49134089240826,-4.60621507728659,-3.72108926216489,-2.83596344704318,-1.95143767943697,-1.11376209057404,-0.570424165704628,-0.66581050395194,-1.43770665902723,-2.41986976425562,-3.05506502325749,-3.23406692492468,-3.21303619106357,-3.10398762506361,-2.72212066445139,-1.90101344765425,-0.716893177696974,0.627684287658608,0.627684287658608,0.627684287658608,0.627684287658608,0.627684287658608,0.627684287658608,0.627684287658608,0.627684287658608,0.627684287658608,0.627684287658608,0.627684287658608,0.627684287658608,0.627684287658608,0.627684287658608,0.627684287658608,0.627684287658608,0.627684287658608,0.627684287658608,0.627684287658608,0.627684287658608,0.627684287658608,1,1,1,1,1,1,1,1,1,1,1,1,0,0,1,1,1,1,1,1,1,1,1,1,1,1,1,1,1,1,1,1,1,1,1,1,1,1,1,1
0.739738352065172,-0.115697861002684,-0.176485775825568,-3.57828931337676,0.96173726025565,1.61137318963466,-0.94779628353534,-0.524434122940299,1.90594472494174,-2.9856487492125,-2.28173751004024,-0.514600170289336,-1.00183031953655,-0.637322020323547,-0.549119314175156,0.769273550969791,-2.77695953043063,0.306623797278023,-0.323526361733734,0.86089441908684,1.25773953515984,0.8446973541906,0.710067451996668,0.292859158739056,2.95729165229534,0.750836324317,0.591939664812477,1.23646686224259,-0.642523910654488,-0.668353464228137,-0.685183516420139,-1.39175681343757,-0.922762134907341,-3.06249707978131,0.897936539167718,-0.191300149449958,-0.427392113506766,2.27309557552588,0.278699854624351,-0.322292732285895,4.61906006203812,4.07963375456722,3.54020744709632,3.00078113962542,2.46135483215452,1.92192852468362,1.38250221721272,0.843075909741824,0.303649602270923,-0.235776705199978,-0.775203012670877,-1.31462932014177,-1.85405562761268,-2.39348193508357,-2.93290824255448,-3.47233455002537,-4.01176085749627,-4.55118716496717,-5.09061347243807,-5.63003977990897,-5.63003977990897,-5.63003977990897,-5.63003977990897,-5.63003977990897,-5.63003977990897,-5.63003977990897,-5.63003977990897,-5.63003977990897,-5.63003977990897,-5.63003977990897,-5.63003977990897,-5.63003977990897,-5.63003977990897,-5.63003977990897,-5.63003977990897,-5.63003977990897,-5.63003977990897,-5.63003977990897,-5.63003977990897,-5.63003977990897,23.8669681968177,17.5970270519988,12.449389008329,8.31582419190739,5.08810272883309,2.65799474520513,0.917270367122568,-0.242300279315547,-0.928947068010148,-1.25089987286218,-1.31638856777259,-1.23364302664229,-1.11089312337228,-1.05636873186345,-1.17829972601677,-1.58491597973315,-2.38444736691359,-3.68512376145893,-5.59517503727028,-8.2228310682484,-8.2228310682484,-8.2228310682484,-8.2228310682484,-8.2228310682484,-8.2228310682484,-8.2228310682484,-8.2228310682484,-8.2228310682484,-8.2228310682484,-8.2228310682484,-8.2228310682484,-8.2228310682484,-8.2228310682484,-8.2228310682484,-8.2228310682484,-8.2228310682484,-8.2228310682484,-8.2228310682484,-8.2228310682484,-8.2228310682484,4.48384683090537,3.8884447094903,3.29304258807525,2.69764046666019,2.10223834524513,1.50683622383007,0.922201752723326,0.395805077489811,-0.0431074522789974,-0.387986291685593,-0.654497678027699,-0.903126920601158,-1.21140769522921,-1.62559550269149,-2.17115985816741,-2.86409675525023,-3.67625098647266,-4.54365966325156,-5.42737645345903,-6.32039637127783,-6.32039637127783,-6.32039637127783,-6.32039637127783,-6.32039637127783,-6.32039637127783,-6.32039637127783,-6.32039637127783,-6.32039637127783,-6.32039637127783,-6.32039637127783,-6.32039637127783,-6.32039637127783,-6.32039637127783,-6.32039637127783,-6.32039637127783,-6.32039637127783,-6.32039637127783,-6.32039637127783,-6.32039637127783,-6.32039637127783,1,1,1,1,1,1,1,1,1,1,1,1,1,1,1,1,0,0,0,0,0,0,0,0,0,0,0,0,0,0,0,0,0,0,0,0,0,0,0,0
0.18016292113418,-1.45690164195348,0.00279008172354711,-1.85122824394817,-0.965376478373718,1.5420741512733,0.933808898153998,-0.645195745101908,-0.595433554666371,-1.51005935132295,-1.4724897725957,0.421226073293171,3.23932140702613,-1.00459008798835,-1.47757551489237,0.381984424472702,1.71167382771119,-2.660655443926,1.86748820837682,-1.10517679717953,0.290468769156998,-1.02540621562834,-0.209602937483812,0.419746994390573,1.66195913614783,-0.759982904137301,2.11459147211403,-0.60699912231212,1.8678143592891,0.322041255069481,-0.873012778710482,-1.41430849952144,-1.40399722174258,-0.0256046312902143,0.0378875496263866,1.75512535924996,0.767411913834891,-0.860714833329128,2.83226105873492,-0.170169419346818,2.25909498847686,2.07833504813368,1.89757510779049,1.71681516744731,1.53605522710412,1.35529528676094,1.17453534641775,0.993775406074565,0.813015465731381,0.632255525388196,0.451495585045011,0.270735644701828,0.0899757043586416,-0.0907842359845432,-0.271544176327726,-0.452304116670913,-0.633064057014099,-0.813823997357282,-0.994583937700465,-1.17534387804365,-1.17534387804365,-1.17534387804365,-1.17534387804365,-1.17534387804365,-1.17534387804365,-1.17534387804365,-1.17534387804365,-1.17534387804365,-1.17534387804365,-1.17534387804365,-1.17534387804365,-1.17534387804365,-1.17534387804365,-1.17534387804365,-1.17534387804365,-1.17534387804365,-1.17534387804365,-1.17534387804365,-1.17534387804365,-1.17534387804365,15.2577658157291,11.0194653667654,7.61443084685648,4.95882979433122,2.96882974751844,1.56059824474693,0.650302824345494,0.154111024642951,-0.0118096160319059,0.0687084406497416,0.311832733016693,0.633730799397783,0.950570178121794,1.1785184075175,1.23374302591377,1.03241157163939,0.490691583023148,-0.475249401606142,-1.94924384391965,-4.01512420558862,-4.01512420558862,-4.01512420558862,-4.01512420558862,-4.01512420558862,-4.01512420558862,-4.01512420558862,-4.01512420558862,-4.01512420558862,-4.01512420558862,-4.01512420558862,-4.01512420558862,-4.01512420558862,-4.01512420558862,-4.01512420558862,-4.01512420558862,-4.01512420558862,-4.01512420558862,-4.01512420558862,-4.01512420558862,-4.01512420558862,1.29879568142822,1.23662596970111,1.174456257974,1.11228654624688,1.05011683451977,0.987947122792656,0.926842302168867,0.870221219507918,0.81362350747456,0.745741183562712,0.655756610976587,0.535138039149794,0.377433671302171,0.180520012394325,-0.0533644515991067,-0.320589080142216,-0.616147079253521,-0.931269659493372,-1.25518974560502,-1.58075629088431,-1.58075629088431,-1.58075629088431,-1.58075629088431,-1.58075629088431,-1.58075629088431,-1.58075629088431,-1.58075629088431,-1.58075629088431,-1.58075629088431,-1.58075629088431,-1.58075629088431,-1.58075629088431,-1.58075629088431,-1.58075629088431,-1.58075629088431,-1.58075629088431,-1.58075629088431,-1.58075629088431,-1.58075629088431,-1.58075629088431,1,1,1,1,1,1,1,1,1,1,1,1,1,1,1,1,1,1,1,1,1,1,1,1,1,1,1,1,1,1,1,1,1,1,1,1,1,1,1,1
1.53916568021776,-1.31497610947011,0.248172656017193,0.883262886398697,0.576917038980147,0.119146655679114,4.1391698417972,1.38832985353041,-0.908147277326313,0.559482800374587,2.26689502216099,-0.141016420578563,0.0758555403515881,0.65291857759396,-0.913907301812072,1.83471212987171,-2.24869981553956,-0.777715225782261,1.88448421705379,-0.678134187439182,0.575368240216338,0.195176643148688,-0.310113581037232,1.29413258436966,-1.09684436798706,2.02158722649362,-0.25933905746207,-1.10972380328542,1.40782223869389,1.3665020129508,-0.96215754836561,0.129714801244432,-0.377497321547793,-2.76938773872827,-0.525652517996507,-0.263623312803899,0.234056857491684,-0.581586484698459,1.96438491244986,-0.247424929971402,3.39075369691915,3.18357258902713,2.97639148113511,2.76921037324308,2.56202926535106,2.35484815745903,2.14766704956701,1.94048594167499,1.73330483378296,1.52612372589094,1.31894261799891,1.11176151010689,0.904580402214869,0.697399294322844,0.49021818643082,0.283037078538797,0.0758559706467725,-0.131325137245252,-0.338506245137275,-0.545687353029299,-0.545687353029299,-0.545687353029299,-0.545687353029299,-0.545687353029299,-0.545687353029299,-0.545687353029299,-0.545687353029299,-0.545687353029299,-0.545687353029299,-0.545687353029299,-0.545687353029299,-0.545687353029299,-0.545687353029299,-0.545687353029299,-0.545687353029299,-0.545687353029299,-0.545687353029299,-0.545687353029299,-0.545687353029299,-0.545687353029299,-11.9246920046852,-7.98508075876198,-4.79194868724054,-2.27770097360362,-0.374742801333902,0.984520646085924,1.86768418517316,2.34234263244512,2.47609080441911,2.33652351761243,1.99123558854241,1.50782183372634,0.953877069681532,0.396996112925311,-0.095226220025042,-0.455195112652209,-0.615315748438865,-0.507993310867741,-0.0656329834214606,0.779360050417241,0.779360050417241,0.779360050417241,0.779360050417241,0.779360050417241,0.779360050417241,0.779360050417241,0.779360050417241,0.779360050417241,0.779360050417241,0.779360050417241,0.779360050417241,0.779360050417241,0.779360050417241,0.779360050417241,0.779360050417241,0.779360050417241,0.779360050417241,0.779360050417241,0.779360050417241,0.779360050417241,-0.441515708228781,-0.0931387990039729,0.255238110220854,0.603615019445674,0.95199192867049,1.30036883789531,1.63973488771381,1.92489069119767,2.1037339700664,2.13619758210453,1.99497535250514,1.68287524104671,1.25889696872603,0.813773080649863,0.408185218143638,0.064336263815072,-0.196955209942244,-0.366154266988991,-0.477461530182545,-0.576294476612677,-0.576294476612677,-0.576294476612677,-0.576294476612677,-0.576294476612677,-0.576294476612677,-0.576294476612677,-0.576294476612677,-0.576294476612677,-0.576294476612677,-0.576294476612677,-0.576294476612677,-0.576294476612677,-0.576294476612677,-0.576294476612677,-0.576294476612677,-0.576294476612677,-0.576294476612677,-0.576294476612677,-0.576294476612677,-0.576294476612677,1,1,1,1,1,1,1,1,1,1,1,1,1,1,1,1,1,1,1,1,1,1,1,1,1,1,1,1,1,1,1,1,1,1,1,1,1,1,1,1
1.48144051085152,-0.563251250987373,-2.21139943798536,0.0927318596890618,-1.67143938820725,1.18608762584544,1.28221385879133,1.93341549903399,2.86852218175387,0.0534931558611227,-0.184508131717228,-0.208688800651542,0.0502404275703778,0.921634688379504,1.14541178488642,-1.63772210313317,1.51340841704517,0.504662851436175,2.40124798195058,-0.967118844015681,-2.38094567065849,-1.60560453827168,-2.39053589743896,-1.46434352010683,2.66755573248202,-0.24877617453231,-1.9405115987531,-0.579335160998593,-0.408883746676052,1.96269921363289,1.81829988931498,0.422922289181654,-1.59773336309797,0.292431336683402,1.83972441821166,4.13571853004204,-1.48134453648068,-1.23131718623831,-0.379235028053593,2.03076640446742,-0.759884373431629,-0.605543898196237,-0.451203422960845,-0.296862947725452,-0.14252247249006,0.0118180027453327,0.166158477980725,0.320498953216118,0.474839428451512,0.629179903686904,0.783520378922294,0.937860854157689,1.09220132939308,1.24654180462847,1.40088227986387,1.55522275509926,1.70956323033465,1.86390370557005,2.01824418080544,2.17258465604083,2.17258465604083,2.17258465604083,2.17258465604083,2.17258465604083,2.17258465604083,2.17258465604083,2.17258465604083,2.17258465604083,2.17258465604083,2.17258465604083,2.17258465604083,2.17258465604083,2.17258465604083,2.17258465604083,2.17258465604083,2.17258465604083,2.17258465604083,2.17258465604083,2.17258465604083,2.17258465604083,6.11859219982355,4.87153039741728,3.77869802590026,2.83493162483899,2.03506773379992,1.37394289234954,0.84639364005433,0.447256516480762,0.171368061195318,0.0135648137644715,-0.0313166862453009,0.0315601007324755,0.197031714264284,0.459934693916599,0.815105579255897,1.25738090984865,1.78159722526136,2.38259106506047,3.05519896881247,3.79425747608384,3.79425747608384,3.79425747608384,3.79425747608384,3.79425747608384,3.79425747608384,3.79425747608384,3.79425747608384,3.79425747608384,3.79425747608384,3.79425747608384,3.79425747608384,3.79425747608384,3.79425747608384,3.79425747608384,3.79425747608384,3.79425747608384,3.79425747608384,3.79425747608384,3.79425747608384,3.79425747608384,0.264450409482627,0.288487106538926,0.31252380359523,0.336560500651532,0.360597197707834,0.384633894764137,0.408441022218454,0.431521256066972,0.456997665911294,0.494307906949675,0.556183633172042,0.6526074263166,0.789225654129041,0.968937814092762,1.1905755031174,1.44693718307429,1.72640114924668,2.01593372435246,2.30477470543575,2.58952504328319,2.58952504328319,2.58952504328319,2.58952504328319,2.58952504328319,2.58952504328319,2.58952504328319,2.58952504328319,2.58952504328319,2.58952504328319,2.58952504328319,2.58952504328319,2.58952504328319,2.58952504328319,2.58952504328319,2.58952504328319,2.58952504328319,2.58952504328319,2.58952504328319,2.58952504328319,2.58952504328319,1,1,1,1,1,1,1,1,1,1,1,1,1,1,1,1,1,1,1,1,1,1,1,1,1,1,1,1,1,1,1,1,1,1,1,1,1,1,1,1
-0.0980008028982362,0.721024177101803,0.895280957783209,0.160251021595641,2.5937632534345,-0.245752412576695,0.41935521135072,0.508615935491756,-1.63722731331855,-1.00120246414457,-0.488681321462931,1.40001554243665,1.657414264677,-2.06936101600618,0.150363747147171,-2.18781126939617,-0.690548214383799,-2.84116509602417,1.13457963780112,-0.572771417334314,0.669235487809669,-0.367551730920763,-0.357982694247481,0.730601343220922,0.247136112619065,0.857570349431139,0.206402632450029,-0.35518168888064,-0.856765526389268,1.50953887487174,-0.399451605632928,-0.24716931242946,0.0421824393380135,0.223295778213553,0.470465144671126,-1.79207785525105,3.02852999407058,2.32843161137593,2.09471017637751,-0.325970749049331,1.12394290549193,1.05458791286209,0.985232920232262,0.91587792760243,0.846522934972596,0.777167942342764,0.707812949712933,0.6384579570831,0.569102964453268,0.499747971823437,0.430392979193604,0.361037986563771,0.291682993933939,0.222328001304106,0.152973008674273,0.0836180160444417,0.0142630234146086,-0.0550919692152245,-0.124446961845056,-0.193801954474887,-0.193801954474887,-0.193801954474887,-0.193801954474887,-0.193801954474887,-0.193801954474887,-0.193801954474887,-0.193801954474887,-0.193801954474887,-0.193801954474887,-0.193801954474887,-0.193801954474887,-0.193801954474887,-0.193801954474887,-0.193801954474887,-0.193801954474887,-0.193801954474887,-0.193801954474887,-0.193801954474887,-0.193801954474887,-0.193801954474887,10.4810097577069,7.76273281483045,5.53046496386453,3.74048930975535,2.34908895744919,1.31254701189229,0.587146578030909,0.129170760811322,-0.105097334820229,-0.159374603917472,-0.0773779415341576,0.0971757572759859,0.320569597459201,0.549086683961766,0.739010121729923,0.846623015709943,0.828208470848075,0.640049592090591,0.23842948438373,-0.420368747326226,-0.420368747326226,-0.420368747326226,-0.420368747326226,-0.420368747326226,-0.420368747326226,-0.420368747326226,-0.420368747326226,-0.420368747326226,-0.420368747326226,-0.420368747326226,-0.420368747326226,-0.420368747326226,-0.420368747326226,-0.420368747326226,-0.420368747326226,-0.420368747326226,-0.420368747326226,-0.420368747326226,-0.420368747326226,-0.420368747326226,1.81922109093004,1.42646228496281,1.03370347899575,0.640944673028724,0.248185867061636,-0.144572938905517,-0.447530242622468,-0.389472886488647,-0.25123805876555,-0.0813571351901263,0.504146649221131,1.27819820827277,1.76339655698482,2.18812399320923,2.58506769549616,2.16541883751676,0.771185455786656,-0.666774341785864,-1.65936614439935,-2.50086353303244,-2.50086353303244,-2.50086353303244,-2.50086353303244,-2.50086353303244,-2.50086353303244,-2.50086353303244,-2.50086353303244,-2.50086353303244,-2.50086353303244,-2.50086353303244,-2.50086353303244,-2.50086353303244,-2.50086353303244,-2.50086353303244,-2.50086353303244,-2.50086353303244,-2.50086353303244,-2.50086353303244,-2.50086353303244,-2.50086353303244,1,1,1,1,1,1,1,1,1,1,1,1,1,1,1,1,1,1,1,1,1,1,1,1,1,1,1,1,1,1,1,1,1,1,1,1,1,1,1,1
0.308313248204725,0.178436640384652,-0.0118469876716736,2.24826642632113,2.5206723078367,1.73340533429237,0.71685936430948,-1.14580804435391,-1.76232746368993,-2.4938216171253,1.64323111882128,0.430949334806783,0.0166568662039719,2.64842915691359,1.63334614818936,0.327472783689016,-1.48042932961716,-1.89813297908933,0.878601486286021,-1.22148666657551,0.826447453154799,-2.55533350157562,1.70635297042748,0.124093316270923,-1.93622369238322,2.87740562192848,0.800463569942258,-0.625718867570207,-0.24661650414912,-0.954504571827329,-0.440098916746006,-1.6653545307811,0.316555649370796,0.75997256015045,0.240462234177114,-1.78896414835577,1.10760525748095,0.941445893937081,0.540016171116426,-1.19431389583489,0.832988851272018,0.811100735680704,0.789212620089389,0.767324504498077,0.745436388906763,0.723548273315449,0.701660157724135,0.67977204213282,0.657883926541508,0.635995810950194,0.614107695358879,0.592219579767567,0.570331464176252,0.548443348584936,0.526555232993623,0.50466711740231,0.482779001810995,0.460890886219682,0.439002770628367,0.417114655037055,0.417114655037055,0.417114655037055,0.417114655037055,0.417114655037055,0.417114655037055,0.417114655037055,0.417114655037055,0.417114655037055,0.417114655037055,0.417114655037055,0.417114655037055,0.417114655037055,0.417114655037055,0.417114655037055,0.417114655037055,0.417114655037055,0.417114655037055,0.417114655037055,0.417114655037055,0.417114655037055,9.41261782299839,6.95103785254043,4.94606822694241,3.35531501633748,2.1363842908588,1.24688212063955,0.644414575812865,0.286587726511925,0.131007642869884,0.135280395019906,0.257012053095151,0.453808687228777,0.683276367553949,0.903021164203833,1.07064914731158,1.14376638701035,1.07997895343332,0.836892916713632,0.372114346984464,-0.356750685621032,-0.356750685621032,-0.356750685621032,-0.356750685621032,-0.356750685621032,-0.356750685621032,-0.356750685621032,-0.356750685621032,-0.356750685621032,-0.356750685621032,-0.356750685621032,-0.356750685621032,-0.356750685621032,-0.356750685621032,-0.356750685621032,-0.356750685621032,-0.356750685621032,-0.356750685621032,-0.356750685621032,-0.356750685621032,-0.356750685621032,2.07756896034388,1.84730702084148,1.61704508133906,1.38678314183665,1.15652120233424,0.926259262831835,0.698299584514123,0.488841184836064,0.337770525352367,0.296791131765003,0.397548353815601,0.621824025350874,0.896001313120642,1.11713883156389,1.19764809065441,1.10138696475689,0.849818567629717,0.498874324897491,0.1048851149058,-0.299088637023475,-0.299088637023475,-0.299088637023475,-0.299088637023475,-0.299088637023475,-0.299088637023475,-0.299088637023475,-0.299088637023475,-0.299088637023475,-0.299088637023475,-0.299088637023475,-0.299088637023475,-0.299088637023475,-0.299088637023475,-0.299088637023475,-0.299088637023475,-0.299088637023475,-0.299088637023475,-0.299088637023475,-0.299088637023475,-0.299088637023475,1,1,1,1,1,1,1,1,1,1,1,1,1,1,1,1,1,1,1,1,1,1,1,1,1,1,1,1,1,1,1,1,1,1,1,1,1,1,1,1
-3.26524303081408,2.91601720797093,1.20560686842095,0.578442543275586,1.94923492260653,0.672792301850763,1.01103447576006,-1.29033420991851,1.33141029212946,0.369452020891121,-1.55020703381218,-2.10043296878487,-0.0720500610418959,-1.99313559736607,1.66013824653777,0.446940304661343,0.999190645787989,1.22139935639057,0.805570768214228,3.3924414360257,1.71787567692114,1.29429510189188,0.882249399875995,1.27150546088754,-0.881631992611327,-1.88219785177229,0.67750888912226,-0.699895199208038,0.73989942504358,-2.03600934242736,0.26696717290082,-0.905521131881425,0.350841997055509,0.411117332976046,0.650188700573073,0.723746523456638,-0.260416685219893,0.702986051951296,-0.367904290743008,0.611166154511107,1.18144155997318,1.16922935362915,1.15701714728511,1.14480494094108,1.13259273459705,1.12038052825302,1.10816832190898,1.09595611556495,1.08374390922092,1.07153170287689,1.05931949653285,1.04710729018882,1.03489508384479,1.02268287750076,1.01047067115673,0.998258464812693,0.98604625846866,0.973834052124628,0.961621845780595,0.949409639436562,0.949409639436562,0.949409639436562,0.949409639436562,0.949409639436562,0.949409639436562,0.949409639436562,0.949409639436562,0.949409639436562,0.949409639436562,0.949409639436562,0.949409639436562,0.949409639436562,0.949409639436562,0.949409639436562,0.949409639436562,0.949409639436562,0.949409639436562,0.949409639436562,0.949409639436562,0.949409639436562,-1.41478793471553,0.0987479604480477,1.16221407653743,1.8321875924398,2.1652456870423,2.2179655392321,2.04692432789637,1.70869923192226,1.25986743019696,0.757006101607612,0.256692425041381,-0.184496420614549,-0.509983256473042,-0.66319090364691,-0.587542183248997,-0.226459916392166,0.476633075810792,1.57831397224701,3.13515995180368,5.20374819336795,5.20374819336795,5.20374819336795,5.20374819336795,5.20374819336795,5.20374819336795,5.20374819336795,5.20374819336795,5.20374819336795,5.20374819336795,5.20374819336795,5.20374819336795,5.20374819336795,5.20374819336795,5.20374819336795,5.20374819336795,5.20374819336795,5.20374819336795,5.20374819336795,5.20374819336795,5.20374819336795,1.39669353842757,1.44841644210461,1.50013934578161,1.55186224945862,1.60358515313565,1.65530805681267,1.68337713805837,1.57974307104192,1.27203404278044,0.786219037466022,0.236920504307392,-0.193593839356224,-0.327355197318891,-0.112045565636691,0.333761565344341,0.827871372769598,1.2841991705366,1.76159939898039,2.35502460718736,3.05788862723332,3.05788862723332,3.05788862723332,3.05788862723332,3.05788862723332,3.05788862723332,3.05788862723332,3.05788862723332,3.05788862723332,3.05788862723332,3.05788862723332,3.05788862723332,3.05788862723332,3.05788862723332,3.05788862723332,3.05788862723332,3.05788862723332,3.05788862723332,3.05788862723332,3.05788862723332,3.05788862723332,1,1,1,1,1,1,1,1,1,1,1,1,1,1,1,1,1,1,1,1,1,1,1,1,1,1,1,1,1,1,1,1,1,1,1,1,1,1,1,1
-0.558090494089661,0.277318556395271,2.08150965009986,0.729255831059396,-0.197677007229555,-0.0560808547533167,0.377739492307061,-1.97350887304598,1.12460385736298,1.83031375063312,0.0448999870413367,0.679089848003844,0.28068037320938,-0.0507417568509911,-1.39080887919877,-1.27804672929564,0.0304133481228259,0.615358775842534,2.23442883452255,-0.148066714023225,1.1804010502962,0.205294015185997,-0.312721970948253,0.88809439059329,-0.224050835268196,0.8569405880695,0.312546514493583,-0.380529505366317,-0.975640455329248,0.30360180473415,-0.446877039093852,-0.0827754873485844,2.49880729441384,-1.25111603524784,-0.787145416163209,2.24069624905961,1.53732506441718,0.603058467134415,0.688891332508209,2.08652890610047,-3.2218630266115,-3.02466282875084,-2.82746263089017,-2.63026243302951,-2.43306223516884,-2.23586203730818,-2.03866183944752,-1.84146164158685,-1.64426144372619,-1.44706124586552,-1.24986104800486,-1.0526608501442,-0.855460652283535,-0.658260454422873,-0.461060256562208,-0.263860058701544,-0.0666598608408808,0.130540337019784,0.327740534880448,0.52494073274111,0.52494073274111,0.52494073274111,0.52494073274111,0.52494073274111,0.52494073274111,0.52494073274111,0.52494073274111,0.52494073274111,0.52494073274111,0.52494073274111,0.52494073274111,0.52494073274111,0.52494073274111,0.52494073274111,0.52494073274111,0.52494073274111,0.52494073274111,0.52494073274111,0.52494073274111,0.52494073274111,10.5973460462653,6.21574213648083,2.82063482936601,0.309107865474811,-1.42175501463882,-2.47487007042093,-2.95315356131755,-2.95952174677478,-2.59689088623863,-1.96817723915516,-1.17629706497042,-0.324166623130477,0.485297826918625,1.14918002573087,1.56456371386013,1.62853263186042,1.23817052028568,0.290561119689816,-1.31721182937315,-3.68806458634934,-3.68806458634934,-3.68806458634934,-3.68806458634934,-3.68806458634934,-3.68806458634934,-3.68806458634934,-3.68806458634934,-3.68806458634934,-3.68806458634934,-3.68806458634934,-3.68806458634934,-3.68806458634934,-3.68806458634934,-3.68806458634934,-3.68806458634934,-3.68806458634934,-3.68806458634934,-3.68806458634934,-3.68806458634934,-3.68806458634934,-4.82124896709993,-4.4952455484076,-4.16924212971526,-3.84323871102293,-3.51723529233059,-3.19123187363827,-2.84671381323705,-2.41136024742837,-1.88469395590778,-1.31714456265257,-0.744777661268463,-0.214147390503257,0.215551326146887,0.511276961283475,0.641737863608945,0.555631312245628,0.242607701491531,-0.241678657858023,-0.833497543941053,-1.48183030263223,-1.48183030263223,-1.48183030263223,-1.48183030263223,-1.48183030263223,-1.48183030263223,-1.48183030263223,-1.48183030263223,-1.48183030263223,-1.48183030263223,-1.48183030263223,-1.48183030263223,-1.48183030263223,-1.48183030263223,-1.48183030263223,-1.48183030263223,-1.48183030263223,-1.48183030263223,-1.48183030263223,-1.48183030263223,-1.48183030263223,1,1,1,1,1,1,0,0,1,1,1,1,1,1,1,1,1,1,1,1,1,1,1,1,1,1,1,1,1,1,1,1,1,1,1,1,1,1,1,1
-2.00438109246145,-1.8028900754249,-1.32239334314513,-0.89769831317131,0.99282792297933,3.25082699018399,1.93642126927109,-2.11611043606083,-2.45194600344127,2.32642276002184,0.628110633718547,-2.4179013027986,-2.22562670507008,-0.428460456760561,1.2306466675704,-0.212143456879041,-0.397116355676111,1.77580548470675,-2.27196744790031,1.08074501509734,-1.83932973760458,3.17684070788282,-1.75560578337344,0.439733333753159,2.36470738362563,0.399984456621377,-1.1919779692534,-0.0585136490421281,-2.34699552040584,-0.791409270855809,1.05270917880803,1.01554793622798,2.18675469877852,0.285699365724565,1.35085140426891,-0.749822895574273,0.0169843926065667,2.44045453493916,0.704106681797397,0.913265393810974,-0.166898611426225,-0.082391723937711,0.0021151635508021,0.0866220510393152,0.171128938527829,0.255635826016344,0.340142713504854,0.424649600993369,0.509156488481883,0.593663375970396,0.67817026345891,0.762677150947423,0.847184038435937,0.931690925924448,1.01619781341296,1.10070470090148,1.18521158838999,1.2697184758785,1.35422536336702,1.43873225085553,1.43873225085553,1.43873225085553,1.43873225085553,1.43873225085553,1.43873225085553,1.43873225085553,1.43873225085553,1.43873225085553,1.43873225085553,1.43873225085553,1.43873225085553,1.43873225085553,1.43873225085553,1.43873225085553,1.43873225085553,1.43873225085553,1.43873225085553,1.43873225085553,1.43873225085553,1.43873225085553,36.4552027512104,26.0734470114221,17.6756109118779,11.07442335454,6.0826132413707,2.51290947433239,0.178040955387323,-1.10926341350218,-1.53627473037386,-1.29026409326532,-0.558502600214341,0.471738650741413,1.61318856156424,2.67857603421648,3.4806299706604,3.83207927285824,3.54565284277244,2.43407958236523,0.310088393598976,-3.01359182156415,-3.01359182156415,-3.01359182156415,-3.01359182156415,-3.01359182156415,-3.01359182156415,-3.01359182156415,-3.01359182156415,-3.01359182156415,-3.01359182156415,-3.01359182156415,-3.01359182156415,-3.01359182156415,-3.01359182156415,-3.01359182156415,-3.01359182156415,-3.01359182156415,-3.01359182156415,-3.01359182156415,-3.01359182156415,-3.01359182156415,9.2166396300025,7.71245223068415,6.20826483136571,4.7040774320473,3.19989003272889,1.69570263341049,0.243736917720437,-0.865913921856738,-1.24870730298703,-0.864055726158712,-0.0277477013170664,1.00248492578624,2.01503724096229,2.631831286118,2.63189780130398,2.22887861516561,1.71050038992828,1.18763832686137,0.775973652077193,0.535813771025541,0.535813771025541,0.535813771025541,0.535813771025541,0.535813771025541,0.535813771025541,0.535813771025541,0.535813771025541,0.535813771025541,0.535813771025541,0.535813771025541,0.535813771025541,0.535813771025541,0.535813771025541,0.535813771025541,0.535813771025541,0.535813771025541,0.535813771025541,0.535813771025541,0.535813771025541,0.535813771025541,0,0,0,0,0,1,1,1,1,1,1,1,1,1,0,1,1,1,1,1,1,1,1,1,1,1,1,1,1,1,1,1,1,1,1,1,1,1,1,1
-0.32318402894969,-1.5116986641998,-1.31250013587459,-0.315818695955084,-1.23311094750186,-1.23213256565391,-1.52742985553614,-0.213372462768525,0.398859125992121,-0.0244010844647597,0.440814931887044,-2.56260861259527,0.761336519011005,-2.12594255494914,-4.37994500673028,-1.290710637013,0.895147446963644,-1.50305526282444,-2.11082348051697,1.05091887018159,-3.30855314848359,-0.00886526086127759,0.368802920193561,0.263643475505683,1.32018656724154,-0.858638203315543,-0.194484884079298,1.08088032963838,1.3826342023036,2.04811167082387,-0.424175892353276,1.1434363178512,-2.56687048531801,2.03820714235349,-2.78184328569119,-0.229846173960546,0.66412693523851,-2.76010599068306,-0.673560548412294,1.90262948652162,1.45636445225322,1.23710523131177,1.01784601037032,0.798586789428873,0.579327568487426,0.360068347545976,0.140809126604529,-0.0784500943369189,-0.297709315278368,-0.516968536219816,-0.736227757161265,-0.955486978102712,-1.17474619904416,-1.39400541998561,-1.61326464092706,-1.83252386186851,-2.05178308280995,-2.2710423037514,-2.49030152469285,-2.7095607456343,-2.7095607456343,-2.7095607456343,-2.7095607456343,-2.7095607456343,-2.7095607456343,-2.7095607456343,-2.7095607456343,-2.7095607456343,-2.7095607456343,-2.7095607456343,-2.7095607456343,-2.7095607456343,-2.7095607456343,-2.7095607456343,-2.7095607456343,-2.7095607456343,-2.7095607456343,-2.7095607456343,-2.7095607456343,-2.7095607456343,-23.3295685106576,-16.3207348645109,-10.7123348317592,-6.36931976533308,-3.15664101816315,-0.939249943179899,0.41790210668611,1.0498637785043,1.09168371934415,0.678410576275125,-0.0549070036333266,-0.973220373311793,-1.94148088569079,-2.82463989370082,-3.48764875027248,-3.79545880833637,-3.61302142082295,-2.8052879406628,-1.23720972078648,1.22626188587554,1.22626188587554,1.22626188587554,1.22626188587554,1.22626188587554,1.22626188587554,1.22626188587554,1.22626188587554,1.22626188587554,1.22626188587554,1.22626188587554,1.22626188587554,1.22626188587554,1.22626188587554,1.22626188587554,1.22626188587554,1.22626188587554,1.22626188587554,1.22626188587554,1.22626188587554,1.22626188587554,1.45929357775796,1.23966523130811,1.02003688485825,0.800408538408393,0.580780191958533,0.361151845508678,0.141522962044823,-0.0781062821239829,-0.297725924505855,-0.51732837829193,-0.736904440710832,-0.956418952800988,-1.17581882666193,-1.39506105314094,-1.61411624418536,-1.8329752461054,-2.0516722573544,-2.27026929692798,-2.4888117213496,-2.70732580254866,-2.70732580254866,-2.70732580254866,-2.70732580254866,-2.70732580254866,-2.70732580254866,-2.70732580254866,-2.70732580254866,-2.70732580254866,-2.70732580254866,-2.70732580254866,-2.70732580254866,-2.70732580254866,-2.70732580254866,-2.70732580254866,-2.70732580254866,-2.70732580254866,-2.70732580254866,-2.70732580254866,-2.70732580254866,-2.70732580254866,1,1,1,1,1,1,1,1,1,1,1,1,1,1,1,1,1,1,1,1,1,1,1,1,1,1,1,1,1,1,1,1,1,1,1,1,1,1,1,1
-0.170180462152126,0.833957810959242,-0.676305109935717,-0.172544584253202,-1.63832912479855,1.18805329236821,-0.132859357200639,3.06538545757495,1.48760019960414,0.43830063366055,0.949653472645277,-2.62536513895152,-1.67804181027945,-2.39617431168011,-1.3041516967546,-0.613094732065958,0.810485503655343,0.836133842958743,-0.35111495087942,3.63126334528415,1.35478534190422,-0.73920857701062,-1.25833508918619,1.45574800468031,0.319776561293859,0.931362002396515,2.13821035481329,1.4613005827324,0.458876141951482,2.74552465289042,-2.20984362069156,-1.62416180557146,-0.331654111400093,0.0487126178420034,-2.3285492495602,-4.37962392057736,-0.922721151245915,-2.24346934684599,-1.46962437290263,-0.607308657591652,3.15185024718928,3.08511226598819,3.0183742847871,2.95163630358601,2.88489832238492,2.81816034118383,2.75142235998274,2.68468437878165,2.61794639758056,2.55120841637947,2.48447043517838,2.41773245397729,2.3509944727762,2.28425649157511,2.21751851037402,2.15078052917293,2.08404254797184,2.01730456677074,1.95056658556966,1.88382860436856,1.88382860436856,1.88382860436856,1.88382860436856,1.88382860436856,1.88382860436856,1.88382860436856,1.88382860436856,1.88382860436856,1.88382860436856,1.88382860436856,1.88382860436856,1.88382860436856,1.88382860436856,1.88382860436856,1.88382860436856,1.88382860436856,1.88382860436856,1.88382860436856,1.88382860436856,1.88382860436856,-1.42358025083348,0.850767694879242,2.47505272342305,3.52852453220331,4.09043281862535,4.24002728009455,4.05655761401625,3.6192735177958,3.00742468883856,2.30026082454987,1.57703162233509,0.916986779599572,0.399375993748674,0.103448962187736,0.108455382322125,0.493644951557169,1.33826736729825,2.7215723269507,4.72280952791987,7.42122866761115,7.42122866761115,7.42122866761115,7.42122866761115,7.42122866761115,7.42122866761115,7.42122866761115,7.42122866761115,7.42122866761115,7.42122866761115,7.42122866761115,7.42122866761115,7.42122866761115,7.42122866761115,7.42122866761115,7.42122866761115,7.42122866761115,7.42122866761115,7.42122866761115,7.42122866761115,7.42122866761115,4.28127177669221,4.1929311467173,4.10459051674235,4.01624988676743,3.9279092567925,3.83956862681756,3.73258736656015,3.51275910243357,3.08237647704115,2.44356799897431,1.72054072508505,1.07329327991751,0.611002888759367,0.406501113776955,0.533384752952141,1.02206259705887,1.83084202755629,2.92442707869216,4.30225549308348,5.88178992057331,5.88178992057331,5.88178992057331,5.88178992057331,5.88178992057331,5.88178992057331,5.88178992057331,5.88178992057331,5.88178992057331,5.88178992057331,5.88178992057331,5.88178992057331,5.88178992057331,5.88178992057331,5.88178992057331,5.88178992057331,5.88178992057331,5.88178992057331,5.88178992057331,5.88178992057331,5.88178992057331,1,1,1,1,1,1,1,0,0,1,1,1,1,1,1,1,1,1,1,1,1,1,1,1,1,1,1,1,1,1,1,1,1,1,1,1,1,1,1,1
-0.113451327536306,-2.75983971273021,-2.26881679590495,1.49179823106803,0.909874012074505,-0.079298332901347,-1.79638840836757,0.592827506322446,-0.383151765599889,0.979731108638321,-2.40784982449907,1.73271105080141,0.35201695008651,-1.92574007656226,0.509463050773988,-0.0169642704375228,0.300740984400123,1.30249587159648,-1.6788513534294,0.734995515145481,1.51407320757268,0.0499297579501903,-1.73600567317439,-0.681367013303495,0.602411006183564,0.474179714096385,-1.30238111449731,2.68834997607742,-2.08932478692312,-2.21610305566958,-0.559166104280818,1.05909810078677,2.11820476837667,2.85000391870019,0.143341724114064,-0.742842925633727,1.18983898194522,2.60686059154802,2.03650927827446,-0.517628466136644,-2.01653868920472,-1.89533011081447,-1.77412153242421,-1.65291295403396,-1.5317043756437,-1.41049579725344,-1.28928721886319,-1.16807864047293,-1.04687006208268,-0.925661483692421,-0.804452905302167,-0.683244326911911,-0.562035748521653,-0.440827170131397,-0.319618591741145,-0.198410013350887,-0.0772014349606334,0.0440071434296225,0.165215721819882,0.286424300210134,0.286424300210134,0.286424300210134,0.286424300210134,0.286424300210134,0.286424300210134,0.286424300210134,0.286424300210134,0.286424300210134,0.286424300210134,0.286424300210134,0.286424300210134,0.286424300210134,0.286424300210134,0.286424300210134,0.286424300210134,0.286424300210134,0.286424300210134,0.286424300210134,0.286424300210134,0.286424300210134,12.658976545003,8.71965532236407,5.52267921737621,3.00043238693823,1.08529898794893,-0.290336822692908,-1.19409088808849,-1.69357905133904,-1.85641715554576,-1.75022104380987,-1.44260655923257,-1.00118954491508,-0.493585843958614,0.012588700535618,0.449718245466396,0.750186947732521,0.846378964232779,0.670678451865935,0.155469567530822,-0.766863531873831,-0.766863531873831,-0.766863531873831,-0.766863531873831,-0.766863531873831,-0.766863531873831,-0.766863531873831,-0.766863531873831,-0.766863531873831,-0.766863531873831,-0.766863531873831,-0.766863531873831,-0.766863531873831,-0.766863531873831,-0.766863531873831,-0.766863531873831,-0.766863531873831,-0.766863531873831,-0.766863531873831,-0.766863531873831,-0.766863531873831,-2.02841253741332,-1.91732338594545,-1.80623423447757,-1.69514508300969,-1.58405593154182,-1.47296678007395,-1.36024608823258,-1.23799529994603,-1.09926874509545,-0.944772414852002,-0.781594488728473,-0.618091744783941,-0.462632239576568,-0.32353722994613,-0.205027184597233,-0.10525564668964,-0.0212819886995916,0.0473937917568179,0.102410580903808,0.149697236059936,0.149697236059936,0.149697236059936,0.149697236059936,0.149697236059936,0.149697236059936,0.149697236059936,0.149697236059936,0.149697236059936,0.149697236059936,0.149697236059936,0.149697236059936,0.149697236059936,0.149697236059936,0.149697236059936,0.149697236059936,0.149697236059936,0.149697236059936,0.149697236059936,0.149697236059936,0.149697236059936,1,1,1,1,1,1,1,1,1,1,1,1,1,1,1,1,1,1,1,1,1,1,1,1,1,1,1,1,1,1,1,1,1,1,1,1,1,1,1,1
0.731856106947277,1.1342537472145,-0.429648479582643,-1.19415802367702,1.28862889773627,-0.806236401393448,-1.03176090359571,2.59027809698584,-0.811273664972873,1.11877319959542,-0.791349185109285,0.139306254891691,0.142177462308767,-2.60359803472447,-0.568613337328788,-1.92282015609334,-1.37001455493809,-0.0270823644402718,0.35643228612763,-1.78639012495649,-0.264419204195148,-0.784248019011192,-1.83030768897442,-0.903265330346372,1.60259726163118,-0.425703016360295,0.405891692107085,0.979634066346515,0.325841478044845,0.420051268959412,0.84340019295418,-1.20406267052759,0.949400071457282,0.570817610221711,-0.571045534676152,1.14627657342359,0.884831815543508,-0.651704869883034,0.768691945588282,0.535408235341054,-0.572719948999335,-0.555699340505941,-0.538678732012546,-0.521658123519152,-0.504637515025755,-0.487616906532364,-0.470596298038968,-0.453575689545572,-0.436555081052179,-0.419534472558782,-0.402513864065389,-0.385493255571996,-0.368472647078601,-0.351452038585208,-0.334431430091811,-0.317410821598417,-0.300390213105024,-0.283369604611627,-0.266348996118234,-0.249328387624836,-0.249328387624836,-0.249328387624836,-0.249328387624836,-0.249328387624836,-0.249328387624836,-0.249328387624836,-0.249328387624836,-0.249328387624836,-0.249328387624836,-0.249328387624836,-0.249328387624836,-0.249328387624836,-0.249328387624836,-0.249328387624836,-0.249328387624836,-0.249328387624836,-0.249328387624836,-0.249328387624836,-0.249328387624836,-0.249328387624836,-6.90046869491744,-5.60825367679901,-4.4587281335467,-3.44634212822923,-2.56554572391529,-1.81078898367358,-1.17652197057279,-0.657194747681626,-0.247257378068783,0.0588400751970237,0.266647549047127,0.381714980412806,0.409592306225361,0.355829463416127,0.225976388916356,0.0255830196573736,-0.239800707429518,-0.564624855412989,-0.943339487361813,-1.37039466634462,-1.37039466634462,-1.37039466634462,-1.37039466634462,-1.37039466634462,-1.37039466634462,-1.37039466634462,-1.37039466634462,-1.37039466634462,-1.37039466634462,-1.37039466634462,-1.37039466634462,-1.37039466634462,-1.37039466634462,-1.37039466634462,-1.37039466634462,-1.37039466634462,-1.37039466634462,-1.37039466634462,-1.37039466634462,-1.37039466634462,-1.75866971953496,-1.58855769393875,-1.41844566834255,-1.24833364274634,-1.07822161715013,-0.908109591553917,-0.738098814962817,-0.570335314567798,-0.413517837332275,-0.276329570627084,-0.163191441316117,-0.0817515343523834,-0.0450821548809994,-0.060011536637294,-0.119844539933117,-0.212178315111368,-0.327643398790316,-0.45886784681082,-0.59776338231833,-0.738317124577025,-0.738317124577025,-0.738317124577025,-0.738317124577025,-0.738317124577025,-0.738317124577025,-0.738317124577025,-0.738317124577025,-0.738317124577025,-0.738317124577025,-0.738317124577025,-0.738317124577025,-0.738317124577025,-0.738317124577025,-0.738317124577025,-0.738317124577025,-0.738317124577025,-0.738317124577025,-0.738317124577025,-0.738317124577025,-0.738317124577025,1,1,1,1,1,1,1,1,1,1,1,1,1,1,1,1,1,1,1,1,1,1,1,1,1,1,1,1,1,1,1,1,1,1,1,1,1,1,1,1
-0.630111740803248,-0.57130151551065,-0.681753627448273,-0.0482610560512402,0.825761809356861,1.60662269021508,0.298201187923885,2.66256737930068,3.50143250006618,-0.387900521096562,-0.744182015474435,1.89071090782987,-3.33943438540109,3.50007868400066,-2.15818125797036,-0.0513355751016196,-1.3202424966134,0.619893716312472,1.19916355524867,0.739438827273851,1.22066153760129,-0.374218587378179,-1.64287102570867,1.98336722119563,-0.691585983599124,-0.896121227885688,-2.83911484668333,-0.130552577089865,0.166236589204257,0.200222010326467,-0.757218500789625,0.0900619421564954,-2.36660118972089,-0.623070056932779,0.70462985127153,2.96034013143335,0.0644968588480967,0.0842524248183327,-0.135771534276866,-0.0209819873273176,1.33539288102212,1.30342615142076,1.27145942181941,1.23949269221806,1.20752596261671,1.17555923301536,1.14359250341401,1.11162577381266,1.07965904421131,1.04769231460996,1.01572558500861,0.983758855407261,0.951792125805911,0.919825396204558,0.887858666603208,0.855891937001857,0.823925207400508,0.791958477799158,0.759991748197807,0.728025018596455,0.728025018596455,0.728025018596455,0.728025018596455,0.728025018596455,0.728025018596455,0.728025018596455,0.728025018596455,0.728025018596455,0.728025018596455,0.728025018596455,0.728025018596455,0.728025018596455,0.728025018596455,0.728025018596455,0.728025018596455,0.728025018596455,0.728025018596455,0.728025018596455,0.728025018596455,0.728025018596455,15.7895022910195,11.9705030266083,8.80033733110897,6.22373034129227,4.18540719392901,2.63009302578996,1.50251297364591,0.74739217426764,0.309455764425927,0.133428880891563,0.164036660435332,0.346004239827996,0.624056755840371,0.942919345243212,1.24731714480732,1.48197529130346,1.59161892150243,1.52097317217501,1.21476318009198,0.617714082024097,0.617714082024097,0.617714082024097,0.617714082024097,0.617714082024097,0.617714082024097,0.617714082024097,0.617714082024097,0.617714082024097,0.617714082024097,0.617714082024097,0.617714082024097,0.617714082024097,0.617714082024097,0.617714082024097,0.617714082024097,0.617714082024097,0.617714082024097,0.617714082024097,0.617714082024097,0.617714082024097,2.44974384686069,2.26503533627669,2.08032682569269,1.89561831510869,1.7109098045247,1.5262012939407,1.34226510364437,1.16280388840193,0.992748152578587,0.843089152587218,0.732725452413964,0.676669678813319,0.673863181823014,0.712387385847183,0.783507355781328,0.883619652816281,1.00570624734294,1.13805879471727,1.27192634690589,1.4050024647145,1.4050024647145,1.4050024647145,1.4050024647145,1.4050024647145,1.4050024647145,1.4050024647145,1.4050024647145,1.4050024647145,1.4050024647145,1.4050024647145,1.4050024647145,1.4050024647145,1.4050024647145,1.4050024647145,1.4050024647145,1.4050024647145,1.4050024647145,1.4050024647145,1.4050024647145,1.4050024647145,1,1,1,1,1,1,1,1,1,1,1,1,1,1,1,1,1,1,1,1,1,1,1,1,1,1,1,1,1,1,1,1,1,1,1,1,1,1,1,1
0.352233327107502,-1.53136942428688,1.04270662241841,0.767939265535973,0.0734575555367503,-1.57114194244443,-2.85034006333943,0.352743369727028,-3.29898219343657,1.62921588503223,-0.0211612965419761,0.425774085830035,0.955568785025497,-0.809598539724613,-0.286090384580085,-1.9339949005329,0.462937701966622,1.56553179033331,-0.941250440855072,0.463798034029251,-0.656566028789708,-0.956749633393459,0.126620885771933,-0.305075246091302,0.513123888422911,1.74597711327732,2.52047805224405,0.208427576618256,-0.210016633772188,-0.352787718443116,0.588957989659763,0.408790341013216,-1.24788572389822,-1.732426602954,-0.984670379532783,0.442137857527461,3.06114935819377,-1.72486709916798,0.0667325839088466,-1.50576239227873,-3.00778090441293,-2.73650061873596,-2.46522033305899,-2.19394004738202,-1.92265976170505,-1.65137947602807,-1.3800991903511,-1.10881890467413,-0.837538618997156,-0.566258333320183,-0.294978047643212,-0.0236977619662397,0.247582523710733,0.518862809387704,0.790143095064678,1.06142338074165,1.33270366641862,1.60398395209559,1.87526423777256,2.14654452344954,2.14654452344954,2.14654452344954,2.14654452344954,2.14654452344954,2.14654452344954,2.14654452344954,2.14654452344954,2.14654452344954,2.14654452344954,2.14654452344954,2.14654452344954,2.14654452344954,2.14654452344954,2.14654452344954,2.14654452344954,2.14654452344954,2.14654452344954,2.14654452344954,2.14654452344954,2.14654452344954,-6.91690367445368,-5.54884769249283,-4.3886431330769,-3.41625222774731,-2.61163720804548,-1.95476030551282,-1.42558375169074,-1.00406977812068,-0.670180616344041,-0.403878497902234,-0.185125654336685,0.00611568281119013,0.189883281999988,0.386214911688269,0.615148340334617,0.896721336397651,1.25097166833595,1.69793710460802,2.25765541367255,2.95016436398807,2.95016436398807,2.95016436398807,2.95016436398807,2.95016436398807,2.95016436398807,2.95016436398807,2.95016436398807,2.95016436398807,2.95016436398807,2.95016436398807,2.95016436398807,2.95016436398807,2.95016436398807,2.95016436398807,2.95016436398807,2.95016436398807,2.95016436398807,2.95016436398807,2.95016436398807,2.95016436398807,0.937227320892251,0.571899618823868,0.206571916755489,-0.158755785312915,-0.524083487381315,-0.889411189449691,-1.18647856407638,-1.17033610410983,-0.960776583862579,-0.889239418120862,-0.967695882566952,-0.891047188766676,-0.436429855437167,0.377716483057133,1.3850720271238,2.29929268351289,2.76046917492805,2.56930993992871,1.8558450833948,0.917986352458968,0.917986352458968,0.917986352458968,0.917986352458968,0.917986352458968,0.917986352458968,0.917986352458968,0.917986352458968,0.917986352458968,0.917986352458968,0.917986352458968,0.917986352458968,0.917986352458968,0.917986352458968,0.917986352458968,0.917986352458968,0.917986352458968,0.917986352458968,0.917986352458968,0.917986352458968,0.917986352458968,1,1,1,1,1,1,1,1,1,1,1,1,1,1,1,1,1,1,1,1,1,1,1,1,1,1,1,1,1,1,1,1,1,1,1,1,1,1,1,1
-2.6962670494713,-0.543998465168976,0.546464458505009,1.38356645229601,0.346429445593996,-0.83992244377236,-1.01100523829426,0.198630604028185,-1.43440868046849,-1.48197406627587,-0.790829364066495,0.447577717105961,0.677077309198371,-0.762675992131291,0.654777161104368,-0.243152350394029,0.0359065696755998,0.83696871114754,0.0535759440457735,0.859193942005541,-1.52359994001471,-3.00402170192485,0.103808506399909,0.89822800618764,0.851046717249309,-0.540798034287894,0.867103001452069,-0.267820788135317,-1.2323062237725,1.58556434367888,-0.850273758842231,1.50948921224463,2.35093634554626,-2.26837901842127,-0.944934561028509,0.406061542951694,-2.39465894747854,0.986280600224381,0.0685056643386162,-0.180136607780531,-3.13561203931852,-2.88689070253628,-2.63816936575405,-2.38944802897182,-2.14072669218959,-1.89200535540736,-1.64328401862512,-1.39456268184289,-1.14584134506066,-0.89712000827843,-0.648398671496199,-0.399677334713964,-0.150955997931733,0.0977653388505004,0.346486675632732,0.595208012414963,0.843929349197197,1.09265068597943,1.34137202276166,1.59009335954389,1.59009335954389,1.59009335954389,1.59009335954389,1.59009335954389,1.59009335954389,1.59009335954389,1.59009335954389,1.59009335954389,1.59009335954389,1.59009335954389,1.59009335954389,1.59009335954389,1.59009335954389,1.59009335954389,1.59009335954389,1.59009335954389,1.59009335954389,1.59009335954389,1.59009335954389,1.59009335954389,20.353156873759,13.9499601123434,8.79280461167936,4.76554949119652,1.7520538703245,-0.363823131507065,-1.69822239486855,-2.36728480033034,-2.4871512284628,-2.17396255983629,-1.5438596750212,-0.712983454587903,0.202525220893236,1.08652547085182,1.82287641471748,2.29543717191988,2.38806686188863,1.98462460405331,0.968969517843588,-0.775039277310889,-0.775039277310889,-0.775039277310889,-0.775039277310889,-0.775039277310889,-0.775039277310889,-0.775039277310889,-0.775039277310889,-0.775039277310889,-0.775039277310889,-0.775039277310889,-0.775039277310889,-0.775039277310889,-0.775039277310889,-0.775039277310889,-0.775039277310889,-0.775039277310889,-0.775039277310889,-0.775039277310889,-0.775039277310889,-0.775039277310889,-3.58567033375305,-3.30527356169671,-3.02487678964036,-2.74448001758402,-2.46408324552767,-2.18368647347132,-1.90183052813864,-1.60860560813189,-1.28490941571713,-0.925063331957805,-0.547048858808438,-0.173534869795066,0.179129925586304,0.493561179377245,0.753891823270495,0.954345075500598,1.09328676752776,1.1687117718008,1.1896258826046,1.18113587778537,1.18113587778537,1.18113587778537,1.18113587778537,1.18113587778537,1.18113587778537,1.18113587778537,1.18113587778537,1.18113587778537,1.18113587778537,1.18113587778537,1.18113587778537,1.18113587778537,1.18113587778537,1.18113587778537,1.18113587778537,1.18113587778537,1.18113587778537,1.18113587778537,1.18113587778537,1.18113587778537,1,1,1,1,1,1,1,1,1,1,1,1,1,1,1,1,1,1,1,1,1,1,1,1,1,1,1,1,1,1,1,1,1,1,1,1,1,1,1,1
-0.768299920618227,-0.519770319119516,1.35374049961657,-0.149344797110948,-0.742869861812562,-0.189139108532264,-1.14939318003257,1.246863181345,2.63489221385196,0.719694752243372,1.30484953512497,-0.658571387107269,-2.52530888904606,1.65553556370652,-0.162823612744095,-2.08095538125536,-0.144180969500198,-0.425944290299018,-0.943263973879468,2.56510757086352,-0.517577858568034,-3.07936644406501,-0.80974269960859,2.13888468314712,-0.487099301333679,1.42681427479447,1.30980973735211,1.51933312664637,-0.7095073442303,1.10085648936733,0.163318567912995,-1.78591513143291,0.28337598978313,-1.62488424276268,-1.22855952569089,-0.270866615044779,0.491422342763856,1.10027107792924,-1.43616105404742,1.89574210158601,-1.23817363629372,-1.1854745781853,-1.13277552007688,-1.08007646196846,-1.02737740386004,-0.974678345751617,-0.921979287643197,-0.869280229534777,-0.816581171426357,-0.763882113317937,-0.711183055209517,-0.658483997101097,-0.605784938992677,-0.553085880884256,-0.500386822775836,-0.447687764667414,-0.394988706558992,-0.342289648450574,-0.289590590342153,-0.236891532233736,-0.236891532233736,-0.236891532233736,-0.236891532233736,-0.236891532233736,-0.236891532233736,-0.236891532233736,-0.236891532233736,-0.236891532233736,-0.236891532233736,-0.236891532233736,-0.236891532233736,-0.236891532233736,-0.236891532233736,-0.236891532233736,-0.236891532233736,-0.236891532233736,-0.236891532233736,-0.236891532233736,-0.236891532233736,-0.236891532233736,-45.6485661167134,-33.5359797731099,-23.5998772871839,-15.6429720386842,-9.46797740735932,-4.87760677295798,-1.67457351522881,0.338408986079592,1.35862735121852,1.58336820043933,1.20991815399339,0.435563832132059,-0.542408144893292,-1.52671115683136,-2.32005858343078,-2.72516380444017,-2.54474019960822,-1.58150114868351,0.361839968585246,3.48256977244944,3.48256977244944,3.48256977244944,3.48256977244944,3.48256977244944,3.48256977244944,3.48256977244944,3.48256977244944,3.48256977244944,3.48256977244944,3.48256977244944,3.48256977244944,3.48256977244944,3.48256977244944,3.48256977244944,3.48256977244944,3.48256977244944,3.48256977244944,3.48256977244944,3.48256977244944,3.48256977244944,-4.493539126121,-3.95511123496546,-3.41668334380993,-2.87825545265438,-2.33982756149884,-1.8013996703433,-1.26342754173677,-0.750221841213855,-0.369597604755509,-0.207852995914214,-0.249768107007901,-0.443204505663884,-0.722546605049383,-0.981149746030852,-1.13056790591657,-1.13467571407898,-0.936580794565913,-0.473870421826078,0.208212060959129,0.983635260066851,0.983635260066851,0.983635260066851,0.983635260066851,0.983635260066851,0.983635260066851,0.983635260066851,0.983635260066851,0.983635260066851,0.983635260066851,0.983635260066851,0.983635260066851,0.983635260066851,0.983635260066851,0.983635260066851,0.983635260066851,0.983635260066851,0.983635260066851,0.983635260066851,0.983635260066851,0.983635260066851,1,1,1,1,1,1,1,1,1,1,1,1,1,1,1,1,1,1,1,1,1,1,1,1,1,1,1,1,1,1,1,1,1,1,1,1,1,1,1,1
-0.718418928727966,1.08108148726663,1.0601732745286,1.66484938941803,-1.46339402917744,-2.02811179288379,0.123371614360684,-1.45921216763553,3.31222754333844,0.415761820660601,-1.37950241901212,0.645476159324183,1.91664555215412,2.89266082539539,1.49416279306418,0.043847901713157,-1.29077264160154,-0.531343361417056,0.921970990399704,-0.732495620373607,-1.63458814778777,0.131915709766707,-1.26798513641255,-1.71667588164101,-1.61660063227929,1.05838907441145,-0.212838665709274,-1.19454132982899,1.14174326520001,-2.76655716682504,2.99425335700411,-0.69393786604105,0.0464122381916461,0.653851526047793,1.3109837181327,2.18719318152275,-1.17777744915488,1.6529346087462,3.22642484984053,0.0922371041504064,2.1141169182784,1.97735846430796,1.84060001033753,1.70384155636709,1.56708310239665,1.43032464842621,1.29356619445578,1.15680774048534,1.02004928651491,0.883290832544466,0.746532378574033,0.609773924603594,0.473015470633158,0.336257016662721,0.199498562692282,0.0627401087218473,-0.0740183452485894,-0.210776799219028,-0.347535253189463,-0.4842937071599,-0.4842937071599,-0.4842937071599,-0.4842937071599,-0.4842937071599,-0.4842937071599,-0.4842937071599,-0.4842937071599,-0.4842937071599,-0.4842937071599,-0.4842937071599,-0.4842937071599,-0.4842937071599,-0.4842937071599,-0.4842937071599,-0.4842937071599,-0.4842937071599,-0.4842937071599,-0.4842937071599,-0.4842937071599,-0.4842937071599,-30.8082745515784,-22.860591924246,-16.1989820915372,-10.7219421227737,-6.3279690872774,-2.91556005437006,-0.383212093373489,1.37057772639049,2.44731233560008,2.9484946649335,2.97562764506889,2.63021420668452,2.01375728045855,1.22775979706916,0.373724687194542,-0.446845118487065,-1.1324466892975,-1.58157709455856,-1.69273340359203,-1.36441268571975,-1.36441268571975,-1.36441268571975,-1.36441268571975,-1.36441268571975,-1.36441268571975,-1.36441268571975,-1.36441268571975,-1.36441268571975,-1.36441268571975,-1.36441268571975,-1.36441268571975,-1.36441268571975,-1.36441268571975,-1.36441268571975,-1.36441268571975,-1.36441268571975,-1.36441268571975,-1.36441268571975,-1.36441268571975,-1.36441268571975,-4.41410407388001,-3.63200699959419,-2.84990992530838,-2.06781285102256,-1.28571577673675,-0.503618702450931,0.263713854967744,0.937107546805221,1.41377803715736,1.65486386382896,1.71265715705508,1.65560443451919,1.49648278639502,1.21272676507678,0.80353108733158,0.304633838437118,-0.230378364775772,-0.749117130287045,-1.22128356881275,-1.65604540991069,-1.65604540991069,-1.65604540991069,-1.65604540991069,-1.65604540991069,-1.65604540991069,-1.65604540991069,-1.65604540991069,-1.65604540991069,-1.65604540991069,-1.65604540991069,-1.65604540991069,-1.65604540991069,-1.65604540991069,-1.65604540991069,-1.65604540991069,-1.65604540991069,-1.65604540991069,-1.65604540991069,-1.65604540991069,-1.65604540991069,1,1,1,1,1,1,1,1,0,1,1,1,1,1,1,1,1,1,1,1,1,1,1,1,1,1,1,1,1,1,1,1,1,1,1,1,1,1,1,1
-0.45776062654476,0.0769082100392637,-0.212497044328165,-0.795545260445738,-1.68557457360544,1.44980199641219,0.102766213999509,-1.98932634306937,-2.88236501064678,0.0358828725984424,-1.09289609533872,1.4518948100326,-0.977945058997369,0.210749785984836,-0.114164727346207,-1.13929118954958,-0.0464106286321488,0.620556316349978,-0.866608550983143,1.96209264475964,-0.126960218570007,0.655790827311746,0.60498932870702,-0.14584992427508,0.267663997067123,-1.07025911940427,1.18983992729141,-1.49909386296584,-2.16790015053403,0.901246104809271,-0.0392290021429691,0.886806314686714,2.05297625776609,-1.1493797584919,1.64973243018224,-1.92158614942774,0.0311677546041409,-0.354704716356975,-3.83533024464075,0.217449206917603,-3.67765918008135,-3.41062154910356,-3.14358391812578,-2.87654628714799,-2.60950865617021,-2.34247102519242,-2.07543339421464,-1.80839576323685,-1.54135813225906,-1.27432050128128,-1.00728287030349,-0.740245239325706,-0.473207608347922,-0.206169977370138,0.0608676536076498,0.327905284585434,0.59494291556322,0.861980546541005,1.12901817751879,1.39605580849658,1.39605580849658,1.39605580849658,1.39605580849658,1.39605580849658,1.39605580849658,1.39605580849658,1.39605580849658,1.39605580849658,1.39605580849658,1.39605580849658,1.39605580849658,1.39605580849658,1.39605580849658,1.39605580849658,1.39605580849658,1.39605580849658,1.39605580849658,1.39605580849658,1.39605580849658,1.39605580849658,10.194430592503,7.02297278472237,4.40295425688754,2.2909027011031,0.643345809473664,-0.583188725896138,-1.4321732129017,-1.94707995943839,-2.17138127340159,-2.14854946268668,-1.92205683518903,-1.53537569880402,-1.03197836142705,-0.455337130953474,0.151075684721313,0.743787777701945,1.27932684009305,1.71422056399921,2.0049966415251,2.1081827647753,2.1081827647753,2.1081827647753,2.1081827647753,2.1081827647753,2.1081827647753,2.1081827647753,2.1081827647753,2.1081827647753,2.1081827647753,2.1081827647753,2.1081827647753,2.1081827647753,2.1081827647753,2.1081827647753,2.1081827647753,2.1081827647753,2.1081827647753,2.1081827647753,2.1081827647753,2.1081827647753,-2.18440087857937,-2.14566958811911,-2.10693829765886,-2.0682070071986,-2.02947571673835,-1.99074442627809,-1.93783137048104,-1.80807180254615,-1.57668622969844,-1.30921080299138,-1.0957019917202,-0.946525072092451,-0.796352510929925,-0.59171220937208,-0.312513610994614,0.0774685003399558,0.633578749782165,1.37586524465285,2.2633844559443,3.22198362733275,3.22198362733275,3.22198362733275,3.22198362733275,3.22198362733275,3.22198362733275,3.22198362733275,3.22198362733275,3.22198362733275,3.22198362733275,3.22198362733275,3.22198362733275,3.22198362733275,3.22198362733275,3.22198362733275,3.22198362733275,3.22198362733275,3.22198362733275,3.22198362733275,3.22198362733275,3.22198362733275,1,1,1,1,1,1,1,1,1,1,1,1,1,1,1,1,1,1,1,1,1,1,1,1,1,1,1,1,1,1,1,1,1,1,1,1,1,1,1,1
2.84984514974921,-1.06573662837089,2.20516787070223,2.62537929187592,2.03208843196054,0.296141377964407,-0.249688436775675,0.922161435653488,0.720787176285407,-0.236979478023555,0.966523965984305,-4.10251152608181,-0.862340878252009,1.05740979346222,-0.025499536421222,1.89358582578756,0.258038896913231,0.575596511906404,2.81417110433313,0.69761590136946,-2.26232444332138,-1.34679663881475,1.1226948033473,-1.16117069550211,-0.553961311084347,-0.0134128551050061,0.334879886674681,-2.10577951097697,0.224231519409953,1.83686201935511,-2.08899169522341,-1.4423764242397,2.30932211012296,0.321311950931001,1.26591935135029,1.29902405497788,-0.152326402343718,3.43528193745342,-1.11024666301451,-0.787310895944817,-3.65481513119438,-3.29779610152347,-2.94077707185256,-2.58375804218165,-2.22673901251074,-1.86971998283983,-1.51270095316892,-1.15568192349801,-0.798662893827094,-0.441643864156182,-0.08462483448527,0.272394195185642,0.629413224856552,0.986432254527463,1.34345128419837,1.70047031386929,2.0574893435402,2.41450837321111,2.77152740288202,3.12854643255293,3.12854643255293,3.12854643255293,3.12854643255293,3.12854643255293,3.12854643255293,3.12854643255293,3.12854643255293,3.12854643255293,3.12854643255293,3.12854643255293,3.12854643255293,3.12854643255293,3.12854643255293,3.12854643255293,3.12854643255293,3.12854643255293,3.12854643255293,3.12854643255293,3.12854643255293,3.12854643255293,15.8258729655689,11.0323264696309,7.13751905107403,4.06280782852572,1.72954992061361,0.0591024459652907,-1.02717747679161,-1.60793272902952,-1.76180619212083,-1.56744074743793,-1.10347927635325,-0.448564660239178,0.318660219531896,1.11955248158757,1.87546924455544,2.50776762706309,2.93780474773815,3.08693772520817,2.8765236781008,2.2279197250436,2.2279197250436,2.2279197250436,2.2279197250436,2.2279197250436,2.2279197250436,2.2279197250436,2.2279197250436,2.2279197250436,2.2279197250436,2.2279197250436,2.2279197250436,2.2279197250436,2.2279197250436,2.2279197250436,2.2279197250436,2.2279197250436,2.2279197250436,2.2279197250436,2.2279197250436,2.2279197250436,-3.33450477760896,-3.02028812282738,-2.7060714680458,-2.39185481326422,-2.07763815848263,-1.76342150370105,-1.44849013800803,-1.1298040211404,-0.806067092241371,-0.477381397195611,-0.142135337614697,0.202522120302756,0.557647572218325,0.922008995016654,1.2941893437586,1.67333539392679,2.05792607648299,2.44543729389526,2.83371057034056,3.22192834563511,3.22192834563511,3.22192834563511,3.22192834563511,3.22192834563511,3.22192834563511,3.22192834563511,3.22192834563511,3.22192834563511,3.22192834563511,3.22192834563511,3.22192834563511,3.22192834563511,3.22192834563511,3.22192834563511,3.22192834563511,3.22192834563511,3.22192834563511,3.22192834563511,3.22192834563511,3.22192834563511,1,1,1,1,1,1,1,1,1,1,1,1,1,1,1,1,1,1,1,1,1,1,1,1,1,1,1,1,1,1,1,1,1,1,1,1,1,1,1,1
1.04740187508819,0.399502333531343,1.62228683212776,0.887919074306738,1.83624982757805,1.96505964844297,1.70824075265061,-0.0564677896608572,0.198947376931967,-0.526756429812657,1.25546258157554,1.71860284391038,-2.22473249626116,1.45227230243382,-0.578019915799832,-0.714949571129502,-1.41780543184525,-1.63468185868091,-1.12563535352694,0.165317025348193,1.00900306486894,-1.17013337609731,0.263298757371807,2.3048166957576,1.13213194927069,-1.33122458644416,1.62352085300861,-0.698133714423893,-3.32968113132958,-1.09202814325397,-0.333487455288022,-0.184270412808896,-1.65550894161371,1.48205825833674,-0.25722515301819,0.707741068839914,0.425167527853695,-0.711888029119502,-2.01513386643511,3.16998662674715,0.820084966443209,0.717446952989025,0.614808939534842,0.512170926080658,0.409532912626474,0.306894899172294,0.20425688571811,0.101618872263927,-0.00101914119025537,-0.103657154644438,-0.206295168098622,-0.308933181552804,-0.411571195006987,-0.514209208461171,-0.616847221915354,-0.719485235369536,-0.822123248823717,-0.924761262277901,-1.02739927573209,-1.13003728918627,-1.13003728918627,-1.13003728918627,-1.13003728918627,-1.13003728918627,-1.13003728918627,-1.13003728918627,-1.13003728918627,-1.13003728918627,-1.13003728918627,-1.13003728918627,-1.13003728918627,-1.13003728918627,-1.13003728918627,-1.13003728918627,-1.13003728918627,-1.13003728918627,-1.13003728918627,-1.13003728918627,-1.13003728918627,-1.13003728918627,5.33578327042771,4.54972388198388,3.77871721113599,3.03096852335285,2.31468308410329,1.63806615885612,1.00932301308015,0.436658912244207,-0.0717208781829104,-0.507611092732345,-0.862806465935325,-1.129101732323,-1.2982916264266,-1.36217088277727,-1.31253423590618,-1.14117642034453,-0.839892170623514,-0.400476221274335,0.185276693171895,0.925571838183915,0.925571838183915,0.925571838183915,0.925571838183915,0.925571838183915,0.925571838183915,0.925571838183915,0.925571838183915,0.925571838183915,0.925571838183915,0.925571838183915,0.925571838183915,0.925571838183915,0.925571838183915,0.925571838183915,0.925571838183915,0.925571838183915,0.925571838183915,0.925571838183915,0.925571838183915,0.925571838183915,5.27260892949425,4.47593644957666,3.67926396965908,2.88259148974149,2.08591900982391,1.28924652990632,0.503879061297152,-0.19425956421623,-0.653595755703837,-0.784591266193127,-0.631604819535836,-0.302381304831401,0.044632349747312,0.206127787603215,0.0905357294296429,-0.200349761219849,-0.541611950912314,-0.916917908833506,-1.33780244913305,-1.7804271705823,-1.7804271705823,-1.7804271705823,-1.7804271705823,-1.7804271705823,-1.7804271705823,-1.7804271705823,-1.7804271705823,-1.7804271705823,-1.7804271705823,-1.7804271705823,-1.7804271705823,-1.7804271705823,-1.7804271705823,-1.7804271705823,-1.7804271705823,-1.7804271705823,-1.7804271705823,-1.7804271705823,-1.7804271705823,-1.7804271705823,1,1,1,1,1,1,1,1,1,1,1,1,1,1,1,1,1,1,1,1,1,1,1,1,1,1,1,1,1,1,1,1,1,1,1,1,1,1,1,1
-1.38038065900086,-0.0933095342642547,-0.248925992721586,2.19578400829507,1.24604793050561,-0.167348965932677,-1.1458483583253,0.33425710912099,-1.56348440069199,-0.0797080585289081,0.341885418003836,-0.61350473150671,1.34684437690544,0.361315936286095,0.682471827994608,1.4620400166403,-1.55522836676604,-0.393228868827963,0.0234278584421528,-1.58100304168475,0.732307185858957,-1.09999641445447,-0.72139074421527,-1.62027765709825,-1.10915043075045,-0.333063231288591,1.95866456218281,0.0573159929221791,-0.0388087872277687,1.09827042244816,-0.194155590704447,-0.572951654670838,-3.07950095545367,-1.80672554548499,-0.783456014861889,1.24923560828269,1.65575725469792,2.19651816471669,0.302873144718957,2.62729344300905,1.13240836171175,1.01277632883071,0.893144295949668,0.773512263068624,0.65388023018758,0.534248197306537,0.414616164425492,0.294984131544451,0.175352098663407,0.0557200657823635,-0.0639119670986794,-0.183543999979721,-0.303176032860765,-0.42280806574181,-0.542440098622855,-0.662072131503896,-0.781704164384937,-0.901336197265982,-1.02096823014703,-1.14060026302807,-1.14060026302807,-1.14060026302807,-1.14060026302807,-1.14060026302807,-1.14060026302807,-1.14060026302807,-1.14060026302807,-1.14060026302807,-1.14060026302807,-1.14060026302807,-1.14060026302807,-1.14060026302807,-1.14060026302807,-1.14060026302807,-1.14060026302807,-1.14060026302807,-1.14060026302807,-1.14060026302807,-1.14060026302807,-1.14060026302807,-0.895752471931111,-0.626196842506928,-0.393712786905227,-0.19782868751765,-0.0380729267358344,0.08602611304857,0.174940049443931,0.2291405000586,0.24909908250094,0.235287414379309,0.188177113302068,0.108239796877564,-0.00405291728582569,-0.148229411579759,-0.323818068395862,-0.530347270125796,-0.767345399161176,-1.03434083789368,-1.33086196871491,-1.65643717401652,-1.65643717401652,-1.65643717401652,-1.65643717401652,-1.65643717401652,-1.65643717401652,-1.65643717401652,-1.65643717401652,-1.65643717401652,-1.65643717401652,-1.65643717401652,-1.65643717401652,-1.65643717401652,-1.65643717401652,-1.65643717401652,-1.65643717401652,-1.65643717401652,-1.65643717401652,-1.65643717401652,-1.65643717401652,-1.65643717401652,0.902657461144618,0.814768747892822,0.72688003464102,0.638991321389224,0.551102608137425,0.463213894885627,0.374882787620674,0.284259174499155,0.190463482234069,0.0924218938660264,-0.0125013058109253,-0.126228630840794,-0.248205640002473,-0.377007229685617,-0.511813540958387,-0.65179965467051,-0.795682685814489,-0.94219572814842,-1.09028766697696,-1.23906289685873,-1.23906289685873,-1.23906289685873,-1.23906289685873,-1.23906289685873,-1.23906289685873,-1.23906289685873,-1.23906289685873,-1.23906289685873,-1.23906289685873,-1.23906289685873,-1.23906289685873,-1.23906289685873,-1.23906289685873,-1.23906289685873,-1.23906289685873,-1.23906289685873,-1.23906289685873,-1.23906289685873,-1.23906289685873,-1.23906289685873,1,1,1,1,1,1,1,1,1,1,1,1,1,1,1,1,1,1,1,1,1,1,1,1,1,1,1,1,1,1,1,1,1,1,1,1,1,1,1,1
0.802390080642037,-1.03144121376402,0.848171360430391,-0.967269633940716,-0.687510163892923,-0.498567853477637,1.42717638945706,1.70223116784264,-2.02968040246593,0.143338904555431,0.238305060801794,-0.464285870672553,-0.162002326790132,1.66257469898342,-0.698153504003958,-2.29823095516475,1.53367273736112,1.18834003317971,1.56930351432075,0.0433397957875687,-1.59450991239875,-1.58388095977293,0.0144365431093796,-0.310922644692639,-1.31372293660166,-0.758830062267,-0.492496358452224,-0.905221319275684,-1.41157717049952,-2.34237272946604,1.74827762108794,0.285314102890954,0.451023488223747,-0.520719118580063,-0.924551235489195,2.31931596450239,-1.44220934139483,0.440625822655729,-0.32199378825357,-0.64791866236528,1.77667035128794,1.74499042723478,1.71331050318162,1.68163057912846,1.6499506550753,1.61827073102214,1.58659080696898,1.55491088291582,1.52323095886266,1.4915510348095,1.45987111075634,1.42819118670318,1.39651126265002,1.36483133859686,1.3331514145437,1.30147149049054,1.26979156643738,1.23811164238423,1.20643171833106,1.17475179427791,1.17475179427791,1.17475179427791,1.17475179427791,1.17475179427791,1.17475179427791,1.17475179427791,1.17475179427791,1.17475179427791,1.17475179427791,1.17475179427791,1.17475179427791,1.17475179427791,1.17475179427791,1.17475179427791,1.17475179427791,1.17475179427791,1.17475179427791,1.17475179427791,1.17475179427791,1.17475179427791,-9.81038079871666,-6.89868155103684,-4.4879897880026,-2.53479965937314,-0.995605314907718,0.173099095634449,1.01481942249413,1.57306151591209,1.89133122612911,2.01313440338594,1.98197689792336,1.84136455998216,1.63480323980307,1.40579878762689,1.19785705369439,1.05448388824632,1.01918514152346,1.13546666376659,1.44683430521644,1.99679391611384,1.99679391611384,1.99679391611384,1.99679391611384,1.99679391611384,1.99679391611384,1.99679391611384,1.99679391611384,1.99679391611384,1.99679391611384,1.99679391611384,1.99679391611384,1.99679391611384,1.99679391611384,1.99679391611384,1.99679391611384,1.99679391611384,1.99679391611384,1.99679391611384,1.99679391611384,1.99679391611384,-0.167377748734846,0.122348813142082,0.412075375019005,0.701801936895935,0.991528498772859,1.28125506064979,1.54929962216768,1.69724581467825,1.66755349769719,1.51121672627067,1.32319826975416,1.15381752986488,1.01849917143954,0.9449912656619,0.95997887882408,1.07389736045835,1.30499621765878,1.66165418974143,2.09927850621908,2.55702998895409,2.55702998895409,2.55702998895409,2.55702998895409,2.55702998895409,2.55702998895409,2.55702998895409,2.55702998895409,2.55702998895409,2.55702998895409,2.55702998895409,2.55702998895409,2.55702998895409,2.55702998895409,2.55702998895409,2.55702998895409,2.55702998895409,2.55702998895409,2.55702998895409,2.55702998895409,2.55702998895409,1,1,1,1,1,1,1,1,1,1,1,1,1,1,1,1,1,1,1,1,1,1,1,1,1,1,1,1,1,1,1,1,1,1,1,1,1,1,1,1
-2.2431560292625,-3.00740292576147,-0.481005272268749,-0.449885118223214,-2.29327920274127,0.554878773248994,-2.07595758624098,-0.323660977055289,0.202501203629662,3.3326444336973,0.245958045182801,-0.111925413031365,-1.62846535410222,0.319446563904146,-0.694050001566174,-0.486078469675144,-1.665458946046,-0.985737875358177,1.16034844324776,-1.45790135017622,1.4272861339984,1.74500719338173,1.16850611664356,0.848431368849859,1.9413556158276,0.50305121628889,0.0176797045889714,-0.182837711370658,1.22538045562131,-0.730599853659612,0.0434356075205162,0.783232284297322,0.0638958105943637,3.59525598859981,2.26080155530196,-1.80090825494826,0.748063147920634,-1.11362779709972,-1.06958928520512,1.81725383250055,4.19038749205751,3.85789360392224,3.52539971578697,3.1929058276517,2.86041193951643,2.52791805138116,2.19542416324589,1.86293027511061,1.53043638697534,1.19794249884007,0.865448610704798,0.532954722569528,0.200460834434256,-0.132033053701015,-0.464526941836285,-0.797020829971558,-1.12951471810683,-1.4620086062421,-1.79450249437737,-2.12699638251264,-2.12699638251264,-2.12699638251264,-2.12699638251264,-2.12699638251264,-2.12699638251264,-2.12699638251264,-2.12699638251264,-2.12699638251264,-2.12699638251264,-2.12699638251264,-2.12699638251264,-2.12699638251264,-2.12699638251264,-2.12699638251264,-2.12699638251264,-2.12699638251264,-2.12699638251264,-2.12699638251264,-2.12699638251264,-2.12699638251264,-16.9956336347594,-12.1383760432737,-8.10708112168818,-4.83619773486792,-2.26017474767784,-0.313461024982907,1.06949456835191,1.95424316746161,2.40633590748126,2.49132392354588,2.2747583507905,1.82219032435014,1.19917097935988,0.471251450954679,-0.296017125730412,-1.03708361556034,-1.68639688340007,-2.17840579411462,-2.44755921256891,-2.42830600362792,-2.42830600362792,-2.42830600362792,-2.42830600362792,-2.42830600362792,-2.42830600362792,-2.42830600362792,-2.42830600362792,-2.42830600362792,-2.42830600362792,-2.42830600362792,-2.42830600362792,-2.42830600362792,-2.42830600362792,-2.42830600362792,-2.42830600362792,-2.42830600362792,-2.42830600362792,-2.42830600362792,-2.42830600362792,-2.42830600362792,0.427972761613703,0.595558136783342,0.763143511952979,0.930728887122617,1.09831426229225,1.26589963746188,1.43485495081919,1.60324094253508,1.73072876334879,1.75358035149372,1.62495831905538,1.33374949811584,0.906562515816525,0.394598038065245,-0.157009648913681,-0.722744921270742,-1.27912130178057,-1.79969840971448,-2.2768619256827,-2.7284435402915,-2.7284435402915,-2.7284435402915,-2.7284435402915,-2.7284435402915,-2.7284435402915,-2.7284435402915,-2.7284435402915,-2.7284435402915,-2.7284435402915,-2.7284435402915,-2.7284435402915,-2.7284435402915,-2.7284435402915,-2.7284435402915,-2.7284435402915,-2.7284435402915,-2.7284435402915,-2.7284435402915,-2.7284435402915,-2.7284435402915,1,1,1,1,1,1,1,1,1,1,1,1,1,1,1,1,1,1,1,1,1,1,1,1,1,1,1,1,1,1,1,1,1,1,1,1,1,1,1,1
0.678686845665216,0.53355391689449,0.207646419734034,0.121776924502592,1.52000181993479,1.07426164286875,-0.401407412010203,-2.46000346794899,-0.320958380511609,0.469157051397092,-0.90334183736911,0.364767068139175,1.96559890792157,0.654723041954359,1.88105221973083,-0.504717201171353,3.2490257455659,1.94225998742763,0.807883800955487,-1.23050835563292,-1.2045467212974,-0.158379019566679,0.586533632854101,0.0795408719006545,-0.268076705321894,-0.856191976759455,0.879786189660022,-1.19794542471964,-1.52082724798857,-1.59282873202461,-1.12963257512162,-0.451094263819339,1.65142926543147,-4.32150550836165,-0.453616143594706,-0.626516131186147,2.34350811099652,-0.760282690591946,-0.707836605502907,-0.507320123511564,1.52689665555847,1.57231334961463,1.61773004367078,1.66314673772694,1.70856343178309,1.75398012583925,1.79939681989541,1.84481351395156,1.89023020800772,1.93564690206387,1.98106359612003,2.02648029017618,2.07189698423234,2.11731367828849,2.16273037234465,2.2081470664008,2.25356376045696,2.29898045451311,2.34439714856927,2.38981384262542,2.38981384262542,2.38981384262542,2.38981384262542,2.38981384262542,2.38981384262542,2.38981384262542,2.38981384262542,2.38981384262542,2.38981384262542,2.38981384262542,2.38981384262542,2.38981384262542,2.38981384262542,2.38981384262542,2.38981384262542,2.38981384262542,2.38981384262542,2.38981384262542,2.38981384262542,2.38981384262542,3.14860647767402,2.29408682702236,1.69295090317386,1.31465601105034,1.12865945557365,1.10441854166561,1.21139057424804,1.41903285824277,1.69680269857163,2.01415740015645,2.34055426791907,2.64545060678132,2.89830372166498,3.06857091749194,3.12570949918401,3.03917677166296,2.7784300398507,2.31292660866907,1.61212378303984,0.645478867884796,0.645478867884796,0.645478867884796,0.645478867884796,0.645478867884796,0.645478867884796,0.645478867884796,0.645478867884796,0.645478867884796,0.645478867884796,0.645478867884796,0.645478867884796,0.645478867884796,0.645478867884796,0.645478867884796,0.645478867884796,0.645478867884796,0.645478867884796,0.645478867884796,0.645478867884796,0.645478867884796,-8.65565381011676,-7.10004674864355,-5.54443968717033,-3.98883262569713,-2.43322556422393,-0.877618502750733,0.637096046056413,1.90534973726126,2.72093140689851,3.09794373151421,3.24870023437716,3.31480735019904,3.24468090071019,2.97734529214894,2.60308381464369,2.27110643495253,2.02177590981039,1.76331010063498,1.39101827232825,0.909852064230831,0.909852064230831,0.909852064230831,0.909852064230831,0.909852064230831,0.909852064230831,0.909852064230831,0.909852064230831,0.909852064230831,0.909852064230831,0.909852064230831,0.909852064230831,0.909852064230831,0.909852064230831,0.909852064230831,0.909852064230831,0.909852064230831,0.909852064230831,0.909852064230831,0.909852064230831,0.909852064230831,1,1,1,1,1,1,1,1,1,1,1,1,1,1,1,1,1,1,1,1,1,1,1,1,1,1,1,1,1,1,1,1,1,1,1,1,1,1,1,1
5.01212944348012,0.0180446182716389,-1.80622730419285,-0.617316823993115,-1.04841081525108,3.37588362268999,-1.75149321720076,0.849748179837773,-2.54928801644573,-0.336302559073118,0.61376668833244,-1.93592686806611,3.12250709915599,-0.92674993597493,-1.35429562453596,-1.44024442466327,0.706208347918505,0.196442489410503,-2.54410916527585,-0.971280039590786,0.595509524617029,-0.1189554479599,1.19074454516552,-1.35665463165044,0.826996393991182,0.0935933155772535,-3.96195470100168,0.409807006716646,-2.34020408890368,-1.04556144264341,0.482541350756748,-0.127436124126168,0.0475431576377492,-2.3907103506583,1.87236287075674,-2.93622999372623,-0.198313372604952,-0.129863858636334,-1.46941647558065,1.00554433469503,-4.24410936103421,-3.93788889194535,-3.63166842285649,-3.32544795376763,-3.01922748467877,-2.71300701558991,-2.40678654650105,-2.10056607741218,-1.79434560832332,-1.48812513923446,-1.1819046701456,-0.875684201056739,-0.569463731967877,-0.263243262879017,0.0429772062098461,0.349197675298708,0.655418144387566,0.961638613476428,1.26785908256529,1.57407955165415,1.57407955165415,1.57407955165415,1.57407955165415,1.57407955165415,1.57407955165415,1.57407955165415,1.57407955165415,1.57407955165415,1.57407955165415,1.57407955165415,1.57407955165415,1.57407955165415,1.57407955165415,1.57407955165415,1.57407955165415,1.57407955165415,1.57407955165415,1.57407955165415,1.57407955165415,1.57407955165415,-31.6782316237974,-24.118201438947,-17.8312470681925,-12.7047478025265,-8.62608293294124,-5.48263175042932,-3.16177354598316,-1.55088761059521,-0.537353235257921,-0.00854971096372736,0.148143671294905,0.0453476205255221,-0.204317154264324,-0.488229944067067,-0.69377003987519,-0.708316732681125,-0.419249313477337,0.286052926743753,1.52021069698965,3.39584470626793,3.39584470626793,3.39584470626793,3.39584470626793,3.39584470626793,3.39584470626793,3.39584470626793,3.39584470626793,3.39584470626793,3.39584470626793,3.39584470626793,3.39584470626793,3.39584470626793,3.39584470626793,3.39584470626793,3.39584470626793,3.39584470626793,3.39584470626793,3.39584470626793,3.39584470626793,3.39584470626793,-6.71820083739301,-6.14108209261787,-5.56396334784269,-4.98684460306754,-4.40972585829239,-3.83260711351724,-3.18759820473214,-2.24637326765807,-1.20502530348374,-0.486868377706079,-0.205647802730018,-0.182655967076217,-0.240839228952238,-0.301029104006382,-0.355476621503147,-0.376283192027875,-0.19110258864332,0.413272554884811,1.43619279057932,2.67186500561148,2.67186500561148,2.67186500561148,2.67186500561148,2.67186500561148,2.67186500561148,2.67186500561148,2.67186500561148,2.67186500561148,2.67186500561148,2.67186500561148,2.67186500561148,2.67186500561148,2.67186500561148,2.67186500561148,2.67186500561148,2.67186500561148,2.67186500561148,2.67186500561148,2.67186500561148,2.67186500561148,1,1,1,1,1,1,0,1,1,1,1,1,1,1,1,1,1,1,1,1,1,1,1,1,1,1,1,1,1,1,1,1,1,1,1,1,1,1,1,1
0.315121223214443,-0.918294967124472,1.91933706197171,0.890394121753662,2.09308782347942,0.0602142953642346,2.30732056229268,0.412993251274549,2.22348580110298,-0.333363830031685,-0.252176684115312,2.28564113563722,-0.533800604958685,0.859073729409953,0.151561236051329,-0.586953718581137,-0.348821412223524,-0.134761437102984,1.24506546390647,0.894424473265039,1.52997751766011,-2.55869996918021,2.42753846732009,1.84059230297833,-0.105623656452359,0.164710338279512,-0.199004633875075,1.21491813745603,1.85733526106572,-1.1599142929274,-2.56048883991659,-1.22630362685524,-0.505993299644929,1.03613116690781,-0.382433037692794,0.950743351414324,0.361973413216806,-0.114352290073425,0.789624475164974,0.523846224803538,-0.439115990105581,-0.356674316776816,-0.274232643448051,-0.191790970119287,-0.109349296790522,-0.0269076234617565,0.0555340498670072,0.137975723195773,0.220417396524538,0.302859069853302,0.385300743182066,0.467742416510832,0.550184089839597,0.632625763168361,0.715067436497126,0.79750910982589,0.879950783154657,0.962392456483421,1.04483412981219,1.12727580314095,1.12727580314095,1.12727580314095,1.12727580314095,1.12727580314095,1.12727580314095,1.12727580314095,1.12727580314095,1.12727580314095,1.12727580314095,1.12727580314095,1.12727580314095,1.12727580314095,1.12727580314095,1.12727580314095,1.12727580314095,1.12727580314095,1.12727580314095,1.12727580314095,1.12727580314095,1.12727580314095,-3.43779149021033,-3.18387636529802,-2.8411328510364,-2.42725905692288,-1.95995309245487,-1.45691306712979,-0.935837090445044,-0.414423271898049,0.0896302790137824,0.558625452793047,0.974864139942325,1.3206482309642,1.57827961636128,1.73006018663613,1.75829183229135,1.64527644382952,1.37331591175323,0.92471212656509,0.281766978767656,-0.573217641136429,-0.573217641136429,-0.573217641136429,-0.573217641136429,-0.573217641136429,-0.573217641136429,-0.573217641136429,-0.573217641136429,-0.573217641136429,-0.573217641136429,-0.573217641136429,-0.573217641136429,-0.573217641136429,-0.573217641136429,-0.573217641136429,-0.573217641136429,-0.573217641136429,-0.573217641136429,-0.573217641136429,-0.573217641136429,-0.573217641136429,-3.50983137988147,-3.06542139470601,-2.62101140953054,-2.17660142435508,-1.7321914391796,-1.28778145400414,-0.842915110528731,-0.391367892681465,0.0858503134532427,0.586526903261488,1.05503682741103,1.41402493232718,1.6253428262609,1.69685405777852,1.63716785536173,1.43645375674509,1.09669057437022,0.654103751345827,0.159684198698233,-0.350523105554734,-0.350523105554734,-0.350523105554734,-0.350523105554734,-0.350523105554734,-0.350523105554734,-0.350523105554734,-0.350523105554734,-0.350523105554734,-0.350523105554734,-0.350523105554734,-0.350523105554734,-0.350523105554734,-0.350523105554734,-0.350523105554734,-0.350523105554734,-0.350523105554734,-0.350523105554734,-0.350523105554734,-0.350523105554734,-0.350523105554734,1,1,1,1,1,1,1,1,1,1,1,1,1,1,1,1,1,1,1,1,1,1,1,1,1,1,1,1,1,1,1,1,1,1,1,1,1,1,1,1
-0.0997642282097073,1.30445347131626,-0.0136639644790826,-0.727516160624904,-2.70499589765755,-0.886237575104752,0.511943715804149,-0.556133371433535,-2.25404790512347,0.504652809816644,-3.62420238723759,-0.0366987738948339,-0.75857078067598,0.389749950391774,0.647406076052865,-1.06026394652572,-1.27205386188114,2.13527189462503,-0.397426151866611,0.71802856802999,0.831389542371966,1.02778448337647,1.86673070666772,-0.305997619803239,2.84247737344216,0.360799751330754,0.909604828451437,-1.11193070247102,-1.47697813810032,0.427723396807764,-0.402535587030322,-1.48553078644855,-2.33810538026585,0.327202783085641,-0.0437968096508872,-1.12064134791963,1.37423149621445,-0.725993400935595,0.840537529416132,-0.970382244742645,-3.69352410623314,-3.63164102892456,-3.56975795161598,-3.5078748743074,-3.44599179699881,-3.38410871969023,-3.32222564238165,-3.26034256507307,-3.19845948776448,-3.1365764104559,-3.07469333314732,-3.01281025583874,-2.95092717853016,-2.88904410122157,-2.82716102391299,-2.76527794660441,-2.70339486929583,-2.64151179198725,-2.57962871467867,-2.51774563737008,-2.51774563737008,-2.51774563737008,-2.51774563737008,-2.51774563737008,-2.51774563737008,-2.51774563737008,-2.51774563737008,-2.51774563737008,-2.51774563737008,-2.51774563737008,-2.51774563737008,-2.51774563737008,-2.51774563737008,-2.51774563737008,-2.51774563737008,-2.51774563737008,-2.51774563737008,-2.51774563737008,-2.51774563737008,-2.51774563737008,0.727446476324685,-0.918973714246542,-2.17458908898067,-3.08037384973378,-3.67730219836191,-4.00634833672113,-4.1084864666675,-4.02469079005708,-3.79593550874594,-3.46319482459012,-3.06744293944571,-2.64965405516874,-2.25080237361528,-1.91186209664141,-1.67380742610317,-1.57761256385663,-1.66425171175782,-1.97469907166285,-2.54992884542777,-3.4309152349086,-3.4309152349086,-3.4309152349086,-3.4309152349086,-3.4309152349086,-3.4309152349086,-3.4309152349086,-3.4309152349086,-3.4309152349086,-3.4309152349086,-3.4309152349086,-3.4309152349086,-3.4309152349086,-3.4309152349086,-3.4309152349086,-3.4309152349086,-3.4309152349086,-3.4309152349086,-3.4309152349086,-3.4309152349086,-3.4309152349086,-3.22200590596444,-3.37049786438727,-3.51898982281006,-3.66748178123285,-3.81597373965566,-3.96446569807847,-4.08481969344891,-4.04842287586881,-3.77097161838519,-3.3006115418522,-2.80855405440274,-2.46638133576021,-2.26633103513018,-2.07240456409769,-1.87997258268156,-1.81771050546562,-1.88904512569873,-1.97381664671609,-2.0515002442987,-2.16830609937111,-2.16830609937111,-2.16830609937111,-2.16830609937111,-2.16830609937111,-2.16830609937111,-2.16830609937111,-2.16830609937111,-2.16830609937111,-2.16830609937111,-2.16830609937111,-2.16830609937111,-2.16830609937111,-2.16830609937111,-2.16830609937111,-2.16830609937111,-2.16830609937111,-2.16830609937111,-2.16830609937111,-2.16830609937111,-2.16830609937111,1,1,1,1,1,1,1,1,0,1,1,1,1,1,1,1,1,1,1,1,1,1,1,1,1,1,1,1,1,1,1,1,1,1,1,1,1,1,1,1
1.97779061318226,-4.520905648024,0.641404207727697,1.8799642895019,-1.29571694371117,-2.08280114720921,-0.596145657060947,0.519750754414265,-0.603976022497442,-0.390616931758965,0.345233623023329,0.888575048377831,0.785305633580123,0.618764990614734,0.930746698019696,1.03949582027994,0.352782849892462,0.857007290775451,1.3165602087762,-2.64438933978151,-1.04659647768571,0.239680157580695,-2.14066520411002,-0.318504483742611,-0.50952738757257,0.434079797140745,-1.93253738168419,-0.576651427625132,0.539225692937913,-0.698262971555687,2.00719493748579,0.192592258393979,-1.63756757060039,-0.848964439440051,1.23580755731195,-0.963274258616112,-1.54922864488797,1.03655069686732,1.07205039336641,0.875590348845913,-5.51622367021324,-5.05751882164967,-4.5988139730861,-4.14010912452253,-3.68140427595896,-3.22269942739539,-2.76399457883182,-2.30528973026825,-1.84658488170468,-1.38788003314112,-0.929175184577545,-0.470470336013975,-0.0117654874504058,0.446939361113166,0.905644209676735,1.36434905824031,1.82305390680388,2.28175875536744,2.74046360393102,3.19916845249459,3.19916845249459,3.19916845249459,3.19916845249459,3.19916845249459,3.19916845249459,3.19916845249459,3.19916845249459,3.19916845249459,3.19916845249459,3.19916845249459,3.19916845249459,3.19916845249459,3.19916845249459,3.19916845249459,3.19916845249459,3.19916845249459,3.19916845249459,3.19916845249459,3.19916845249459,3.19916845249459,1.60636270401723,-0.709543699477384,-2.3564042569106,-3.40937113116882,-3.94359648513847,-4.03423248170597,-3.75643128375772,-3.18534505418014,-2.39612595585965,-1.46392615168266,-0.4638978045356,0.528806922695134,1.43903586712312,2.19163686586194,2.71145775602519,2.92334637472643,2.75215055907927,2.12271814619729,0.959896973194047,-0.811465122816831,-0.811465122816831,-0.811465122816831,-0.811465122816831,-0.811465122816831,-0.811465122816831,-0.811465122816831,-0.811465122816831,-0.811465122816831,-0.811465122816831,-0.811465122816831,-0.811465122816831,-0.811465122816831,-0.811465122816831,-0.811465122816831,-0.811465122816831,-0.811465122816831,-0.811465122816831,-0.811465122816831,-0.811465122816831,-0.811465122816831,-7.00784480192378,-6.35912964996991,-5.71041449801603,-5.06169934606216,-4.41298419410828,-3.76426904215441,-3.11700915709533,-2.47537031044261,-1.83384555868869,-1.19361330592349,-0.575243429456954,-0.000618513945322974,0.519665279805595,0.974764621923022,1.34989245627916,1.63940574606379,1.84979449382884,1.99102249001807,2.07721868696934,2.1330189240372,2.1330189240372,2.1330189240372,2.1330189240372,2.1330189240372,2.1330189240372,2.1330189240372,2.1330189240372,2.1330189240372,2.1330189240372,2.1330189240372,2.1330189240372,2.1330189240372,2.1330189240372,2.1330189240372,2.1330189240372,2.1330189240372,2.1330189240372,2.1330189240372,2.1330189240372,2.1330189240372,1,1,1,1,1,1,1,1,1,1,1,1,1,1,1,1,1,1,1,1,1,1,1,1,1,1,1,1,1,1,1,1,1,1,1,1,1,1,1,1
-0.741384732013457,1.26633603808245,0.866296651896659,-2.00355307888686,1.6442465081046,-1.63565950691039,1.82933080660093,-1.23224623733579,2.37136953294486,0.72565413105686,-0.848479614299968,-1.20801176139756,-1.82787100652008,0.938820618880317,-2.33363171168102,0.211084479242237,-2.66053148663682,-3.30708307697555,-3.60017241158841,0.964105079130944,0.262730866323672,0.0553713779144118,-3.75630089662006,-0.859148014283674,-1.6777656986345,-1.79874102362104,-1.4546787523773,-2.42238279588816,2.25400375323959,-0.699561516670776,0.60233049035827,1.48810240532124,-0.322769818026968,0.578628205119564,-2.21163433921292,0.389598026386359,0.746929169603746,2.88356552568526,-3.21324466201997,1.10670185153844,0.0683689379328349,-0.0486528147706915,-0.165674567474217,-0.282696320177741,-0.399718072881267,-0.516739825584793,-0.633761578288318,-0.750783330991842,-0.867805083695369,-0.984826836398895,-1.10184858910242,-1.21887034180595,-1.33589209450947,-1.452913847213,-1.56993559991652,-1.68695735262005,-1.80397910532357,-1.9210008580271,-2.03802261073062,-2.15504436343415,-2.15504436343415,-2.15504436343415,-2.15504436343415,-2.15504436343415,-2.15504436343415,-2.15504436343415,-2.15504436343415,-2.15504436343415,-2.15504436343415,-2.15504436343415,-2.15504436343415,-2.15504436343415,-2.15504436343415,-2.15504436343415,-2.15504436343415,-2.15504436343415,-2.15504436343415,-2.15504436343415,-2.15504436343415,-2.15504436343415,-53.7818453434291,-39.289650535913,-27.4279738199709,-17.9592442986406,-10.6458910749601,-5.25034325196722,-1.53502993269988,0.737619779804017,1.80517678250658,1.90521197236993,1.27529624635618,0.153000501427456,-1.22410436545428,-2.61844745732671,-3.79245787722794,-4.50856472819567,-4.52919711326791,-3.61678413548253,-1.53375489787738,1.9574614965094,1.9574614965094,1.9574614965094,1.9574614965094,1.9574614965094,1.9574614965094,1.9574614965094,1.9574614965094,1.9574614965094,1.9574614965094,1.9574614965094,1.9574614965094,1.9574614965094,1.9574614965094,1.9574614965094,1.9574614965094,1.9574614965094,1.9574614965094,1.9574614965094,1.9574614965094,1.9574614965094,-4.50233463179021,-3.895971269129,-3.28960790646778,-2.68324454380657,-2.07688118114535,-1.47051781848414,-0.883908421750371,-0.424584048063188,-0.227396745147324,-0.299414131318922,-0.532551449433457,-0.886950840902559,-1.39341464076852,-1.97222163722586,-2.42529392400315,-2.60620430887763,-2.48832010059409,-2.12015980134112,-1.59578739576048,-1.01373193905508,-1.01373193905508,-1.01373193905508,-1.01373193905508,-1.01373193905508,-1.01373193905508,-1.01373193905508,-1.01373193905508,-1.01373193905508,-1.01373193905508,-1.01373193905508,-1.01373193905508,-1.01373193905508,-1.01373193905508,-1.01373193905508,-1.01373193905508,-1.01373193905508,-1.01373193905508,-1.01373193905508,-1.01373193905508,-1.01373193905508,1,1,1,1,1,1,1,1,1,1,1,1,1,1,0,0,0,1,1,1,1,1,1,1,1,1,1,1,1,1,1,1,1,1,1,1,1,1,1,1
1.21187281023204,1.9134794144854,-1.12925148523121,1.02948558656319,-0.676508230687908,-0.335163223320968,-0.161588212768724,1.09956752112623,1.55849245569593,0.808175151077158,0.886234439785051,-1.3130994533323,1.11330481033179,-0.20006689581669,-0.753696509710297,-0.205089065987917,1.22915074504271,1.88626769064413,-0.584506717507464,0.529491655095818,2.84981496335966,1.39626081114831,0.706018193747886,-0.451294345102417,-0.265364265684539,0.26022227405242,0.682895133911297,0.736608043669623,0.512028271041254,-2.08219559309938,0.0788640915953831,2.80767981299528,-0.653056438558961,-0.238189394838475,-2.91884937905935,1.24987013846753,-0.232302004315553,-3.8066824925006,-1.42833204500181,-0.792390402086268,1.71404409377985,1.64511315003743,1.57618220629501,1.50725126255259,1.43832031881017,1.36938937506776,1.30045843132534,1.23152748758292,1.1625965438405,1.09366560009808,1.02473465635567,0.955803712613248,0.88687276887083,0.817941825128411,0.749010881385992,0.680079937643576,0.611148993901159,0.542218050158739,0.47328710641632,0.404356162673901,0.404356162673901,0.404356162673901,0.404356162673901,0.404356162673901,0.404356162673901,0.404356162673901,0.404356162673901,0.404356162673901,0.404356162673901,0.404356162673901,0.404356162673901,0.404356162673901,0.404356162673901,0.404356162673901,0.404356162673901,0.404356162673901,0.404356162673901,0.404356162673901,0.404356162673901,0.404356162673901,-4.78686633923645,-2.926029835984,-1.44555391905445,-0.308216790002291,0.523203349618008,1.08592829825197,1.41717985434513,1.55417981634301,1.53414998269113,1.39431215183503,1.17188812222023,0.904099692292235,0.628168660496616,0.381316825278873,0.200765985084534,0.123737938359124,0.187454483548171,0.429137419097204,0.88600854345176,1.59528965505734,1.59528965505734,1.59528965505734,1.59528965505734,1.59528965505734,1.59528965505734,1.59528965505734,1.59528965505734,1.59528965505734,1.59528965505734,1.59528965505734,1.59528965505734,1.59528965505734,1.59528965505734,1.59528965505734,1.59528965505734,1.59528965505734,1.59528965505734,1.59528965505734,1.59528965505734,1.59528965505734,2.86903918206981,2.65464987282152,2.44026056357323,2.22587125432495,2.01148194507666,1.79709263582837,1.58246397705696,1.36737074242521,1.15582941497068,0.955788277998307,0.779086180908243,0.641414946998433,0.554611640284881,0.519136506656405,0.527000177241765,0.566177402266579,0.621445701703408,0.681136073947398,0.743780947065192,0.810693810741151,0.810693810741151,0.810693810741151,0.810693810741151,0.810693810741151,0.810693810741151,0.810693810741151,0.810693810741151,0.810693810741151,0.810693810741151,0.810693810741151,0.810693810741151,0.810693810741151,0.810693810741151,0.810693810741151,0.810693810741151,0.810693810741151,0.810693810741151,0.810693810741151,0.810693810741151,0.810693810741151,1,1,1,1,1,1,1,1,1,1,1,1,1,1,1,1,1,1,1,1,1,1,1,1,1,1,1,1,1,1,1,1,1,1,1,1,1,1,1,1
1.17318847855259,0.0389612745414984,-0.31245833144537,-0.228706675939175,0.287193802542574,2.33123921882819,0.262368305842535,-0.946503726907498,2.62615104182183,-0.757437675979737,-0.683695587617219,1.9103934562405,-1.99320289879692,0.720425445457137,-0.39146486778314,0.833796315298965,-1.7674018407779,2.03006392981069,-1.43854131084828,-1.26050170079793,-0.349952123347396,0.113950624609254,0.820916791521487,1.70719799834732,-1.59069131475988,-0.356578617278835,0.387093999309164,-0.475833556171235,-0.229386681660644,-0.872964412229047,-0.642828396723111,3.82911140407077,0.501300369248206,1.15868126796382,0.616760438315481,-0.0619048281599905,-0.168106847651655,-1.31339273692794,-2.19724855520791,-1.91195253887364,3.19100523988995,2.897417223646,2.60382920740206,2.31024119115811,2.01665317491416,1.72306515867021,1.42947714242626,1.13588912618231,0.842301109938361,0.548713093694413,0.255125077450463,-0.0384629387934865,-0.332050955037438,-0.625638971281385,-0.919226987525333,-1.21281500376928,-1.50640302001323,-1.79999103625718,-2.09357905250113,-2.38716706874508,-2.38716706874508,-2.38716706874508,-2.38716706874508,-2.38716706874508,-2.38716706874508,-2.38716706874508,-2.38716706874508,-2.38716706874508,-2.38716706874508,-2.38716706874508,-2.38716706874508,-2.38716706874508,-2.38716706874508,-2.38716706874508,-2.38716706874508,-2.38716706874508,-2.38716706874508,-2.38716706874508,-2.38716706874508,-2.38716706874508,6.27769416396096,4.74816442424994,3.51873784458317,2.5559951174724,1.82651693542926,1.29688399096545,0.933676976592662,0.703476584822585,0.57286350816687,0.508418439137223,0.476722070245307,0.444355094002834,0.377898202921489,0.243932089512883,0.00903744628881498,-0.360205034239131,-0.897214659559255,-1.63541073715985,-2.60821257452914,-3.84903947915564,-3.84903947915564,-3.84903947915564,-3.84903947915564,-3.84903947915564,-3.84903947915564,-3.84903947915564,-3.84903947915564,-3.84903947915564,-3.84903947915564,-3.84903947915564,-3.84903947915564,-3.84903947915564,-3.84903947915564,-3.84903947915564,-3.84903947915564,-3.84903947915564,-3.84903947915564,-3.84903947915564,-3.84903947915564,-3.84903947915564,1.60616042476671,1.52551805683457,1.44487568890244,1.36423332097028,1.28359095303814,1.202948585106,1.11601299323769,0.993910109538831,0.816986578328629,0.597553944565721,0.390457798887065,0.248607228226057,0.129366610627075,-0.0901360739590427,-0.457520673757918,-0.890274447155846,-1.31753040618272,-1.77523990184572,-2.31893302122647,-2.93066739344541,-2.93066739344541,-2.93066739344541,-2.93066739344541,-2.93066739344541,-2.93066739344541,-2.93066739344541,-2.93066739344541,-2.93066739344541,-2.93066739344541,-2.93066739344541,-2.93066739344541,-2.93066739344541,-2.93066739344541,-2.93066739344541,-2.93066739344541,-2.93066739344541,-2.93066739344541,-2.93066739344541,-2.93066739344541,-2.93066739344541,1,1,1,1,1,1,1,1,1,1,1,1,1,1,1,1,1,1,1,1,1,1,1,1,1,1,1,1,1,1,1,1,1,1,1,1,1,1,1,1
-1.87689356991357,1.81476358467157,-0.275050517786906,-0.459400550830184,-0.244317489381015,-1.86796763898583,-1.0129075188589,0.296376510863103,0.778076423509532,1.54370365135248,-2.24819081322513,-0.819832447747064,1.64112932127684,-1.51845628609419,-0.1951978256175,-0.917383402344935,2.08045287731028,3.00477319082594,-0.794549551728291,-0.544955685679037,-0.0912572957658195,-2.53654284288158,-0.0905820464317539,-1.36105876951264,-1.44618805903279,2.25233716097189,-0.559964013864983,0.714395269068822,-2.37943491082983,1.88368520553839,-0.512363614621799,-0.872307767438009,2.42702091962095,1.64732602884131,0.936270158501417,0.388173088387161,-2.33858848975036,1.98289350792807,0.412282479815589,2.32916396646756,-4.07884635437544,-3.74562991737111,-3.41241348036679,-3.07919704336247,-2.74598060635814,-2.41276416935382,-2.0795477323495,-1.74633129534517,-1.41311485834085,-1.07989842133653,-0.746681984332206,-0.413465547327881,-0.0802491103235603,0.252967326680766,0.586183763685089,0.91940020068941,1.25261663769373,1.58583307469806,1.91904951170238,2.2522659487067,2.2522659487067,2.2522659487067,2.2522659487067,2.2522659487067,2.2522659487067,2.2522659487067,2.2522659487067,2.2522659487067,2.2522659487067,2.2522659487067,2.2522659487067,2.2522659487067,2.2522659487067,2.2522659487067,2.2522659487067,2.2522659487067,2.2522659487067,2.2522659487067,2.2522659487067,2.2522659487067,6.60545963873772,3.83805895641122,1.66932075823688,0.0416162148454022,-1.1026835031325,-1.82120722506613,-2.17158378032476,-2.21144199827771,-1.99841070829426,-1.5901187397437,-1.04419492199533,-0.418268084418425,0.230032943617685,0.843079332743725,1.36324225359041,1.73289287678846,1.89440237296854,1.79014191276138,1.36248266679769,0.553795805708164,0.553795805708164,0.553795805708164,0.553795805708164,0.553795805708164,0.553795805708164,0.553795805708164,0.553795805708164,0.553795805708164,0.553795805708164,0.553795805708164,0.553795805708164,0.553795805708164,0.553795805708164,0.553795805708164,0.553795805708164,0.553795805708164,0.553795805708164,0.553795805708164,0.553795805708164,0.553795805708164,-4.07777261097934,-3.74471490074782,-3.4116571905163,-3.07859948028478,-2.74554177005326,-2.41248405982174,-2.07942630823247,-1.74636602131674,-1.4132864845315,-1.0801478773285,-0.746911510346148,-0.413583029289867,-0.0802135507331876,0.253142896391289,0.586451755032169,0.919684448432225,1.25281398617186,1.58583336558418,1.91876662315121,2.25165704471861,2.25165704471861,2.25165704471861,2.25165704471861,2.25165704471861,2.25165704471861,2.25165704471861,2.25165704471861,2.25165704471861,2.25165704471861,2.25165704471861,2.25165704471861,2.25165704471861,2.25165704471861,2.25165704471861,2.25165704471861,2.25165704471861,2.25165704471861,2.25165704471861,2.25165704471861,2.25165704471861,1,1,1,1,1,1,1,1,1,1,1,1,1,1,1,1,1,1,1,1,1,1,1,1,1,1,1,1,1,1,1,1,1,1,1,1,1,1,1,1
0.715970804435343,0.995342633110814,-2.33498545993588,-0.19524385980032,0.689253586424969,0.479051590558438,0.875127335350402,1.43436723201272,1.51376784288514,0.032346455293025,-0.0596026734527744,0.257145976880132,-1.29267256551669,-2.22847139555357,-4.0262113124929,1.52054112329642,0.330203305701053,0.751858107043669,-1.7859987441143,-1.52726564494179,1.15774256798568,-0.165743220657015,0.956699462735404,1.59588819667047,0.056705088285641,1.14649709174382,-1.71501030130085,0.278460001446792,2.96840895975563,0.601748602743335,0.0599495173482261,-0.702458649851904,-2.18844402253627,0.259061220251651,0.113135842856693,1.4075595198271,-2.21918125034538,0.218157325285416,-1.94117210816665,-3.62595283691122,4.19815094084523,3.79032797894608,3.38250501704692,2.97468205514777,2.56685909324861,2.15903613134946,1.75121316945031,1.34339020755115,0.935567245651994,0.527744283752842,0.119921321853687,-0.287901640045469,-0.695724601944622,-1.10354756384378,-1.51137052574293,-1.91919348764208,-2.32701644954124,-2.73483941144039,-3.14266237333955,-3.5504853352387,-3.5504853352387,-3.5504853352387,-3.5504853352387,-3.5504853352387,-3.5504853352387,-3.5504853352387,-3.5504853352387,-3.5504853352387,-3.5504853352387,-3.5504853352387,-3.5504853352387,-3.5504853352387,-3.5504853352387,-3.5504853352387,-3.5504853352387,-3.5504853352387,-3.5504853352387,-3.5504853352387,-3.5504853352387,-3.5504853352387,-14.5906084338897,-9.9924568747441,-6.2870730819837,-3.39358047481329,-1.23110247243768,0.281237505938334,1.22431604110993,1.67900971387231,1.72619510502065,1.44674879535014,0.921547365655995,0.231467396733379,-0.542614530622497,-1.31982183561648,-2.01927793745334,-2.56010625533789,-2.86143020847496,-2.84237321606936,-2.42205869732586,-1.51961007144932,-1.51961007144932,-1.51961007144932,-1.51961007144932,-1.51961007144932,-1.51961007144932,-1.51961007144932,-1.51961007144932,-1.51961007144932,-1.51961007144932,-1.51961007144932,-1.51961007144932,-1.51961007144932,-1.51961007144932,-1.51961007144932,-1.51961007144932,-1.51961007144932,-1.51961007144932,-1.51961007144932,-1.51961007144932,-1.51961007144932,-0.989335015618525,-0.581999854746416,-0.174664693874287,0.232670466997837,0.640005627869954,1.04734078874208,1.42176746569225,1.61446853973389,1.5321392394925,1.20371184505516,0.691505930528201,0.0261442221879538,-0.739554291738816,-1.46818045790273,-1.99793783977468,-2.26324943454452,-2.32091516925141,-2.26841718840664,-2.17180496457226,-2.06123022095599,-2.06123022095599,-2.06123022095599,-2.06123022095599,-2.06123022095599,-2.06123022095599,-2.06123022095599,-2.06123022095599,-2.06123022095599,-2.06123022095599,-2.06123022095599,-2.06123022095599,-2.06123022095599,-2.06123022095599,-2.06123022095599,-2.06123022095599,-2.06123022095599,-2.06123022095599,-2.06123022095599,-2.06123022095599,-2.06123022095599,1,1,1,1,1,1,1,1,1,1,1,1,1,1,1,1,1,1,1,1,1,1,1,1,1,1,1,1,1,1,1,1,1,1,1,1,1,1,1,1
2.22494347337381,0.0947765163815193,-0.00483624307474795,1.21086143588637,-0.774623198708976,0.547826214649205,1.5238472766837,0.214448881803612,-0.0948241936647705,1.64146288307899,1.16777305594386,-1.33261112664779,1.9691958756032,0.542541161030528,-0.158159799917852,-0.507813022660759,0.954829955390126,-1.10256807396509,-0.636787489198531,-0.361601753733975,-1.97697724331132,0.547600592614039,-1.89009504653604,-0.0862794355905567,-0.240988513158698,-0.863287618687142,0.101480975723055,-0.0292286146682788,-0.828105836738079,1.61349718581716,-0.831843589990916,1.51162441830509,1.17850149954083,0.628572923455712,2.51563234911484,-0.730793857244739,0.262489670607199,0.243802221002548,-0.697442394389807,-1.05131809594182,2.25541278516087,2.20387880328895,2.15234482141704,2.10081083954513,2.04927685767321,1.9977428758013,1.94620889392938,1.89467491205747,1.84314093018556,1.79160694831364,1.74007296644173,1.68853898456981,1.6370050026979,1.58547102082599,1.53393703895407,1.48240305708216,1.43086907521024,1.37933509333833,1.32780111146642,1.2762671295945,1.2762671295945,1.2762671295945,1.2762671295945,1.2762671295945,1.2762671295945,1.2762671295945,1.2762671295945,1.2762671295945,1.2762671295945,1.2762671295945,1.2762671295945,1.2762671295945,1.2762671295945,1.2762671295945,1.2762671295945,1.2762671295945,1.2762671295945,1.2762671295945,1.2762671295945,1.2762671295945,-7.68520921928988,-5.10127094279724,-2.98881642323862,-1.30489852525883,-0.00657011350269698,0.949115947384969,1.60510679275936,2.00434955797566,2.18979137838905,2.20437938935473,2.09106072622788,1.89278252436369,1.65249191911733,1.41313604584401,1.21766203989891,1.10901703663721,1.1301481714141,1.32400257958475,1.73352739650439,2.40166975752818,2.40166975752818,2.40166975752818,2.40166975752818,2.40166975752818,2.40166975752818,2.40166975752818,2.40166975752818,2.40166975752818,2.40166975752818,2.40166975752818,2.40166975752818,2.40166975752818,2.40166975752818,2.40166975752818,2.40166975752818,2.40166975752818,2.40166975752818,2.40166975752818,2.40166975752818,2.40166975752818,5.41916464400515,4.8465390046829,4.27391336536067,3.70128772603842,3.12866208671618,2.55603644739393,1.99769958107195,1.53197936561511,1.26171106968785,1.20636270101266,1.28784358257411,1.43152412106666,1.60177059873693,1.75976928076406,1.87590047632172,1.94968885103241,1.96240537100193,1.87218200243191,1.68260472496384,1.44689447123969,1.44689447123969,1.44689447123969,1.44689447123969,1.44689447123969,1.44689447123969,1.44689447123969,1.44689447123969,1.44689447123969,1.44689447123969,1.44689447123969,1.44689447123969,1.44689447123969,1.44689447123969,1.44689447123969,1.44689447123969,1.44689447123969,1.44689447123969,1.44689447123969,1.44689447123969,1.44689447123969,1,1,1,1,1,1,1,1,1,1,1,1,1,1,1,1,1,1,1,1,1,1,1,1,1,1,1,1,1,1,1,1,1,1,1,1,1,1,1,1
-1.4856128736177,2.0632368828916,2.16143563597634,-2.21993108450817,-0.317740313551091,1.52168720379145,-1.49469924686521,-0.44887811501515,1.63827293757809,-0.993709080890055,-0.544411639927235,-2.2784976377886,3.58101689077071,0.130376200342308,-0.11050831193824,0.550177590124036,4.49799180570752,0.472376839246264,2.61164891423681,-2.55672692045373,-0.810068133316108,-1.98116776791597,0.111020760085694,-0.512588607418257,-0.883096356650871,0.174038519636687,0.656518155349252,-0.0465463740011423,0.366318527262825,-0.33811360094904,-1.01789021557347,0.782481078064508,-0.934881412803611,0.682070886662864,1.10786125293917,-0.0169685740567811,1.38004891069086,-0.871889160037627,2.40055071311913,1.19384007120372,1.80873204400818,1.73755379110235,1.66637553819652,1.59519728529068,1.52401903238485,1.45284077947901,1.38166252657318,1.31048427366735,1.23930602076151,1.16812776785568,1.09694951494984,1.02577126204401,0.954593009138179,0.883414756232344,0.812236503326512,0.741058250420675,0.669879997514842,0.598701744609007,0.527523491703175,0.45634523879734,0.45634523879734,0.45634523879734,0.45634523879734,0.45634523879734,0.45634523879734,0.45634523879734,0.45634523879734,0.45634523879734,0.45634523879734,0.45634523879734,0.45634523879734,0.45634523879734,0.45634523879734,0.45634523879734,0.45634523879734,0.45634523879734,0.45634523879734,0.45634523879734,0.45634523879734,0.45634523879734,21.2569655587449,15.6087422295979,11.0191372598934,7.38831154154044,4.61642596644794,2.60364142652488,1.2501188136802,0.4560190198229,0.121502936861903,0.146731456706181,0.431865471264718,0.877065872446442,1.38249355216033,1.84830940231535,2.17467431482048,2.26174918158465,2.00969489451682,1.318672345526,0.0888424265210741,-1.77963397058892,-1.77963397058892,-1.77963397058892,-1.77963397058892,-1.77963397058892,-1.77963397058892,-1.77963397058892,-1.77963397058892,-1.77963397058892,-1.77963397058892,-1.77963397058892,-1.77963397058892,-1.77963397058892,-1.77963397058892,-1.77963397058892,-1.77963397058892,-1.77963397058892,-1.77963397058892,-1.77963397058892,-1.77963397058892,-1.77963397058892,3.09908872788119,2.84619208225489,2.59329543662858,2.34039879100228,2.08750214537598,1.83460549974967,1.58430227419542,1.34852812980937,1.13708280858097,0.957410242709429,0.820360274179404,0.733503470458345,0.690482744615908,0.677066872707588,0.686835569583248,0.721098641749514,0.774424320928533,0.831521314827089,0.880538539564307,0.921914035820199,0.921914035820199,0.921914035820199,0.921914035820199,0.921914035820199,0.921914035820199,0.921914035820199,0.921914035820199,0.921914035820199,0.921914035820199,0.921914035820199,0.921914035820199,0.921914035820199,0.921914035820199,0.921914035820199,0.921914035820199,0.921914035820199,0.921914035820199,0.921914035820199,0.921914035820199,0.921914035820199,1,1,1,1,1,1,1,1,1,1,1,1,1,1,1,1,1,1,1,1,1,1,1,1,1,1,1,1,1,1,1,1,1,1,1,1,1,1,1,1
-0.642957675628383,-2.31815386375977,-0.687698897924176,2.05131887643965,-3.12218159881036,0.524170404325393,2.69407776204562,0.841699158930064,1.65724300990521,0.20843864807701,2.1969101467908,1.67075202351292,2.84878155306642,-0.548853344082195,0.869666194107083,-0.648717631400888,-2.53646999056046,-0.953781744099022,1.11455858171131,-0.190611124307132,3.33121145978445,0.941816828929177,-1.35769869041624,1.95605090437239,1.36047403105867,-0.296740934010801,1.84141022320522,-2.18354591939266,0.96259131630492,1.20340003672292,-0.296358026386125,-0.508506539661003,-1.40871217022181,-1.06995974718929,-0.286818027375075,0.693496660661809,-1.41207396540914,0.469893239042698,1.46862828655691,-0.0229162722425684,4.80713888793177,4.47488935022906,4.14263981252636,3.81039027482365,3.47814073712095,3.14589119941824,2.81364166171553,2.48139212401283,2.14914258631012,1.81689304860742,1.48464351090471,1.152393973202,0.820144435499298,0.48789489779659,0.155645360093885,-0.176604177608821,-0.508853715311526,-0.841103253014234,-1.17335279071694,-1.50560232841965,-1.50560232841965,-1.50560232841965,-1.50560232841965,-1.50560232841965,-1.50560232841965,-1.50560232841965,-1.50560232841965,-1.50560232841965,-1.50560232841965,-1.50560232841965,-1.50560232841965,-1.50560232841965,-1.50560232841965,-1.50560232841965,-1.50560232841965,-1.50560232841965,-1.50560232841965,-1.50560232841965,-1.50560232841965,-1.50560232841965,-7.39416274165952,-4.61001716711135,-2.35767607299163,-0.590972423421324,0.736260817478616,1.67019068558722,2.25698421678355,2.54280844694664,2.57383041195552,2.39621714768925,2.05613569002685,1.59975307484738,1.07323633802987,0.522752515453378,-0.0055313570030755,-0.465448243460424,-0.810831108039645,-0.995512914861708,-0.973326628047531,-0.698105211718085,-0.698105211718085,-0.698105211718085,-0.698105211718085,-0.698105211718085,-0.698105211718085,-0.698105211718085,-0.698105211718085,-0.698105211718085,-0.698105211718085,-0.698105211718085,-0.698105211718085,-0.698105211718085,-0.698105211718085,-0.698105211718085,-0.698105211718085,-0.698105211718085,-0.698105211718085,-0.698105211718085,-0.698105211718085,-0.698105211718085,1.74508436649402,1.82167456343657,1.89826476037912,1.97485495732166,2.05144515426421,2.12803535120675,2.20000735309826,2.24502108374662,2.24022296488794,2.16751120370905,2.0086023197078,1.74865126622929,1.3874143092893,0.947432893967463,0.468190415377665,-0.0167774568939034,-0.497553629360828,-0.977625871774313,-1.45577044658466,-1.92930779144722,-1.92930779144722,-1.92930779144722,-1.92930779144722,-1.92930779144722,-1.92930779144722,-1.92930779144722,-1.92930779144722,-1.92930779144722,-1.92930779144722,-1.92930779144722,-1.92930779144722,-1.92930779144722,-1.92930779144722,-1.92930779144722,-1.92930779144722,-1.92930779144722,-1.92930779144722,-1.92930779144722,-1.92930779144722,-1.92930779144722,1,1,1,1,1,1,1,1,1,1,1,1,1,1,1,1,1,1,1,1,1,1,1,1,1,1,1,1,1,1,1,1,1,1,1,1,1,1,1,1
0.359895217151267,-1.11804815444948,0.191318716864595,0.738261814418538,-1.15168315944175,-0.247396912022396,-1.3454487658434,-0.363829841135757,0.724064776487298,-3.04507732961895,0.351605704159439,0.472646949784211,-0.35797930252085,-1.06248732879216,1.27298366963426,0.770975160845339,1.05817834118375,1.14906375346166,0.398943104034803,0.634656825454393,0.133268621728043,3.54085348931806,-1.07896378721649,-0.633531215822101,-1.48693465460611,-1.25195800620866,-0.13503153663825,-1.11179568732848,1.27767462293349,0.742482674557102,-1.36413378262704,0.569658143001636,-0.213044954625005,0.384238773320231,0.122140779907198,-1.05233689823426,-0.847607889484044,-0.476614945307135,-1.54525850515051,-0.381322795947614,1.54250342773688,1.45789862909485,1.37329383045283,1.28868903181081,1.20408423316879,1.11947943452676,1.03487463588474,0.950269837242717,0.865665038600694,0.781060239958672,0.696455441316651,0.61185064267463,0.527245844032604,0.442641045390582,0.35803624674856,0.273431448106537,0.188826649464515,0.104221850822494,0.0196170521804682,-0.0649877464615525,-0.0649877464615525,-0.0649877464615525,-0.0649877464615525,-0.0649877464615525,-0.0649877464615525,-0.0649877464615525,-0.0649877464615525,-0.0649877464615525,-0.0649877464615525,-0.0649877464615525,-0.0649877464615525,-0.0649877464615525,-0.0649877464615525,-0.0649877464615525,-0.0649877464615525,-0.0649877464615525,-0.0649877464615525,-0.0649877464615525,-0.0649877464615525,-0.0649877464615525,-1.49133227609104,-1.00953411884912,-0.581236190843144,-0.205357308396348,0.11918371216805,0.393468054526819,0.618576902356734,0.795591439334581,0.925592849137132,1.00966231544116,1.04888102192342,1.0443301522607,0.997090890129808,0.908244419207465,0.778871923170493,0.610054585695631,0.402873590459661,0.158410121139395,-0.122254638588444,-0.43803950504704,-0.43803950504704,-0.43803950504704,-0.43803950504704,-0.43803950504704,-0.43803950504704,-0.43803950504704,-0.43803950504704,-0.43803950504704,-0.43803950504704,-0.43803950504704,-0.43803950504704,-0.43803950504704,-0.43803950504704,-0.43803950504704,-0.43803950504704,-0.43803950504704,-0.43803950504704,-0.43803950504704,-0.43803950504704,-0.43803950504704,-0.142242961787522,-0.0101196405799202,0.12200368062768,0.254127001835283,0.386250323042884,0.518373644250488,0.643922861494753,0.735133937732705,0.785450755061948,0.821679666496529,0.864612135034248,0.895685481976098,0.879930364499913,0.807843423486174,0.697567009804272,0.573575789186096,0.458553331019944,0.367394536155663,0.29702840502847,0.234206582257817,0.234206582257817,0.234206582257817,0.234206582257817,0.234206582257817,0.234206582257817,0.234206582257817,0.234206582257817,0.234206582257817,0.234206582257817,0.234206582257817,0.234206582257817,0.234206582257817,0.234206582257817,0.234206582257817,0.234206582257817,0.234206582257817,0.234206582257817,0.234206582257817,0.234206582257817,0.234206582257817,1,1,1,1,1,1,1,1,1,1,1,1,1,1,1,1,1,1,1,1,1,1,1,1,1,1,1,1,1,1,1,1,1,1,1,1,1,1,1,1
0.163197001900869,-0.819920038778649,2.32952216897096,-0.657813691508514,1.21717586727853,1.35494358521177,0.888708134886476,0.0403793033584066,0.378568788466611,-1.0851671900589,0.576565985502922,0.459248240570652,1.52844021504348,-1.64499160472269,0.750023512228397,-2.47964818572936,0.342203226287749,0.18496279018205,-3.67899877381167,-2.54641127871149,-1.23438617428324,-0.166543200193603,-3.10923153667742,0.835068488610746,-0.279961804433571,2.29081121535326,-1.07421146554529,0.108928305222918,0.095534461059799,-2.19310566793626,-1.16137155217043,0.733065917451661,-1.45076230960856,0.513729183651662,-2.24517372627881,2.97446466069617,-0.399876191241773,1.52632221258091,0.900299943735153,-1.92003280151198,8.50360997867876,7.779708239137,7.05580649959525,6.33190476005349,5.60800302051173,4.88410128096997,4.16019954142821,3.43629780188645,2.71239606234469,1.98849432280293,1.26459258326117,0.54069084371941,-0.183210895822349,-0.907112635364106,-1.63101437490587,-2.35491611444763,-3.07881785398938,-3.80271959353115,-4.5266213330729,-5.25052307261466,-5.25052307261466,-5.25052307261466,-5.25052307261466,-5.25052307261466,-5.25052307261466,-5.25052307261466,-5.25052307261466,-5.25052307261466,-5.25052307261466,-5.25052307261466,-5.25052307261466,-5.25052307261466,-5.25052307261466,-5.25052307261466,-5.25052307261466,-5.25052307261466,-5.25052307261466,-5.25052307261466,-5.25052307261466,-5.25052307261466,27.8221018223302,22.2286997274354,17.4328670439885,13.3699057670562,9.97511789170569,7.18380541300382,4.93127032601756,3.15281462581391,1.78374030745981,0.759349366022228,0.0149437965681578,-0.514174405835467,-0.892703246121661,-1.18534072922347,-1.4567848600739,-1.77173364360604,-2.19488508475286,-2.79093718844743,-3.62458795962278,-4.76053540321196,-4.76053540321196,-4.76053540321196,-4.76053540321196,-4.76053540321196,-4.76053540321196,-4.76053540321196,-4.76053540321196,-4.76053540321196,-4.76053540321196,-4.76053540321196,-4.76053540321196,-4.76053540321196,-4.76053540321196,-4.76053540321196,-4.76053540321196,-4.76053540321196,-4.76053540321196,-4.76053540321196,-4.76053540321196,-4.76053540321196,8.50046373955734,7.77695457836758,7.05344541717783,6.32993625598808,5.60642709479832,4.88291793360856,4.15940952419528,3.43590529592206,2.71240285338397,1.98887423681347,1.26527157886714,0.541553386518498,-0.182310267667873,-0.906331682365668,-1.63047518598504,-2.35466498636517,-3.07884924046326,-3.80302721222827,-4.5272102800504,-5.25139692291521,-5.25139692291521,-5.25139692291521,-5.25139692291521,-5.25139692291521,-5.25139692291521,-5.25139692291521,-5.25139692291521,-5.25139692291521,-5.25139692291521,-5.25139692291521,-5.25139692291521,-5.25139692291521,-5.25139692291521,-5.25139692291521,-5.25139692291521,-5.25139692291521,-5.25139692291521,-5.25139692291521,-5.25139692291521,-5.25139692291521,1,1,1,1,0,0,0,1,1,1,1,1,1,1,1,0,1,1,1,1,1,1,1,1,1,1,1,1,1,1,1,1,1,1,1,1,1,1,1,1
-0.224895605859793,-2.80011272429655,0.167736933725237,0.0269444352518455,1.20483084664357,0.119400486422164,-1.11464417598573,-1.20834607755912,-1.32632016190515,-1.06187382772285,-2.03800784318008,-0.544485355525486,-1.77644975779781,-2.56609525569304,0.436300058805889,-2.10575498414985,-1.87707345050692,-0.681619500500567,-3.68491174067076,-0.0593576066026316,-2.06375772894423,-0.988411111340852,1.22419395929984,-1.38720829642206,1.45062842354843,-2.67360685818332,-0.302410041173742,-2.15338632821657,-0.135779297173542,0.778724515553019,0.32913643625116,-2.44665689207305,-0.919979806218917,0.115739607369289,-2.54875386801173,0.0326393737138915,-0.806636420324814,1.31918326545225,-0.191183795764376,0.710947537261926,-3.2858061208976,-3.07552888601604,-2.86525165113447,-2.65497441625291,-2.44469718137134,-2.23441994648978,-2.02414271160821,-1.81386547672665,-1.60358824184508,-1.39331100696352,-1.18303377208195,-0.972756537200384,-0.762479302318823,-0.552202067437255,-0.341924832555693,-0.131647597674126,0.0786296372074364,0.288906872089001,0.499184106970569,0.70946134185213,0.70946134185213,0.70946134185213,0.70946134185213,0.70946134185213,0.70946134185213,0.70946134185213,0.70946134185213,0.70946134185213,0.70946134185213,0.70946134185213,0.70946134185213,0.70946134185213,0.70946134185213,0.70946134185213,0.70946134185213,0.70946134185213,0.70946134185213,0.70946134185213,0.70946134185213,0.70946134185213,27.3760558403845,19.6564645398186,13.2818200872479,8.13830027776486,4.11208290646235,1.08934576843306,-1.04373334123031,-2.40097662743505,-3.09620629508844,-3.24324454909779,-2.95591359437036,-2.34803563581344,-1.53343287833435,-0.625927526840336,0.260658213761287,1.01250213856324,1.51578204265824,1.65667572113899,1.32136096909821,0.396015581628577,0.396015581628577,0.396015581628577,0.396015581628577,0.396015581628577,0.396015581628577,0.396015581628577,0.396015581628577,0.396015581628577,0.396015581628577,0.396015581628577,0.396015581628577,0.396015581628577,0.396015581628577,0.396015581628577,0.396015581628577,0.396015581628577,0.396015581628577,0.396015581628577,0.396015581628577,0.396015581628577,0.543863851359742,0.161990072571785,-0.219883706216175,-0.601757485004144,-0.983631263792104,-1.36550504258007,-1.73069211603223,-1.99694610977373,-2.08104463738274,-1.95658973137706,-1.66280309932725,-1.28185922692762,-0.900140471639491,-0.561237526077424,-0.249644130163343,0.0605854031286945,0.352028837481782,0.587368307267294,0.766149838200407,0.92006012441349,0.92006012441349,0.92006012441349,0.92006012441349,0.92006012441349,0.92006012441349,0.92006012441349,0.92006012441349,0.92006012441349,0.92006012441349,0.92006012441349,0.92006012441349,0.92006012441349,0.92006012441349,0.92006012441349,0.92006012441349,0.92006012441349,0.92006012441349,0.92006012441349,0.92006012441349,0.92006012441349,1,1,1,1,1,1,1,0,0,1,1,1,1,1,1,1,1,1,1,1,1,1,1,1,1,1,1,1,1,1,1,1,1,1,1,1,1,1,1,1
0.249589373000353,-0.226011203994756,-4.20664877038705,0.153249576542139,-0.226892091169043,-0.0695692103647758,0.0215951503322183,1.79281252054557,0.747519525354901,1.43440492346916,2.35985632158379,1.5337700058889,-0.829014431061527,-2.2429758409522,1.50757788511192,-0.972623151802903,0.240391061686424,-0.812573831478355,-0.18151172106983,0.347107694734632,-1.09974042647335,-1.4225275570531,-0.120459146780492,-1.86392592730641,-2.40588083989563,-0.7289359422403,-1.72675843980215,-0.610517978386589,0.209893169684383,-1.52546423873732,-2.10423936414909,0.595568614800545,-0.447387421326873,-1.40324765309116,2.05296716757806,0.990840932275921,2.60787364358413,0.303584743471392,1.21690758353239,1.57976419869924,-3.13725321795859,-3.09895445289902,-3.06065568783945,-3.02235692277987,-2.9840581577203,-2.94575939266073,-2.90746062760116,-2.86916186254159,-2.83086309748202,-2.79256433242245,-2.75426556736288,-2.71596680230331,-2.67766803724373,-2.63936927218416,-2.60107050712459,-2.56277174206502,-2.52447297700545,-2.48617421194588,-2.44787544688631,-2.40957668182673,-2.40957668182673,-2.40957668182673,-2.40957668182673,-2.40957668182673,-2.40957668182673,-2.40957668182673,-2.40957668182673,-2.40957668182673,-2.40957668182673,-2.40957668182673,-2.40957668182673,-2.40957668182673,-2.40957668182673,-2.40957668182673,-2.40957668182673,-2.40957668182673,-2.40957668182673,-2.40957668182673,-2.40957668182673,-2.40957668182673,-35.4490939841767,-27.6359402233641,-21.0259700185605,-15.5274270969415,-11.0485551856828,-7.49759801196031,-4.78279930294969,-2.8124027858267,-1.49465218776711,-0.737791235946649,-0.450063657541103,-0.539713179726204,-0.914983529677702,-1.48411843457137,-2.15536162158293,-2.83695681788815,-3.43714775066285,-3.86417814708265,-4.02629173432335,-3.8317322395608,-3.8317322395608,-3.8317322395608,-3.8317322395608,-3.8317322395608,-3.8317322395608,-3.8317322395608,-3.8317322395608,-3.8317322395608,-3.8317322395608,-3.8317322395608,-3.8317322395608,-3.8317322395608,-3.8317322395608,-3.8317322395608,-3.8317322395608,-3.8317322395608,-3.8317322395608,-3.8317322395608,-3.8317322395608,-3.8317322395608,-8.18154912746317,-7.4524010479698,-6.72325296847641,-5.99410488898302,-5.26495680948963,-4.53580872999625,-3.81370332700036,-3.12978256464822,-2.5038061917334,-1.95000567827028,-1.51430302432272,-1.26281781696274,-1.22097910643588,-1.36038730172199,-1.65086040386083,-2.07542601571219,-2.59179914588083,-3.13858317797443,-3.68539685264461,-4.23345484499201,-4.23345484499201,-4.23345484499201,-4.23345484499201,-4.23345484499201,-4.23345484499201,-4.23345484499201,-4.23345484499201,-4.23345484499201,-4.23345484499201,-4.23345484499201,-4.23345484499201,-4.23345484499201,-4.23345484499201,-4.23345484499201,-4.23345484499201,-4.23345484499201,-4.23345484499201,-4.23345484499201,-4.23345484499201,-4.23345484499201,1,1,1,1,1,1,1,1,1,1,1,1,1,1,1,1,1,1,1,1,1,1,1,1,1,1,1,1,1,1,1,1,1,1,1,1,1,1,1,1
-2.04248331620963,-2.65641567014362,2.33664761261336,0.621313028872104,-0.0749653235402823,-2.32122552006669,-1.45670908768633,-0.623413526244824,1.14293869508653,-0.81992585977469,-1.1517422392551,-0.695512020052655,0.705395796329228,-1.44124455187303,1.41654820813748,2.50607224039945,-0.499629307184511,-0.930539326561789,-0.718209938081577,-0.424269450905603,-0.656364441642094,2.32155572212184,-0.0163380426555388,2.03395107849562,1.65503585347756,-1.55251570853011,-1.28081054326358,-2.68590319540573,-1.15972442950743,0.121381991974951,0.189017484865786,0.455959545731609,0.461906180991502,2.07780070311044,-2.30219760291604,1.45281702019749,-0.566718351889698,-2.19998040906865,0.0351288539315942,-1.01151417796299,-0.193253078733828,-0.197866950894854,-0.202480823055881,-0.207094695216908,-0.211708567377935,-0.21632243953896,-0.220936311699989,-0.225550183861014,-0.230164056022041,-0.234777928183066,-0.239391800344093,-0.24400567250512,-0.248619544666147,-0.253233416827173,-0.257847288988199,-0.262461161149226,-0.267075033310254,-0.271688905471279,-0.276302777632306,-0.280916649793332,-0.280916649793332,-0.280916649793332,-0.280916649793332,-0.280916649793332,-0.280916649793332,-0.280916649793332,-0.280916649793332,-0.280916649793332,-0.280916649793332,-0.280916649793332,-0.280916649793332,-0.280916649793332,-0.280916649793332,-0.280916649793332,-0.280916649793332,-0.280916649793332,-0.280916649793332,-0.280916649793332,-0.280916649793332,-0.280916649793332,16.2554895231703,12.1117932071862,8.64550256891061,5.80160651127954,3.52509393722908,1.76095374969528,0.454174851614209,-0.450253854078074,-1.00734346444551,-1.27210507655203,-1.29954978746159,-1.1446886942381,-0.862532893945513,-0.508093483647766,-0.13638156040882,0.197591778707421,0.438815436637006,0.532278316316011,0.422969320680442,0.0558773526664478,0.0558773526664478,0.0558773526664478,0.0558773526664478,0.0558773526664478,0.0558773526664478,0.0558773526664478,0.0558773526664478,0.0558773526664478,0.0558773526664478,0.0558773526664478,0.0558773526664478,0.0558773526664478,0.0558773526664478,0.0558773526664478,0.0558773526664478,0.0558773526664478,0.0558773526664478,0.0558773526664478,0.0558773526664478,0.0558773526664478,2.0947718944848,1.77633136601124,1.45789083753767,1.13945030906411,0.821009780590544,0.50256925211698,0.185170926415704,-0.122290390492411,-0.394237976428162,-0.599930117555552,-0.718655851889357,-0.744684996009465,-0.690623785578833,-0.581933273090153,-0.438218447974036,-0.268949974989816,-0.0880632876256424,0.0878870468457329,0.256189978104265,0.423357324161998,0.423357324161998,0.423357324161998,0.423357324161998,0.423357324161998,0.423357324161998,0.423357324161998,0.423357324161998,0.423357324161998,0.423357324161998,0.423357324161998,0.423357324161998,0.423357324161998,0.423357324161998,0.423357324161998,0.423357324161998,0.423357324161998,0.423357324161998,0.423357324161998,0.423357324161998,0.423357324161998,1,1,1,1,1,1,1,1,1,1,1,1,1,1,1,1,1,1,1,1,1,1,1,1,1,1,1,1,1,1,1,1,1,1,1,1,1,1,1,1
1.7891562778243,0.476377719721177,-1.39057160472886,2.40919049678636,-1.20070652918019,-0.281635902070749,-0.579723308355414,1.43379313463192,1.73046944468032,1.22182125878913,0.0588042353969982,1.78370772228419,-0.727525238015128,-1.05162283641771,-2.61415130084069,0.728610699074773,1.98637197208443,-0.508348584115783,-1.04530947605041,-2.25243730326052,0.849668742641713,-0.13631033639801,0.505202672001376,-0.270754270103629,0.581683648956959,-0.899355176040094,0.980497156059958,1.43968244710902,1.91692828600239,2.37187976468209,-0.943743475621202,2.71538642843604,0.371978658233999,2.63899241502982,2.37506773207483,-1.28829636108676,-0.26901657173743,3.14470956476597,2.01544491161019,-2.60455781039392,2.55082701967719,2.36019645514526,2.16956589061332,1.97893532608139,1.78830476154945,1.59767419701752,1.40704363248559,1.21641306795365,1.02578250342172,0.835151938889789,0.644521374357854,0.453890809825918,0.263260245293985,0.0726296807620503,-0.118000883769882,-0.308631448301817,-0.499262012833752,-0.689892577365685,-0.880523141897621,-1.07115370642955,-1.07115370642955,-1.07115370642955,-1.07115370642955,-1.07115370642955,-1.07115370642955,-1.07115370642955,-1.07115370642955,-1.07115370642955,-1.07115370642955,-1.07115370642955,-1.07115370642955,-1.07115370642955,-1.07115370642955,-1.07115370642955,-1.07115370642955,-1.07115370642955,-1.07115370642955,-1.07115370642955,-1.07115370642955,-1.07115370642955,-15.3285497250518,-10.8638695834149,-7.1986437401419,-4.26385023778705,-1.99046711890475,-0.309472426049338,0.848155798224839,1.55143951136341,1.86940067081207,1.87106123401645,1.62544315842223,1.20156840147501,0.668458920620484,0.0951366733043155,-0.449376383027845,-0.896058290930419,-1.17588709295767,-1.21984083166396,-0.958897549603629,-0.324035289331093,-0.324035289331093,-0.324035289331093,-0.324035289331093,-0.324035289331093,-0.324035289331093,-0.324035289331093,-0.324035289331093,-0.324035289331093,-0.324035289331093,-0.324035289331093,-0.324035289331093,-0.324035289331093,-0.324035289331093,-0.324035289331093,-0.324035289331093,-0.324035289331093,-0.324035289331093,-0.324035289331093,-0.324035289331093,-0.324035289331093,1.27787391569679,1.25489356499779,1.23191321429879,1.20893286359978,1.18595251290078,1.16297216220177,1.13817110200319,1.10395897359281,1.05624953313296,0.98782734269686,0.88533595116701,0.741624414802189,0.558144819536071,0.336619786757497,0.0811698504758311,-0.198869843442672,-0.497337854656498,-0.811747128819498,-1.13440771362416,-1.45706887817271,-1.45706887817271,-1.45706887817271,-1.45706887817271,-1.45706887817271,-1.45706887817271,-1.45706887817271,-1.45706887817271,-1.45706887817271,-1.45706887817271,-1.45706887817271,-1.45706887817271,-1.45706887817271,-1.45706887817271,-1.45706887817271,-1.45706887817271,-1.45706887817271,-1.45706887817271,-1.45706887817271,-1.45706887817271,-1.45706887817271,1,1,1,1,1,1,1,1,1,1,1,1,1,1,1,1,1,1,1,1,1,1,1,1,1,1,1,1,1,1,1,1,1,1,1,1,1,1,1,1
-0.353198794389955,-0.501870478447468,0.128072223044841,2.70726345949064,0.596970816238995,-0.636223821090911,-2.22230108786687,0.0120239524403001,0.543603373457454,-0.898702090135558,-1.4063131153855,-0.967717983169541,-2.14617740111277,-0.272602778825503,0.511115710013662,-0.297478811258934,-0.0164458308671183,2.04727530092108,-1.81297508269978,-1.07732626023073,0.633456236794821,0.919943677567979,0.499187372470073,-0.636508731775347,0.121681037201961,0.659036454521114,-1.66679117642779,-0.563300177062803,0.135067263874362,0.31183061922988,-0.375910494439241,0.944409289222438,0.132614531189635,0.0351840031981485,1.32093839611923,-1.75567457351598,-0.852678002338557,0.562221836934061,4.14700739391377,-1.04277083813086,0.576449527208315,0.760299015681417,0.944148504154519,1.12799799262762,1.31184748110072,1.49569696957383,1.67954645804693,1.86339594652003,2.04724543499314,2.23109492346624,2.41494441193934,2.59879390041244,2.78264338888555,2.96649287735865,3.15034236583175,3.33419185430485,3.51804134277795,3.70189083125106,3.88574031972416,4.06958980819726,4.06958980819726,4.06958980819726,4.06958980819726,4.06958980819726,4.06958980819726,4.06958980819726,4.06958980819726,4.06958980819726,4.06958980819726,4.06958980819726,4.06958980819726,4.06958980819726,4.06958980819726,4.06958980819726,4.06958980819726,4.06958980819726,4.06958980819726,4.06958980819726,4.06958980819726,4.06958980819726,23.9373793197481,17.8808200815941,12.9206619702196,8.96089516710144,5.90550985371677,3.65849621154257,2.12384442205588,1.20554466673369,0.807587127053029,0.833961984490912,1.18865942052433,1.77566961663036,2.49898275428595,3.26258901496816,3.97047858015397,4.52664163132043,4.83506834994455,4.79974891750336,4.3246735154738,3.31383232533297,3.31383232533297,3.31383232533297,3.31383232533297,3.31383232533297,3.31383232533297,3.31383232533297,3.31383232533297,3.31383232533297,3.31383232533297,3.31383232533297,3.31383232533297,3.31383232533297,3.31383232533297,3.31383232533297,3.31383232533297,3.31383232533297,3.31383232533297,3.31383232533297,3.31383232533297,3.31383232533297,-2.13816348775177,-1.73970251731859,-1.34124154688541,-0.942780576452217,-0.544319606019035,-0.145858635585851,0.25280361030331,0.65268988254067,1.05498052718977,1.4605407216356,1.87096977918388,2.28979340836201,2.7207931067483,3.1642311521838,3.61603589862169,4.0715638956687,4.52873365810814,4.98682111194561,5.44459014989065,5.90138161998958,5.90138161998958,5.90138161998958,5.90138161998958,5.90138161998958,5.90138161998958,5.90138161998958,5.90138161998958,5.90138161998958,5.90138161998958,5.90138161998958,5.90138161998958,5.90138161998958,5.90138161998958,5.90138161998958,5.90138161998958,5.90138161998958,5.90138161998958,5.90138161998958,5.90138161998958,5.90138161998958,1,1,1,1,1,1,1,1,1,1,1,1,1,1,1,1,1,1,1,1,1,1,1,1,1,1,1,1,1,1,1,1,1,1,1,1,1,1,1,1
-0.595343125894345,-0.757753721889888,-1.98013446344453,1.55979843663689,1.42256221457561,-0.655196855504335,-0.0524231329440088,2.07186581754092,-0.362564377258371,2.45229718255526,0.614110168484899,-0.173157177317295,0.926618077965674,0.477528664620111,0.00715592089288997,0.0464565825199426,-1.61026390042466,3.41754305312631,-1.41531786400188,0.0555328500981993,0.591590887477999,0.0612425580659366,0.542588591222115,0.83201103820606,2.12256620325253,1.38625415588397,-0.078883431018502,1.75579741302085,-1.06385841079029,1.7423640392061,-0.599909055857992,0.563976866996287,0.213026762501604,1.95983600940405,-0.45561792474231,0.479886678445951,2.44156707735101,-0.353361007798258,-1.29991743156748,1.22129501373963,3.21290443837861,2.80786508296449,2.40282572755036,1.99778637213624,1.59274701672211,1.18770766130798,0.782668305893859,0.37762895047973,-0.0274104049343951,-0.432449760348518,-0.837489115762647,-1.24252847117677,-1.6475678265909,-2.05260718200503,-2.45764653741915,-2.86268589283328,-3.2677252482474,-3.67276460366153,-4.07780395907565,-4.48284331448978,-4.48284331448978,-4.48284331448978,-4.48284331448978,-4.48284331448978,-4.48284331448978,-4.48284331448978,-4.48284331448978,-4.48284331448978,-4.48284331448978,-4.48284331448978,-4.48284331448978,-4.48284331448978,-4.48284331448978,-4.48284331448978,-4.48284331448978,-4.48284331448978,-4.48284331448978,-4.48284331448978,-4.48284331448978,-4.48284331448978,-41.2775048485956,-30.1692364812748,-21.0261249406363,-13.6795914396373,-7.96105719123492,-3.70194340838627,-0.733671304048451,1.11233790882141,2.00466301726619,2.1118828083288,1.60257606905207,0.645321586478907,-0.591301852347762,-1.93871546038512,-3.22834045059023,-4.29159803592027,-4.95990942933232,-5.06469584378347,-4.43737849223088,-2.90937858763166,-2.90937858763166,-2.90937858763166,-2.90937858763166,-2.90937858763166,-2.90937858763166,-2.90937858763166,-2.90937858763166,-2.90937858763166,-2.90937858763166,-2.90937858763166,-2.90937858763166,-2.90937858763166,-2.90937858763166,-2.90937858763166,-2.90937858763166,-2.90937858763166,-2.90937858763166,-2.90937858763166,-2.90937858763166,-2.90937858763166,-13.1738317099872,-11.1044465721325,-9.03506143427783,-6.96567629642316,-4.8962911585685,-2.82690602071382,-0.81300128702246,0.85733933386626,1.82609046498819,1.89358063898946,1.15606010946728,-0.0576352496995423,-1.38104874621748,-2.49393605884682,-3.10379164264435,-3.07779987581786,-2.63748157991658,-2.23237808959267,-2.14594121973401,-2.31177760604307,-2.31177760604307,-2.31177760604307,-2.31177760604307,-2.31177760604307,-2.31177760604307,-2.31177760604307,-2.31177760604307,-2.31177760604307,-2.31177760604307,-2.31177760604307,-2.31177760604307,-2.31177760604307,-2.31177760604307,-2.31177760604307,-2.31177760604307,-2.31177760604307,-2.31177760604307,-2.31177760604307,-2.31177760604307,-2.31177760604307,1,1,1,1,1,1,1,1,1,1,1,1,1,1,0,0,1,1,1,1,1,1,1,1,1,1,1,1,1,1,1,1,1,1,1,1,1,1,1,1
1.18360847299558,2.474191429273,-0.049574577716168,-2.17820767731749,-2.0464417733492,-0.18885991745271,-1.07663165456801,-2.03703495033724,-0.220072750434827,1.95166674475133,-0.861707416710491,1.94871947325588,2.29804820096068,-0.303948139695743,-1.12381338765102,-1.60928284648159,-1.41130583435901,0.709021764088448,0.705477078690748,-0.350793572332067,-1.64890600831162,-0.996501173981057,-1.83621088199943,1.16857058838101,1.73245755746655,2.04008080168716,-0.0844689211489058,1.46178012901826,-0.840022077624296,-0.691824461592105,-0.409637658305318,-0.105092239691841,-0.444920695002297,2.10319522192705,-1.30603898711812,2.43214171639711,-1.36168417500457,-2.07810039245678,-1.56999335356597,-3.35256156242683,-1.4447561416985,-1.35158667774316,-1.25841721378782,-1.16524774983248,-1.07207828587714,-0.978908821921797,-0.885739357966456,-0.792569894011116,-0.699400430055777,-0.606230966100435,-0.513061502145094,-0.419892038189754,-0.326722574234415,-0.233553110279074,-0.140383646323734,-0.0472141823683945,0.0459552815869451,0.139124745542286,0.232294209497628,0.325463673452965,0.325463673452965,0.325463673452965,0.325463673452965,0.325463673452965,0.325463673452965,0.325463673452965,0.325463673452965,0.325463673452965,0.325463673452965,0.325463673452965,0.325463673452965,0.325463673452965,0.325463673452965,0.325463673452965,0.325463673452965,0.325463673452965,0.325463673452965,0.325463673452965,0.325463673452965,0.325463673452965,18.6271133689751,13.1909655070981,8.75911067436322,5.24077742774425,2.54519432421506,0.581589920749564,-0.740807225678399,-1.51276855809493,-1.82506551952615,-1.76846955299821,-1.4337521015372,-0.911684608169272,-0.293038515920511,0.331414732182941,0.870903693114933,1.23465692384938,1.33190298136012,1.07187042262109,0.363787804606091,-0.883116315710934,-0.883116315710934,-0.883116315710934,-0.883116315710934,-0.883116315710934,-0.883116315710934,-0.883116315710934,-0.883116315710934,-0.883116315710934,-0.883116315710934,-0.883116315710934,-0.883116315710934,-0.883116315710934,-0.883116315710934,-0.883116315710934,-0.883116315710934,-0.883116315710934,-0.883116315710934,-0.883116315710934,-0.883116315710934,-0.883116315710934,-0.497021196980379,-0.535478630902783,-0.573936064825184,-0.612393498747588,-0.650850932669988,-0.689308366592392,-0.725460638235708,-0.749163663425097,-0.755096003129546,-0.745113626714636,-0.71852136567926,-0.666731245905451,-0.578653785789081,-0.446851811921723,-0.268717141603267,-0.0484281995258264,0.201645490263193,0.467695321460544,0.742357376188803,1.02211340891805,1.02211340891805,1.02211340891805,1.02211340891805,1.02211340891805,1.02211340891805,1.02211340891805,1.02211340891805,1.02211340891805,1.02211340891805,1.02211340891805,1.02211340891805,1.02211340891805,1.02211340891805,1.02211340891805,1.02211340891805,1.02211340891805,1.02211340891805,1.02211340891805,1.02211340891805,1.02211340891805,1,1,1,1,1,1,1,1,1,1,1,1,1,1,1,1,1,1,1,1,1,1,1,1,1,1,1,1,1,1,1,1,1,1,1,1,1,1,1,1
0.800099414026031,1.70615417996849,0.750058827923294,1.12384625738896,-1.51278259273049,0.434057388800744,-2.49161259188779,-2.64174358203413,-0.483064537137139,-0.348999217617315,-0.238839311871045,0.128594768037411,0.00756207619924432,0.0599746827682086,0.425164335649912,-0.153191702075178,-1.9198026855538,-1.29623864675029,-2.72728031615852,0.151847936501612,0.667871662824409,-1.39822763628989,0.846924899537315,-4.97144917191005,0.27693598165021,-0.654757149785507,2.0077414955219,2.43782170790303,0.141149800569751,1.37910374639035,3.19572824853447,1.77427835475635,0.652431691142644,-0.53351868633748,-1.25445049991676,-0.646752562792175,0.273286713061664,1.43869468844905,0.76164710479828,-1.70930570900747,2.04558816447746,1.83057909272596,1.61557002097446,1.40056094922295,1.18555187747145,0.970542805719946,0.755533733968441,0.540524662216939,0.325515590465434,0.110506518713931,-0.104502553037571,-0.319511624789074,-0.534520696540579,-0.749529768292083,-0.964538840043586,-1.17954791179509,-1.39455698354659,-1.6095660552981,-1.8245751270496,-2.0395841988011,-2.0395841988011,-2.0395841988011,-2.0395841988011,-2.0395841988011,-2.0395841988011,-2.0395841988011,-2.0395841988011,-2.0395841988011,-2.0395841988011,-2.0395841988011,-2.0395841988011,-2.0395841988011,-2.0395841988011,-2.0395841988011,-2.0395841988011,-2.0395841988011,-2.0395841988011,-2.0395841988011,-2.0395841988011,-2.0395841988011,16.5384381830253,12.3356201201755,8.8606937517,6.04723074311252,3.82880275992698,2.13898146765725,0.911338531817192,0.0794456179206762,-0.423125608518417,-0.662803481986238,-0.706016336968904,-0.619192507952533,-0.468760329423297,-0.321148135867286,-0.242784261770645,-0.300097041619502,-0.559514809899978,-1.08746590109822,-1.95037864970039,-3.21468139019255,-3.21468139019255,-3.21468139019255,-3.21468139019255,-3.21468139019255,-3.21468139019255,-3.21468139019255,-3.21468139019255,-3.21468139019255,-3.21468139019255,-3.21468139019255,-3.21468139019255,-3.21468139019255,-3.21468139019255,-3.21468139019255,-3.21468139019255,-3.21468139019255,-3.21468139019255,-3.21468139019255,-3.21468139019255,-3.21468139019255,2.04779188470433,1.83244877181626,1.61710565892819,1.40176254604013,1.18641943315206,0.971076320263997,0.755741243126163,0.540449896871515,0.325226252310122,0.110082969302574,-0.104971808420352,-0.319950504557262,-0.534876643796522,-0.749759184341718,-0.964606994134495,-1.17945090452596,-1.39431602336441,-1.60919010179749,-1.82404618407142,-2.03888109183042,-2.03888109183042,-2.03888109183042,-2.03888109183042,-2.03888109183042,-2.03888109183042,-2.03888109183042,-2.03888109183042,-2.03888109183042,-2.03888109183042,-2.03888109183042,-2.03888109183042,-2.03888109183042,-2.03888109183042,-2.03888109183042,-2.03888109183042,-2.03888109183042,-2.03888109183042,-2.03888109183042,-2.03888109183042,-2.03888109183042,1,1,1,1,1,1,1,1,1,1,1,1,1,1,1,1,1,1,1,1,1,1,1,1,1,1,1,1,1,1,1,1,1,1,1,1,1,1,1,1
1.72646258278682,-0.878833379442334,-1.55743193896733,0.594476768368276,0.891117695616299,-1.87580127130902,-0.615837921633409,0.903564689140639,1.38963366030798,-1.17856431789678,1.3257267320979,-1.13513603657463,0.139738805123681,-1.84963274632297,-0.110061281853298,2.51587461657392,0.136075022494268,-1.10238709535833,2.57951777850875,1.8555592790116,-1.22740471857685,-2.18134915489417,-2.16105424363594,-0.365749613790655,-0.625728417630382,0.655923853765374,-1.38303165944598,-0.353778169261069,0.561027048749535,0.642488703077026,0.455699742083132,-3.07873040824121,-1.93455171684019,-0.214897253161897,2.32200046546771,-0.397161310083868,2.43769571844797,-0.450443982633828,-2.45848651459522,-1.28454414397543,-1.24882928619401,-1.08198052945376,-0.915131772713516,-0.748283015973271,-0.581434259233029,-0.414585502492782,-0.24773674575254,-0.0808879890122931,0.0859607677279506,0.252809524468194,0.419658281208438,0.586507037948685,0.753355794688929,0.920204551429174,1.08705330816942,1.25390206490966,1.42075082164991,1.58759957839015,1.7544483351304,1.92129709187064,1.92129709187064,1.92129709187064,1.92129709187064,1.92129709187064,1.92129709187064,1.92129709187064,1.92129709187064,1.92129709187064,1.92129709187064,1.92129709187064,1.92129709187064,1.92129709187064,1.92129709187064,1.92129709187064,1.92129709187064,1.92129709187064,1.92129709187064,1.92129709187064,1.92129709187064,1.92129709187064,-14.6407822695104,-9.55414232945908,-5.60393460860835,-2.66622624228529,-0.617084365817011,0.667423885469395,1.31123137624683,1.43827097118819,1.17247553496636,0.637777932254286,-0.0418889722751725,-0.742592313949098,-1.3403992280946,-1.71137685003878,-1.73159231510873,-1.27711275863152,-0.224005315934303,1.55166287765584,4.17382468681183,7.76641297620655,7.76641297620655,7.76641297620655,7.76641297620655,7.76641297620655,7.76641297620655,7.76641297620655,7.76641297620655,7.76641297620655,7.76641297620655,7.76641297620655,7.76641297620655,7.76641297620655,7.76641297620655,7.76641297620655,7.76641297620655,7.76641297620655,7.76641297620655,7.76641297620655,7.76641297620655,7.76641297620655,3.17213042184347,2.78951659085977,2.40690275987607,2.02428892889237,1.64167509790866,1.25906126692496,0.878007206011727,0.508472761077833,0.167121585557135,-0.141617488713401,-0.408781900073434,-0.582900790206297,-0.596126657660534,-0.428078516383776,-0.0930444575118052,0.425322312417039,1.15845850506118,2.06951250436226,3.05238443583851,4.03217070188719,4.03217070188719,4.03217070188719,4.03217070188719,4.03217070188719,4.03217070188719,4.03217070188719,4.03217070188719,4.03217070188719,4.03217070188719,4.03217070188719,4.03217070188719,4.03217070188719,4.03217070188719,4.03217070188719,4.03217070188719,4.03217070188719,4.03217070188719,4.03217070188719,4.03217070188719,4.03217070188719,1,1,1,1,1,1,1,1,1,1,1,1,1,1,1,1,1,1,1,1,1,1,1,1,1,1,1,1,1,1,1,1,1,1,1,1,1,1,1,1
-0.798187686247294,-1.43149130589812,1.8824758644738,0.867662063328676,1.19033842711884,-0.620978164026221,1.08904998418722,-0.654381970383918,1.10602784307184,2.60416158890585,2.55664094670814,-1.54240453746133,1.04381092407045,1.98748888359902,0.0328193056637343,-1.58273895532371,-2.31087710687232,0.724084305258744,3.26091802148776,-0.837541134966797,0.222574371734439,0.898111984709219,0.226877092297833,2.15687483077596,-0.171220137824697,-0.0923921538578618,0.297808206385167,-1.69929989149056,-0.916725063980975,-3.16005747539644,1.10514159846035,0.121230558423523,0.460851587556629,-0.704543249460521,2.08630251496394,-0.589706161022614,-1.06703051629114,0.0559176628193736,0.306138483045752,-1.43859784624785,1.77911161958554,1.6763604336269,1.57360924766827,1.47085806170964,1.36810687575101,1.26535568979238,1.16260450383374,1.05985331787511,0.95710213191648,0.854350945957849,0.751599759999218,0.648848574040585,0.546097388081956,0.443346202123323,0.34059501616469,0.237843830206058,0.135092644247425,0.0323414582887942,-0.0704097276698388,-0.173160913628468,-0.173160913628468,-0.173160913628468,-0.173160913628468,-0.173160913628468,-0.173160913628468,-0.173160913628468,-0.173160913628468,-0.173160913628468,-0.173160913628468,-0.173160913628468,-0.173160913628468,-0.173160913628468,-0.173160913628468,-0.173160913628468,-0.173160913628468,-0.173160913628468,-0.173160913628468,-0.173160913628468,-0.173160913628468,-0.173160913628468,-3.6671963348738,-2.85940832358469,-2.10292350221,-1.40273885519256,-0.763851366975238,-0.191258022000867,0.310044195287686,0.735058300447589,1.07878730903598,1.33623423661,1.50240209872683,1.57229391094359,1.54091268881744,1.40326144790554,1.15434320376502,0.789160971953073,0.302717768026795,-0.309983392456637,-1.05393949394011,-1.9341475208664,-1.9341475208664,-1.9341475208664,-1.9341475208664,-1.9341475208664,-1.9341475208664,-1.9341475208664,-1.9341475208664,-1.9341475208664,-1.9341475208664,-1.9341475208664,-1.9341475208664,-1.9341475208664,-1.9341475208664,-1.9341475208664,-1.9341475208664,-1.9341475208664,-1.9341475208664,-1.9341475208664,-1.9341475208664,-1.9341475208664,-1.33993087808411,-1.03136392310756,-0.722796968130999,-0.414230013154445,-0.105663058177886,0.202903896798671,0.509419801228847,0.799083337213126,1.04064885554409,1.21865104934366,1.3366673215591,1.37656875758194,1.30008341470284,1.09696339478841,0.795939487888884,0.438202667244553,0.0644275823468288,-0.296517294799377,-0.643388007688532,-0.988286411877141,-0.988286411877141,-0.988286411877141,-0.988286411877141,-0.988286411877141,-0.988286411877141,-0.988286411877141,-0.988286411877141,-0.988286411877141,-0.988286411877141,-0.988286411877141,-0.988286411877141,-0.988286411877141,-0.988286411877141,-0.988286411877141,-0.988286411877141,-0.988286411877141,-0.988286411877141,-0.988286411877141,-0.988286411877141,-0.988286411877141,1,1,1,1,1,1,1,1,1,1,1,1,1,1,1,1,1,1,1,1,1,1,1,1,1,1,1,1,1,1,1,1,1,1,1,1,1,1,1,1
0.135165758005737,-0.522220231508284,-2.39618044320831,-0.729487549024736,-0.215304660919821,0.305697550251095,-1.27245004044408,-0.987059214115993,-1.33340503627836,-1.11216162772062,-1.3375247894982,-1.05640004837659,1.84624474483541,0.699659283398219,0.0368033876787379,-0.0839895705840981,1.05847698838962,-0.200584115620661,-3.33745779858825,-1.02546320266387,1.91699532686791,-0.774390802353899,-1.06671836658821,0.768701976993398,-0.698389855823965,0.404776368767132,2.24351407623451,-0.950356820756651,-0.64806098684843,-3.4051968873389,0.138619811463858,-1.16720198013049,-0.758177375529291,1.99685218411409,-1.22355057714526,0.190763061735865,-0.501803628411688,-0.355241651930161,-1.47428087060526,-0.0849432959073866,-2.06576363471205,-2.05734065827639,-2.04891768184074,-2.04049470540509,-2.03207172896943,-2.02364875253378,-2.01522577609813,-2.00680279966248,-1.99837982322682,-1.98995684679117,-1.98153387035552,-1.97311089391986,-1.96468791748421,-1.95626494104856,-1.94784196461291,-1.93941898817725,-1.9309960117416,-1.92257303530595,-1.91415005887029,-1.90572708243464,-1.90572708243464,-1.90572708243464,-1.90572708243464,-1.90572708243464,-1.90572708243464,-1.90572708243464,-1.90572708243464,-1.90572708243464,-1.90572708243464,-1.90572708243464,-1.90572708243464,-1.90572708243464,-1.90572708243464,-1.90572708243464,-1.90572708243464,-1.90572708243464,-1.90572708243464,-1.90572708243464,-1.90572708243464,-1.90572708243464,-0.827073232864075,-1.84592383811191,-2.54126177386358,-2.9543164980845,-3.1263174687401,-3.09849414379579,-2.912075981217,-2.60829243896914,-2.22837297501764,-1.81354704732791,-1.40504411386538,-1.04409363259546,-0.77192506148358,-0.629767858495157,-0.658851481595621,-0.900405388750372,-1.39565903792484,-2.18584188708444,-3.31218339419462,-4.81591301722078,-4.81591301722078,-4.81591301722078,-4.81591301722078,-4.81591301722078,-4.81591301722078,-4.81591301722078,-4.81591301722078,-4.81591301722078,-4.81591301722078,-4.81591301722078,-4.81591301722078,-4.81591301722078,-4.81591301722078,-4.81591301722078,-4.81591301722078,-4.81591301722078,-4.81591301722078,-4.81591301722078,-4.81591301722078,-4.81591301722078,-2.89238051068626,-2.78018229256729,-2.66798407444832,-2.55578585632935,-2.44358763821039,-2.33138942009142,-2.2189055066347,-2.10549725943506,-1.99454131556675,-1.89473374332429,-1.81463125998932,-1.75813425872483,-1.72854009610971,-1.7318662922239,-1.77029384724347,-1.83692546625354,-1.92166813435539,-2.01775505743777,-2.12057761478848,-2.2259954911137,-2.2259954911137,-2.2259954911137,-2.2259954911137,-2.2259954911137,-2.2259954911137,-2.2259954911137,-2.2259954911137,-2.2259954911137,-2.2259954911137,-2.2259954911137,-2.2259954911137,-2.2259954911137,-2.2259954911137,-2.2259954911137,-2.2259954911137,-2.2259954911137,-2.2259954911137,-2.2259954911137,-2.2259954911137,-2.2259954911137,1,1,1,1,1,1,1,1,1,1,1,1,1,1,1,1,1,1,1,1,1,1,1,1,1,1,1,1,1,1,1,1,1,1,1,1,1,1,1,1
-0.183839775084813,2.17221528554042,-1.82699777097086,-0.703966690877852,-2.26733577081411,-0.11932258542207,-0.0499670131109049,0.24849327884256,-1.02380654720189,-0.605410961943775,1.10357358086596,-0.653814645747502,1.28890304960455,-0.598994487854084,-1.98313445202032,0.653552565855108,-1.42546411013179,0.0286346868073952,3.38385935442331,-1.01990791725399,-0.0263577729202069,0.248880250170176,1.51993676337637,-0.864106650527789,0.493512481007418,-1.07159824660306,0.311592664796738,-1.30259927507657,0.464088405129672,1.66380930058282,-1.64791493402476,0.776698902878223,0.208043595846142,1.23983500054055,0.0857569863247587,2.12300935681948,0.352648054008647,-0.55342439521136,-0.757481212679863,0.70223262797283,-2.54615475181007,-2.35789529349243,-2.1696358351748,-1.98137637685717,-1.79311691853954,-1.6048574602219,-1.41659800190427,-1.22833854358664,-1.04007908526901,-0.851819626951372,-0.66356016863374,-0.475300710316109,-0.287041251998478,-0.0987817936808444,0.089477664636787,0.277737122954422,0.465996581272055,0.654256039589686,0.842515497907323,1.03077495622496,1.03077495622496,1.03077495622496,1.03077495622496,1.03077495622496,1.03077495622496,1.03077495622496,1.03077495622496,1.03077495622496,1.03077495622496,1.03077495622496,1.03077495622496,1.03077495622496,1.03077495622496,1.03077495622496,1.03077495622496,1.03077495622496,1.03077495622496,1.03077495622496,1.03077495622496,1.03077495622496,23.8374999274996,16.7340647715883,10.9542998297067,6.37930660737437,2.89018661011105,0.368041343436346,-1.30602768713011,-2.25091897606863,-2.58553101785959,-2.42876230698337,-1.89951133792029,-1.1166766051507,-0.199156603154984,0.734150173586526,1.56434523059345,2.17253007338545,2.43980620748219,2.24727513840326,1.47603837166836,0.00719741279717745,0.00719741279717745,0.00719741279717745,0.00719741279717745,0.00719741279717745,0.00719741279717745,0.00719741279717745,0.00719741279717745,0.00719741279717745,0.00719741279717745,0.00719741279717745,0.00719741279717745,0.00719741279717745,0.00719741279717745,0.00719741279717745,0.00719741279717745,0.00719741279717745,0.00719741279717745,0.00719741279717745,0.00719741279717745,0.00719741279717745,0.657232193431431,0.31105161781378,-0.0351289578038729,-0.381309533421526,-0.727490109039179,-1.07367068465683,-1.41042165128397,-1.67479784384094,-1.7380636081136,-1.51095227840265,-1.04173277382735,-0.481122395363309,0.0191797368368061,0.383040574488499,0.636815417179577,0.856872616265608,1.07823998170118,1.28449045670341,1.46923727616447,1.64763177782677,1.64763177782677,1.64763177782677,1.64763177782677,1.64763177782677,1.64763177782677,1.64763177782677,1.64763177782677,1.64763177782677,1.64763177782677,1.64763177782677,1.64763177782677,1.64763177782677,1.64763177782677,1.64763177782677,1.64763177782677,1.64763177782677,1.64763177782677,1.64763177782677,1.64763177782677,1.64763177782677,1,1,1,1,1,1,1,1,0,1,1,1,1,1,1,1,1,1,1,1,1,1,1,1,1,1,1,1,1,1,1,1,1,1,1,1,1,1,1,1
-0.00197054167444088,-2.08238390909128,0.732631237850927,-0.153215284341562,1.67854951285275,1.65187851430504,2.51784530410868,1.13005381497152,-0.684439943729041,0.638858463241498,1.0643590226581,0.983634443114495,-0.49310933741347,0.910851827991856,1.00144829020497,1.47765208967086,-1.82995604496847,-1.20629451171879,1.21953269508777,-1.09750871570351,0.699808978922146,0.162427629222506,1.85925067122787,-0.498806544273281,1.20310017561178,-1.18395930461167,2.78070555927499,0.0635721491087118,-0.0317072808813155,-0.253683166211564,-1.62361368812768,0.139444373217861,-0.603906123587715,0.691361461528054,-1.48109675682368,0.419743565101774,-0.961063394955769,-0.292228283640171,0.479205760819784,1.2186460055626,3.58159955916944,3.31535398165446,3.04910840413949,2.78286282662451,2.51661724910953,2.25037167159456,1.98412609407958,1.7178805165646,1.45163493904962,1.18538936153464,0.919143784019667,0.652898206504693,0.386652628989713,0.120407051474738,-0.145838526040238,-0.412084103555218,-0.678329681070196,-0.944575258585171,-1.21082083610015,-1.47706641361513,-1.47706641361513,-1.47706641361513,-1.47706641361513,-1.47706641361513,-1.47706641361513,-1.47706641361513,-1.47706641361513,-1.47706641361513,-1.47706641361513,-1.47706641361513,-1.47706641361513,-1.47706641361513,-1.47706641361513,-1.47706641361513,-1.47706641361513,-1.47706641361513,-1.47706641361513,-1.47706641361513,-1.47706641361513,-1.47706641361513,19.2249695548818,14.8082218460222,11.1189583591487,8.09326218719537,5.66721642309621,3.77690415978534,2.3584084901968,1.34781250726469,0.681199303923055,0.294651973105966,0.124253607747509,0.106087300781724,0.176236145142695,0.270783233764485,0.325811659581177,0.277404515526817,0.0616448945354637,-0.385384110458768,-1.12759940652186,-2.22891790071971,-2.22891790071971,-2.22891790071971,-2.22891790071971,-2.22891790071971,-2.22891790071971,-2.22891790071971,-2.22891790071971,-2.22891790071971,-2.22891790071971,-2.22891790071971,-2.22891790071971,-2.22891790071971,-2.22891790071971,-2.22891790071971,-2.22891790071971,-2.22891790071971,-2.22891790071971,-2.22891790071971,-2.22891790071971,-2.22891790071971,5.87228591217934,5.24417801870281,4.61607012522628,3.98796223174975,3.35985433827321,2.73174644479668,2.09417042416894,1.44284157946936,0.930999953913942,0.684342026361703,0.617503307224613,0.595083066008916,0.584748638823815,0.553695858670164,0.399648970921699,0.0602314863497,-0.422755630680129,-0.963791644549879,-1.49839167102392,-2.01012268349248,-2.01012268349248,-2.01012268349248,-2.01012268349248,-2.01012268349248,-2.01012268349248,-2.01012268349248,-2.01012268349248,-2.01012268349248,-2.01012268349248,-2.01012268349248,-2.01012268349248,-2.01012268349248,-2.01012268349248,-2.01012268349248,-2.01012268349248,-2.01012268349248,-2.01012268349248,-2.01012268349248,-2.01012268349248,-2.01012268349248,1,1,1,1,1,1,0,1,1,1,1,1,1,1,1,1,1,1,1,1,1,1,1,1,1,1,1,1,1,1,1,1,1,1,1,1,1,1,1,1
0.960469104610373,0.629451696821712,-0.77708473845298,2.70626568985127,-0.413679949290637,0.91821184100557,-0.132081361451306,1.5623749015391,0.744735548831326,1.59309904377336,-0.32984173107922,0.00556807164184292,-0.779847739084058,1.26626404864382,-0.794555900949248,1.96349661066779,3.25672297605836,-1.17032497771334,0.563317645134639,1.24766880357837,-0.0356025062474998,0.275045529895889,-0.0652946015644638,2.83737174844337,-1.81844804593691,0.76069131167973,-1.29033447677185,-0.0559425375607816,-1.21799175913168,-0.464946873474522,0.227401442921925,-0.733999616854049,-1.08074814355936,3.15192025025724,-2.49121107349828,-0.647937046541299,-0.557610763905076,-2.40839614298399,-1.27088281521012,1.99861252760918,0.235522098800685,0.268506951825531,0.301491804850375,0.334476657875219,0.367461510900066,0.400446363924912,0.433431216949755,0.466416069974603,0.499400922999447,0.532385776024292,0.565370629049138,0.598355482073982,0.631340335098825,0.664325188123673,0.697310041148517,0.730294894173362,0.76327974719821,0.796264600223054,0.829249453247899,0.862234306272745,0.862234306272745,0.862234306272745,0.862234306272745,0.862234306272745,0.862234306272745,0.862234306272745,0.862234306272745,0.862234306272745,0.862234306272745,0.862234306272745,0.862234306272745,0.862234306272745,0.862234306272745,0.862234306272745,0.862234306272745,0.862234306272745,0.862234306272745,0.862234306272745,0.862234306272745,0.862234306272745,16.8927912679463,12.7125406689761,9.23516343704214,6.40157237697494,4.15268029360488,2.42939999176235,1.17264427627774,0.323325951981483,-0.177642176296054,-0.389347303724454,-0.37087662547332,-0.181317336712237,0.120243367389175,0.47471829166132,0.823020240934621,1.10606202003943,1.26475643380622,1.24001628706532,0.972754384647194,0.403883531382183,0.403883531382183,0.403883531382183,0.403883531382183,0.403883531382183,0.403883531382183,0.403883531382183,0.403883531382183,0.403883531382183,0.403883531382183,0.403883531382183,0.403883531382183,0.403883531382183,0.403883531382183,0.403883531382183,0.403883531382183,0.403883531382183,0.403883531382183,0.403883531382183,0.403883531382183,0.403883531382183,0.351251750051404,0.369207094717598,0.387162439383798,0.405117784049994,0.423073128716192,0.441028473382387,0.459117764149099,0.477965110713393,0.498148464393534,0.520245785479746,0.54490354995904,0.572409541774897,0.602733248041886,0.636210061293509,0.673575772078047,0.715081470743412,0.760022213083976,0.807255633495172,0.855810276868624,0.904959866172884,0.904959866172884,0.904959866172884,0.904959866172884,0.904959866172884,0.904959866172884,0.904959866172884,0.904959866172884,0.904959866172884,0.904959866172884,0.904959866172884,0.904959866172884,0.904959866172884,0.904959866172884,0.904959866172884,0.904959866172884,0.904959866172884,0.904959866172884,0.904959866172884,0.904959866172884,0.904959866172884,1,1,1,1,1,1,1,1,1,1,1,1,1,1,1,1,1,1,1,1,1,1,1,1,1,1,1,1,1,1,1,1,1,1,1,1,1,1,1,1
-0.886071420913374,-0.680604595120013,-1.36065570682241,0.119842431856513,1.27519821930807,1.89948505852931,-0.0464756775081128,2.64616463650332,0.0535600023147964,-2.32205994688625,0.529878697960541,2.23236981545527,0.114453370198719,-1.61103913020948,0.305800160881207,-0.191345522496073,0.702243925238941,0.698750965059615,-0.522489269406822,0.361161036893385,-1.17706914607898,1.46266073506563,0.4365022675278,-1.52614995712923,0.303839739035682,-0.425796075958482,0.846291449951888,-0.878765735686835,-0.626712377506353,-2.74670045096515,0.484060112080444,1.01340342311844,-0.785464886930573,1.20277965979852,3.72724070059836,-1.80207312819701,0.72552611385815,0.675673699401594,2.29345568741012,-0.106438901053775,4.78996315723191,4.46470450644853,4.13944585566515,3.81418720488177,3.48892855409839,3.16366990331501,2.83841125253163,2.51315260174825,2.18789395096487,1.86263530018149,1.53737664939811,1.21211799861473,0.886859347831352,0.561600697047972,0.236342046264591,-0.0889166045187881,-0.414175255302165,-0.739433906085546,-1.06469255686893,-1.3899512076523,-1.3899512076523,-1.3899512076523,-1.3899512076523,-1.3899512076523,-1.3899512076523,-1.3899512076523,-1.3899512076523,-1.3899512076523,-1.3899512076523,-1.3899512076523,-1.3899512076523,-1.3899512076523,-1.3899512076523,-1.3899512076523,-1.3899512076523,-1.3899512076523,-1.3899512076523,-1.3899512076523,-1.3899512076523,-1.3899512076523,11.0230163155442,8.94492069016533,7.18682086401145,5.71990141575893,4.51534692408414,3.54434196766341,2.77807112517308,2.18771897528952,1.74447009668905,1.41950906804805,1.18402046804283,1.00918887534976,0.866198868645194,0.726235026605453,0.560481927906888,0.340124151225874,0.0363462752387189,-0.379667121378201,-0.93673145994854,-1.66366216179597,-1.66366216179597,-1.66366216179597,-1.66366216179597,-1.66366216179597,-1.66366216179597,-1.66366216179597,-1.66366216179597,-1.66366216179597,-1.66366216179597,-1.66366216179597,-1.66366216179597,-1.66366216179597,-1.66366216179597,-1.66366216179597,-1.66366216179597,-1.66366216179597,-1.66366216179597,-1.66366216179597,-1.66366216179597,-1.66366216179597,3.77197151959137,3.57611329461308,3.38025506963478,3.1843968446565,2.9885386196782,2.79268039469991,2.59625091188172,2.39642785486652,2.18964486542414,1.97062018443544,1.73159274087525,1.46412661125381,1.16165853094421,0.822546622140813,0.451428071761507,0.0538173118437477,-0.371158247864651,-0.827759627142235,-1.31300652486003,-1.81392584215333,-1.81392584215333,-1.81392584215333,-1.81392584215333,-1.81392584215333,-1.81392584215333,-1.81392584215333,-1.81392584215333,-1.81392584215333,-1.81392584215333,-1.81392584215333,-1.81392584215333,-1.81392584215333,-1.81392584215333,-1.81392584215333,-1.81392584215333,-1.81392584215333,-1.81392584215333,-1.81392584215333,-1.81392584215333,-1.81392584215333,1,1,1,1,1,1,1,1,1,1,1,1,1,1,1,1,1,1,1,1,1,1,1,1,1,1,1,1,1,1,1,1,1,1,1,1,1,1,1,1
1.68577515542501,-0.823090465856025,-2.67744061750081,-1.70683546698313,-2.3974646240067,0.892766902969273,0.767348374286723,1.2110441150824,0.665533261123327,1.59851453035518,-2.03443500703038,-0.46013386235775,-1.34593235285881,1.48145591141458,-1.88945962363654,0.824475000503293,-0.439434178553029,-1.29408044405054,1.15749827817102,-0.676949340672584,0.458359990361712,-0.108923598180894,-2.63028568830237,-2.04808689089525,-1.21300474793255,0.874566146305234,-2.30827703611114,1.33048797604084,0.468275595142163,-1.09365610834125,-0.823421036372851,-0.0446484984441007,0.381532924832081,0.929235303987577,-1.34765052956477,-1.72206746894486,2.64875430548016,-0.0969640957501987,-1.42819080870398,-0.600028771019591,-5.00942248542078,-4.71938326067436,-4.42934403592794,-4.13930481118152,-3.84926558643511,-3.55922636168869,-3.26918713694227,-2.97914791219585,-2.68910868744944,-2.39906946270302,-2.1090302379566,-1.81899101321018,-1.52895178846376,-1.23891256371734,-0.948873338970925,-0.658834114224506,-0.368794889478087,-0.0787556647316716,0.211283560014747,0.501322784761168,0.501322784761168,0.501322784761168,0.501322784761168,0.501322784761168,0.501322784761168,0.501322784761168,0.501322784761168,0.501322784761168,0.501322784761168,0.501322784761168,0.501322784761168,0.501322784761168,0.501322784761168,0.501322784761168,0.501322784761168,0.501322784761168,0.501322784761168,0.501322784761168,0.501322784761168,0.501322784761168,-0.258394590899412,-0.190737369960582,-0.293782361165601,-0.534098819018226,-0.878255998022221,-1.29282315268134,-1.74436953749935,-2.19946440698001,-2.62467701562708,-2.98657661794432,-3.25173246843548,-3.38671382160434,-3.35808993195465,-3.13243005399016,-2.67630344221464,-1.95627935113186,-0.938927035245563,0.409184250940479,2.12148525292252,4.23140671619678,4.23140671619678,4.23140671619678,4.23140671619678,4.23140671619678,4.23140671619678,4.23140671619678,4.23140671619678,4.23140671619678,4.23140671619678,4.23140671619678,4.23140671619678,4.23140671619678,4.23140671619678,4.23140671619678,4.23140671619678,4.23140671619678,4.23140671619678,4.23140671619678,4.23140671619678,4.23140671619678,-1.52321870577167,-1.67075023371024,-1.81828176164879,-1.96581328958736,-2.11334481752592,-2.26087634546449,-2.40714689190708,-2.54992641472811,-2.69583826715604,-2.82212959053958,-2.87028848684686,-2.80181734755611,-2.60968743489312,-2.27383745214496,-1.76649877188973,-1.1016400624712,-0.335872796296137,0.471675760679014,1.28213421020441,2.08307458393136,2.08307458393136,2.08307458393136,2.08307458393136,2.08307458393136,2.08307458393136,2.08307458393136,2.08307458393136,2.08307458393136,2.08307458393136,2.08307458393136,2.08307458393136,2.08307458393136,2.08307458393136,2.08307458393136,2.08307458393136,2.08307458393136,2.08307458393136,2.08307458393136,2.08307458393136,2.08307458393136,1,1,1,1,1,1,1,1,1,1,1,1,1,1,1,1,1,1,1,1,1,1,1,1,1,1,1,1,1,1,1,1,1,1,1,1,1,1,1,1
0.128181365552808,-0.0578827553347407,-1.07245908781571,-0.485149763027678,-0.177064816925351,0.258865297377474,0.10133760676505,-1.4342457854087,0.00496377555210969,2.17567443072983,1.55291366998133,0.0144831134041201,-2.42275014878882,-0.219102829589769,3.53944398162667,-0.0559161267980119,2.06181331160816,1.80664333292151,-2.36270662023931,-1.23978842356276,0.129969541872718,0.0343846559611141,-1.11959506832178,1.87007080552699,-0.585023724965348,-0.772204282403763,2.85296448608179,-0.956694537956116,-1.69250447453203,-0.0157041157954207,0.278452185368076,1.94399707519728,-2.104215684396,1.09242737086525,0.64242492229843,-0.42663269617093,-2.5901809257339,-0.586009362808571,-0.836221329768307,-0.733684041558595,-0.516627098377792,-0.414599951253591,-0.312572804129389,-0.21054565700519,-0.108518509880989,-0.00649136275678686,0.0955357843674136,0.197562931491616,0.299590078615816,0.401617225740019,0.503644372864221,0.605671519988421,0.707698667112622,0.809725814236824,0.911752961361024,1.01378010848523,1.11580725560943,1.21783440273363,1.31986154985783,1.42188869698203,1.42188869698203,1.42188869698203,1.42188869698203,1.42188869698203,1.42188869698203,1.42188869698203,1.42188869698203,1.42188869698203,1.42188869698203,1.42188869698203,1.42188869698203,1.42188869698203,1.42188869698203,1.42188869698203,1.42188869698203,1.42188869698203,1.42188869698203,1.42188869698203,1.42188869698203,1.42188869698203,-15.4180052630872,-11.6743677127937,-8.50662623790296,-5.86939470918528,-3.71728699741098,-2.00491697335047,-0.686898507774023,0.282154528547963,0.947628264845159,1.35490883034723,1.54938235428379,1.5764349658845,1.48145279437906,1.30982196899705,1.1069286189682,0.918158873522112,0.788898861888512,0.764534713296916,0.890452556977063,1.21203852215858,1.21203852215858,1.21203852215858,1.21203852215858,1.21203852215858,1.21203852215858,1.21203852215858,1.21203852215858,1.21203852215858,1.21203852215858,1.21203852215858,1.21203852215858,1.21203852215858,1.21203852215858,1.21203852215858,1.21203852215858,1.21203852215858,1.21203852215858,1.21203852215858,1.21203852215858,1.21203852215858,-5.77724206481256,-4.94462191740964,-4.11200177000673,-3.27938162260382,-2.44676147520091,-1.614141327798,-0.782493118840399,0.0334741758776111,0.769019392954645,1.31348853250361,1.57531257415332,1.55964774925177,1.38002990047416,1.19293881627909,1.10971226829988,1.14473175520661,1.2482175684289,1.39915035453592,1.6294243586292,1.93709172013054,1.93709172013054,1.93709172013054,1.93709172013054,1.93709172013054,1.93709172013054,1.93709172013054,1.93709172013054,1.93709172013054,1.93709172013054,1.93709172013054,1.93709172013054,1.93709172013054,1.93709172013054,1.93709172013054,1.93709172013054,1.93709172013054,1.93709172013054,1.93709172013054,1.93709172013054,1.93709172013054,1,1,1,1,1,1,1,1,1,1,1,1,1,1,1,1,1,1,1,1,1,1,1,1,1,1,1,1,1,1,1,1,1,1,1,1,1,1,1,1
0.839568968414911,0.474705104975748,1.30720721097594,-0.168081930606252,-2.23976910384242,-0.344626784179511,-2.74161447350092,-0.29844713461463,-1.36446794263116,-0.614946961614473,2.85554257570966,-0.755881745366505,0.869903257530249,0.177510984592562,0.668255396327318,-2.2731338578464,0.223850705819039,0.117586537286595,0.848416763011732,-1.38332935941353,0.247955026328119,-1.77535822326418,-1.15621079830923,0.399689622266733,-0.912328060662221,-0.878672721815992,1.65912175594355,-2.29222311528268,0.545479035074212,-2.56733691758994,-0.619881494859834,0.633150728203759,-3.4881509304075,-0.51077895427896,0.614709311000949,-0.553996251945131,0.543678063930845,-0.759214372978608,-0.477758604888313,1.07418299581135,0.845932342452441,0.748915953161572,0.651899563870707,0.554883174579837,0.457866785288971,0.360850395998105,0.263834006707238,0.166817617416369,0.0698012281255043,-0.0272151611653637,-0.124231550456232,-0.2212479397471,-0.318264329037964,-0.415280718328832,-0.512297107619698,-0.609313496910564,-0.706329886201434,-0.8033462754923,-0.900362664783167,-0.997379054074035,-0.997379054074035,-0.997379054074035,-0.997379054074035,-0.997379054074035,-0.997379054074035,-0.997379054074035,-0.997379054074035,-0.997379054074035,-0.997379054074035,-0.997379054074035,-0.997379054074035,-0.997379054074035,-0.997379054074035,-0.997379054074035,-0.997379054074035,-0.997379054074035,-0.997379054074035,-0.997379054074035,-0.997379054074035,-0.997379054074035,-6.70896244625696,-4.84047684239504,-3.31017019561819,-2.0885462859859,-1.14610889355765,-0.453361798392902,0.0191912194488406,0.301046379908106,0.421699902925427,0.410648008441303,0.297386916396283,0.11141284673085,-0.117777980614454,-0.360689345699132,-0.587825028582616,-0.769688809324391,-0.876784467984065,-0.879615784620876,-0.748686539294534,-0.454500512064435,-0.454500512064435,-0.454500512064435,-0.454500512064435,-0.454500512064435,-0.454500512064435,-0.454500512064435,-0.454500512064435,-0.454500512064435,-0.454500512064435,-0.454500512064435,-0.454500512064435,-0.454500512064435,-0.454500512064435,-0.454500512064435,-0.454500512064435,-0.454500512064435,-0.454500512064435,-0.454500512064435,-0.454500512064435,-0.454500512064435,3.18018987220371,2.76586551193679,2.35154115166986,1.93721679140294,1.52289243113602,1.10856807086909,0.692964230864566,0.275868979760682,-0.116943702954419,-0.446946965037236,-0.689935008357089,-0.836762534448281,-0.885776342833909,-0.848754693300323,-0.752505140148081,-0.624851585067496,-0.483728488660919,-0.339182270227308,-0.197040990265748,-0.0582810450500268,-0.0582810450500268,-0.0582810450500268,-0.0582810450500268,-0.0582810450500268,-0.0582810450500268,-0.0582810450500268,-0.0582810450500268,-0.0582810450500268,-0.0582810450500268,-0.0582810450500268,-0.0582810450500268,-0.0582810450500268,-0.0582810450500268,-0.0582810450500268,-0.0582810450500268,-0.0582810450500268,-0.0582810450500268,-0.0582810450500268,-0.0582810450500268,-0.0582810450500268,1,1,1,1,1,1,1,1,1,1,1,1,1,1,1,1,1,1,1,1,1,1,1,1,1,1,1,1,1,1,1,1,1,1,1,1,1,1,1,1
0.231888269196013,0.642165691574116,1.19132850980241,-0.505240281074682,-3.83696414822898,-1.19823440157085,-0.784278625746492,-0.203699204401792,0.956631790752486,0.405306647002975,-0.557025448270954,0.919754538314107,-2.82708885324504,-0.758904668638021,0.825722950694399,-1.01526577827241,2.70082416579425,1.57217634184784,0.56766987332111,-2.6191570454811,0.517444016200383,-1.54003936607096,0.185372680267713,-0.0546063866081372,-1.34180242404459,0.886204097928193,-1.87925878904856,1.40828367347628,0.664227399586323,-1.08768821141872,-0.999014355544334,-1.49790834553749,0.931271089930265,1.85689597473287,0.813716134976872,1.51650320405145,0.458421394987386,-2.48549150656013,1.64601540444232,2.2854393849015,2.67950155697226,2.4556076809558,2.23171380493934,2.00781992892288,1.78392605290642,1.56003217688995,1.33613830087349,1.11224442485703,0.888350548840569,0.664456672824107,0.440562796807644,0.216668920791182,-0.00722495522527922,-0.231118831241741,-0.455012707258202,-0.678906583274664,-0.902800459291125,-1.12669433530759,-1.35058821132405,-1.57448208734051,-1.57448208734051,-1.57448208734051,-1.57448208734051,-1.57448208734051,-1.57448208734051,-1.57448208734051,-1.57448208734051,-1.57448208734051,-1.57448208734051,-1.57448208734051,-1.57448208734051,-1.57448208734051,-1.57448208734051,-1.57448208734051,-1.57448208734051,-1.57448208734051,-1.57448208734051,-1.57448208734051,-1.57448208734051,-1.57448208734051,25.2509771538912,18.8070023967285,13.4904572775076,9.19975888115291,5.83332429258916,3.28957059674087,1.46691487853259,0.263774222888909,-0.421434285265615,-0.690293561006419,-0.644386519408927,-0.385296075548574,-0.0146051445008055,0.366103358658956,0.655246518855282,0.751241421012736,0.55250515005589,-0.0425452090907132,-1.13549257150248,-2.82791985225484,-2.82791985225484,-2.82791985225484,-2.82791985225484,-2.82791985225484,-2.82791985225484,-2.82791985225484,-2.82791985225484,-2.82791985225484,-2.82791985225484,-2.82791985225484,-2.82791985225484,-2.82791985225484,-2.82791985225484,-2.82791985225484,-2.82791985225484,-2.82791985225484,-2.82791985225484,-2.82791985225484,-2.82791985225484,-2.82791985225484,6.10940572237248,5.41409626750814,4.71878681264381,4.02347735777948,3.32816790291514,2.63285844805081,1.94169367400112,1.27364593577943,0.646361013000195,0.0866148325272764,-0.359468108911328,-0.653780362652734,-0.797847570711131,-0.826641676935461,-0.779667505921823,-0.684654818255968,-0.561012061310176,-0.428100735636269,-0.302846452577743,-0.188456747764196,-0.188456747764196,-0.188456747764196,-0.188456747764196,-0.188456747764196,-0.188456747764196,-0.188456747764196,-0.188456747764196,-0.188456747764196,-0.188456747764196,-0.188456747764196,-0.188456747764196,-0.188456747764196,-0.188456747764196,-0.188456747764196,-0.188456747764196,-0.188456747764196,-0.188456747764196,-0.188456747764196,-0.188456747764196,-0.188456747764196,1,1,1,1,1,1,1,1,1,1,1,1,1,1,1,1,1,1,1,1,1,1,1,1,1,1,1,1,1,1,1,1,1,1,1,1,1,1,1,1
0.804709249923651,-0.779526227771545,2.26646087497907,-0.330719295334863,2.03925912908805,0.19210968242197,-2.47424463543987,1.05470207623924,-1.97419096531986,-0.401619229974932,-1.95472829768054,-3.95688391762018,-0.493366486793237,0.865553187715571,-0.567377393582921,1.1435919994422,-1.30362705009323,-2.62496160353312,0.862321189020957,-0.0397042740365965,1.69088894045791,0.805134105604797,-0.0854007705246378,0.811910463144322,-1.49100197427706,-1.13083850171245,1.91084660596908,1.25328394643845,0.615076405132635,0.953691581918363,-0.979307912956671,1.09135293982033,-1.49089381945181,-2.11273168841349,-1.54576559282829,1.73410463773008,0.211978665799423,-2.32083230957107,-3.5817856748872,2.24097637803811,-0.00798584275519509,-0.0209445729493591,-0.0339033031435267,-0.0468620333376908,-0.0598207635318584,-0.0727794937260242,-0.0857382239201865,-0.0986969541143559,-0.11165568430852,-0.124614414502684,-0.13757314469685,-0.150531874891016,-0.163490605085181,-0.176449335279351,-0.189408065473513,-0.202366795667677,-0.215325525861843,-0.228284256056011,-0.241242986250175,-0.254201716444342,-0.254201716444342,-0.254201716444342,-0.254201716444342,-0.254201716444342,-0.254201716444342,-0.254201716444342,-0.254201716444342,-0.254201716444342,-0.254201716444342,-0.254201716444342,-0.254201716444342,-0.254201716444342,-0.254201716444342,-0.254201716444342,-0.254201716444342,-0.254201716444342,-0.254201716444342,-0.254201716444342,-0.254201716444342,-0.254201716444342,28.9526144275292,21.1545329292777,14.7236529944811,9.541397424848,5.48918902208732,2.4484505879078,0.300604924018232,-1.07292516787261,-1.79071688605594,-1.97134742882299,-1.73339399446498,-1.19543378127313,-0.476043987538644,0.306198188447258,1.03271554839335,1.58493089400841,1.84426702700122,1.69214674908058,1.00999286195523,-0.320771832666026,-0.320771832666026,-0.320771832666026,-0.320771832666026,-0.320771832666026,-0.320771832666026,-0.320771832666026,-0.320771832666026,-0.320771832666026,-0.320771832666026,-0.320771832666026,-0.320771832666026,-0.320771832666026,-0.320771832666026,-0.320771832666026,-0.320771832666026,-0.320771832666026,-0.320771832666026,-0.320771832666026,-0.320771832666026,-0.320771832666026,5.32935594318665,4.4899320627968,3.6505081824069,2.81108430201699,1.97166042162714,1.13223654123727,0.345265553385827,-0.197887251933688,-0.57657626020608,-1.02809639303927,-1.47234229011196,-1.52080948244565,-1.01727135074059,-0.268728719146178,0.369798722443424,0.857839650781868,1.28452172896571,1.59090047704026,1.66536306506876,1.55680156004456,1.55680156004456,1.55680156004456,1.55680156004456,1.55680156004456,1.55680156004456,1.55680156004456,1.55680156004456,1.55680156004456,1.55680156004456,1.55680156004456,1.55680156004456,1.55680156004456,1.55680156004456,1.55680156004456,1.55680156004456,1.55680156004456,1.55680156004456,1.55680156004456,1.55680156004456,1.55680156004456,1,1,1,1,1,1,1,1,1,1,1,1,1,1,1,1,1,1,1,1,1,1,1,1,1,1,1,1,1,1,1,1,1,1,1,1,1,1,1,1
-1.0515528642429,1.35460957554383,3.63465632452516,0.209746181498424,1.66197834986103,0.0821729524847159,-0.211414154263409,1.44956287436837,0.357979994595624,0.63238180657828,-1.16134616060897,-3.7041804925073,1.335245390859,-2.18676073072825,-0.0591411037809486,-2.77495093467448,2.64152567240184,-1.77416394521522,0.154996819051394,0.589717035018618,1.10243210432205,1.83801430580291,1.42896724707337,-3.07976663495923,0.908194413261301,-1.30860227674261,-1.08707712523622,1.95759303239248,-0.741037686690651,-0.330713965356511,-0.332553918893408,0.111308305444002,-1.04282989081411,0.423025954330283,0.466375682761164,2.20526274953329,1.45587058205372,0.726165898903766,-3.18366090314091,-0.9227412381466,-3.53672398371899,-3.32329088321213,-3.10985778270528,-2.89642468219842,-2.68299158169156,-2.4695584811847,-2.25612538067784,-2.04269228017098,-1.82925917966412,-1.61582607915726,-1.4023929786504,-1.18895987814354,-0.975526777636686,-0.762093677129828,-0.548660576622968,-0.33522747611611,-0.121794375609252,0.0916387248976083,0.305071825404468,0.518504925911328,0.518504925911328,0.518504925911328,0.518504925911328,0.518504925911328,0.518504925911328,0.518504925911328,0.518504925911328,0.518504925911328,0.518504925911328,0.518504925911328,0.518504925911328,0.518504925911328,0.518504925911328,0.518504925911328,0.518504925911328,0.518504925911328,0.518504925911328,0.518504925911328,0.518504925911328,0.518504925911328,-20.4456811539122,-15.3128371156726,-11.1298724361861,-7.80556546172823,-5.24869453857462,-3.36803801300089,-2.07237423128262,-1.27048153969544,-0.871138284514959,-0.783122812016769,-0.915213468476486,-1.17618860016972,-1.47482655337208,-1.71990567435915,-1.82020430940658,-1.68450080478998,-1.2215735067849,-0.340200761667001,1.05083908428812,3.04276768480488,3.04276768480488,3.04276768480488,3.04276768480488,3.04276768480488,3.04276768480488,3.04276768480488,3.04276768480488,3.04276768480488,3.04276768480488,3.04276768480488,3.04276768480488,3.04276768480488,3.04276768480488,3.04276768480488,3.04276768480488,3.04276768480488,3.04276768480488,3.04276768480488,3.04276768480488,3.04276768480488,-4.8879919461681,-4.48140588232696,-4.07481981848583,-3.6682337546447,-3.26164769080357,-2.85506162696244,-2.45114988130091,-2.06384486692818,-1.71118239286807,-1.40574074478815,-1.14551118733818,-0.916420084802828,-0.711683675319877,-0.539848144580505,-0.407386439195081,-0.308577353783187,-0.236933996899534,-0.188231595128309,-0.1516613714552,-0.116078590109263,-0.116078590109263,-0.116078590109263,-0.116078590109263,-0.116078590109263,-0.116078590109263,-0.116078590109263,-0.116078590109263,-0.116078590109263,-0.116078590109263,-0.116078590109263,-0.116078590109263,-0.116078590109263,-0.116078590109263,-0.116078590109263,-0.116078590109263,-0.116078590109263,-0.116078590109263,-0.116078590109263,-0.116078590109263,-0.116078590109263,1,1,1,1,1,0,1,1,1,1,1,1,1,1,1,1,1,1,1,1,1,1,1,1,1,1,1,1,1,1,1,1,1,1,1,1,1,1,1,1
0.731998735042099,2.66658549978579,-0.758720194007889,0.269381109995471,-2.48447895464654,0.648340194942637,1.53525176386776,-1.31210976957883,-1.82282938228826,0.748650119295972,0.37421481539557,-0.417247081771279,-0.986083973399847,2.69544416088461,-1.93503774605093,0.92904610324017,-2.7282901753668,-0.0456948727307243,2.12114189444112,0.807290633646685,0.269297655248051,-0.634479782440636,0.154141528296861,1.28661975288032,0.841161350594561,1.21624691135258,2.2054812016161,2.61556471287607,-0.250218360897128,-1.03007831641315,-0.810157949555077,-0.891570897401536,0.713617954671438,-1.25448108267706,-0.897633660644958,0.272459225221093,1.37239414738632,0.0336365818023392,0.221096745788545,-1.09824255355534,5.61464619026584,5.26973581536217,4.92482544045849,4.57991506555482,4.23500469065115,3.89009431574748,3.5451839408438,3.20027356594013,2.85536319103646,2.51045281613278,2.16554244122911,1.82063206632544,1.47572169142176,1.13081131651809,0.785900941614416,0.440990566710743,0.0960801918070686,-0.248830183096603,-0.593740558000277,-0.938650932903949,-0.938650932903949,-0.938650932903949,-0.938650932903949,-0.938650932903949,-0.938650932903949,-0.938650932903949,-0.938650932903949,-0.938650932903949,-0.938650932903949,-0.938650932903949,-0.938650932903949,-0.938650932903949,-0.938650932903949,-0.938650932903949,-0.938650932903949,-0.938650932903949,-0.938650932903949,-0.938650932903949,-0.938650932903949,-0.938650932903949,5.84323014463527,6.22762855082648,6.31921520148949,6.15864246792715,5.78656272144228,5.2436283333377,4.57049167491624,3.80780511748072,2.99622103233398,2.17639179077883,1.3889697641181,0.674607323654611,0.073956840691217,-0.372329313469281,-0.623598767524054,-0.639199150170279,-0.378478090105146,0.199216783974219,1.13453784337059,2.46813745938684,2.46813745938684,2.46813745938684,2.46813745938684,2.46813745938684,2.46813745938684,2.46813745938684,2.46813745938684,2.46813745938684,2.46813745938684,2.46813745938684,2.46813745938684,2.46813745938684,2.46813745938684,2.46813745938684,2.46813745938684,2.46813745938684,2.46813745938684,2.46813745938684,2.46813745938684,2.46813745938684,7.98646390486026,7.31820978161733,6.64995565837441,5.98170153513149,5.31344741188856,4.64519328864564,3.97632467460488,3.30884573478623,2.66632157330394,2.08292438195971,1.58520107380325,1.1873638463579,0.883532525296777,0.649187856589656,0.467393571710202,0.339907877080694,0.263824342830901,0.221644787599567,0.19873890647321,0.186912245499087,0.186912245499087,0.186912245499087,0.186912245499087,0.186912245499087,0.186912245499087,0.186912245499087,0.186912245499087,0.186912245499087,0.186912245499087,0.186912245499087,0.186912245499087,0.186912245499087,0.186912245499087,0.186912245499087,0.186912245499087,0.186912245499087,0.186912245499087,0.186912245499087,0.186912245499087,0.186912245499087,1,1,1,1,1,1,0,0,1,1,1,1,1,1,1,1,1,1,1,1,1,1,1,1,1,1,1,1,1,1,1,1,1,1,1,1,1,1,1,1
-0.5968071987893,-1.07474615605437,-2.15026586549981,1.25338170337365,-0.724956012821358,-0.40818141367107,2.98822649798848,-0.66939308711525,1.21782356646167,0.504013842579747,-1.504881510799,-0.0627116116389637,-0.453575558361299,-1.49442964891781,-0.801899251419782,-0.300583716927639,0.618756185132156,2.32345497510021,2.32397437626704,-1.54178289375876,1.4091255476736,0.80167413094963,-0.420215182252702,2.53186929018831,-1.43826696757817,2.70930485833416,1.63055927005459,-0.75490213995459,-0.910703067850347,-2.20988674326325,-0.922177397366607,-1.62599661825171,-1.56612569396589,0.73395262406723,-0.995184407039153,1.23175300405756,0.920493519625445,1.49626646684212,-1.40599810362276,-0.942944285490338,-0.437172199427881,-0.455309970601522,-0.473447741775163,-0.491585512948805,-0.509723284122445,-0.527861055296085,-0.545998826469727,-0.564136597643367,-0.582274368817009,-0.600412139990649,-0.61854991116429,-0.63668768233793,-0.654825453511574,-0.672963224685214,-0.691100995858855,-0.709238767032497,-0.727376538206137,-0.745514309379779,-0.763652080553419,-0.781789851727062,-0.781789851727062,-0.781789851727062,-0.781789851727062,-0.781789851727062,-0.781789851727062,-0.781789851727062,-0.781789851727062,-0.781789851727062,-0.781789851727062,-0.781789851727062,-0.781789851727062,-0.781789851727062,-0.781789851727062,-0.781789851727062,-0.781789851727062,-0.781789851727062,-0.781789851727062,-0.781789851727062,-0.781789851727062,-0.781789851727062,31.9492751513208,24.2180827347712,17.6558808732373,12.1766546456209,7.69438913082433,4.12306940774962,1.37668055529886,-0.630792347625798,-1.98536422212227,-2.77304998928842,-3.07986457022219,-2.9918228860214,-2.59493985778399,-1.97523040660783,-1.21870945359082,-0.411391919830846,0.360707273574254,1.01157320552648,1.45519095492804,1.60554560068097,1.60554560068097,1.60554560068097,1.60554560068097,1.60554560068097,1.60554560068097,1.60554560068097,1.60554560068097,1.60554560068097,1.60554560068097,1.60554560068097,1.60554560068097,1.60554560068097,1.60554560068097,1.60554560068097,1.60554560068097,1.60554560068097,1.60554560068097,1.60554560068097,1.60554560068097,1.60554560068097,4.91440677018219,4.21274025764089,3.51107374509959,2.8094072325583,2.10774072001701,1.40607420747572,0.69823391771401,-0.0340687349060271,-0.760340251972472,-1.41854682400169,-1.93178001809869,-2.19365943085724,-2.13802291973454,-1.83085761835948,-1.40827497063777,-0.939605794521068,-0.414371765948376,0.181101325910113,0.833407099042661,1.51534994538845,1.51534994538845,1.51534994538845,1.51534994538845,1.51534994538845,1.51534994538845,1.51534994538845,1.51534994538845,1.51534994538845,1.51534994538845,1.51534994538845,1.51534994538845,1.51534994538845,1.51534994538845,1.51534994538845,1.51534994538845,1.51534994538845,1.51534994538845,1.51534994538845,1.51534994538845,1.51534994538845,1,1,1,1,1,1,1,1,1,1,1,0,1,1,1,1,1,1,1,1,1,1,1,1,1,1,1,1,1,1,1,1,1,1,1,1,1,1,1,1
0.993877470786029,2.03898291800277,-0.133692236026942,-0.80820875057807,-1.88555303341268,-1.19796472538145,-2.6979014706607,0.651081182377037,0.722017475094841,1.17565537168487,-0.979785757204612,1.7817307680239,-0.520659623669465,3.18134377123664,0.129604568457424,1.85311431878429,3.15532279770451,-1.56782848611352,1.59103389978847,-3.37076209036294,1.462353116321,0.482807363346888,0.875608786924658,2.41655658853983,-1.50233443144427,2.19236395842601,-0.325116940165621,0.12050686793734,1.48823600023079,-1.72609307057966,1.29706998958577,-0.750778767957671,-1.84620938280962,-0.270539002454589,1.16176786478566,0.910916596144171,0.103097547539708,-1.02097934356917,-1.11839747717037,1.47008924932149,1.25933715021122,1.11085318400076,0.962369217790304,0.813885251579848,0.665401285369392,0.516917319158935,0.368433352948481,0.219949386738023,0.0714654205275682,-0.0770185456828898,-0.225502511893344,-0.373986478103799,-0.522470444314257,-0.670954410524713,-0.819438376735169,-0.967922342945624,-1.11640630915608,-1.26489027536654,-1.41337424157699,-1.56185820778745,-1.56185820778745,-1.56185820778745,-1.56185820778745,-1.56185820778745,-1.56185820778745,-1.56185820778745,-1.56185820778745,-1.56185820778745,-1.56185820778745,-1.56185820778745,-1.56185820778745,-1.56185820778745,-1.56185820778745,-1.56185820778745,-1.56185820778745,-1.56185820778745,-1.56185820778745,-1.56185820778745,-1.56185820778745,-1.56185820778745,-12.1911600366738,-10.0730901597903,-8.0892278306137,-6.2509422693358,-4.56960269614824,-3.0565783312427,-1.72323839481087,-0.580952107044421,0.358911311864945,1.08498264172557,1.58589266234576,1.85027215353382,1.86675189509809,1.62396266684688,1.11053524858849,0.315100420131264,-0.773711038716495,-2.16726834814648,-3.87694072835035,-5.9140973995198,-5.9140973995198,-5.9140973995198,-5.9140973995198,-5.9140973995198,-5.9140973995198,-5.9140973995198,-5.9140973995198,-5.9140973995198,-5.9140973995198,-5.9140973995198,-5.9140973995198,-5.9140973995198,-5.9140973995198,-5.9140973995198,-5.9140973995198,-5.9140973995198,-5.9140973995198,-5.9140973995198,-5.9140973995198,-5.9140973995198,-5.19688239348664,-4.50382352701934,-3.81076466055205,-3.11770579408477,-2.42464692761747,-1.73158806115017,-1.03737032933716,-0.353443517668335,0.241255043752016,0.669757052224311,0.931304549156247,1.04952321460537,1.00690685462922,0.77212090357051,0.341130304806548,-0.271828272955787,-1.03975292040218,-1.90748348639863,-2.80708128432994,-3.70171088046675,-3.70171088046675,-3.70171088046675,-3.70171088046675,-3.70171088046675,-3.70171088046675,-3.70171088046675,-3.70171088046675,-3.70171088046675,-3.70171088046675,-3.70171088046675,-3.70171088046675,-3.70171088046675,-3.70171088046675,-3.70171088046675,-3.70171088046675,-3.70171088046675,-3.70171088046675,-3.70171088046675,-3.70171088046675,-3.70171088046675,1,1,1,1,1,1,1,1,1,1,1,1,1,1,1,1,1,1,0,0,0,0,0,0,0,0,0,0,0,0,0,0,0,0,0,0,0,0,0,0
0.21875057325507,-1.12071312020651,-0.123857284390849,-0.722400397679773,-0.306734639235472,-0.318362765199605,2.14396975812086,-1.76307261647584,0.834949727754276,1.57598267308189,-0.0975040248203989,-4.22885708397397,-0.144906870068697,-0.252709082137876,2.60039487848583,1.33170074623674,-0.926120390159765,0.611009325415335,-1.23562311106279,1.55802775843227,-3.6959882916675,-0.38105203567118,0.261243491550996,-1.90991569740386,-0.537522317934418,-2.26288133382693,1.03950020838904,0.300354982908846,3.50938228317551,-0.690579435892971,0.752886459804436,0.167817513514965,0.791697188453396,-0.238019972421169,-1.55781784001022,-1.57837621551972,0.94824225855961,0.832136621909923,0.764139370146825,3.40103299732501,-1.87080058379875,-1.7323012511127,-1.59380191842666,-1.45530258574061,-1.31680325305457,-1.17830392036852,-1.03980458768248,-0.90130525499643,-0.762805922310385,-0.624306589624339,-0.485807256938294,-0.347307924252249,-0.208808591566202,-0.0703092588801564,0.0681900738058889,0.206689406491934,0.345188739177981,0.483688071864028,0.622187404550074,0.760686737236119,0.760686737236119,0.760686737236119,0.760686737236119,0.760686737236119,0.760686737236119,0.760686737236119,0.760686737236119,0.760686737236119,0.760686737236119,0.760686737236119,0.760686737236119,0.760686737236119,0.760686737236119,0.760686737236119,0.760686737236119,0.760686737236119,0.760686737236119,0.760686737236119,0.760686737236119,0.760686737236119,-3.92421540450079,-3.03955926522644,-2.33002101599091,-1.77601816286108,-1.35796821190381,-1.05628866918599,-0.851397040774515,-0.723710832736237,-0.65364755113806,-0.621624702046846,-0.608059791529479,-0.593370325652842,-0.55797381048381,-0.482287752089274,-0.3467296565361,-0.131717029891178,0.182332621778611,0.615001792406414,1.18587297592533,1.91452866626847,1.91452866626847,1.91452866626847,1.91452866626847,1.91452866626847,1.91452866626847,1.91452866626847,1.91452866626847,1.91452866626847,1.91452866626847,1.91452866626847,1.91452866626847,1.91452866626847,1.91452866626847,1.91452866626847,1.91452866626847,1.91452866626847,1.91452866626847,1.91452866626847,1.91452866626847,1.91452866626847,-3.62656295896109,-3.18471567560687,-2.7428683922527,-2.30102110889853,-1.85917382554435,-1.41732654219017,-1.02560678773367,-0.863873160923826,-0.859995156073515,-0.839589833258193,-0.781670021811504,-0.655761195058215,-0.33464742384048,0.158513017543363,0.59813817818671,0.836179771933349,0.924935327767949,0.964793240556165,0.994023026720555,1.01556393712454,1.01556393712454,1.01556393712454,1.01556393712454,1.01556393712454,1.01556393712454,1.01556393712454,1.01556393712454,1.01556393712454,1.01556393712454,1.01556393712454,1.01556393712454,1.01556393712454,1.01556393712454,1.01556393712454,1.01556393712454,1.01556393712454,1.01556393712454,1.01556393712454,1.01556393712454,1.01556393712454,1,1,1,1,1,1,1,1,1,1,1,1,1,1,1,1,1,1,1,1,1,1,1,1,1,1,1,1,1,1,1,1,1,1,1,1,1,1,1,1
0.253359260814518,3.48189661023642,-0.148296807945663,1.19961451694553,1.50308377209533,-0.0325083240045583,0.417900731723421,1.06091632245653,1.43958924701976,1.79055157396752,0.053938226299092,-0.620208468638394,-0.557862455032653,0.867966334052765,-0.706721895877967,0.887958109442495,-0.42377541411671,-1.11550228642507,0.763388085516956,-1.45548217533417,-2.67635587030354,-1.55114147357912,-0.963834974116331,-0.37759987094463,0.378545683104576,-3.37821306433935,-1.27040683424005,0.942695888878969,-0.0494627005186423,-1.04399694910153,1.41540577160597,-2.10655452467165,-0.759302193337913,-0.540501192253108,-3.4421489152358,-1.16935646787487,-0.341377577507313,-1.50069488366497,2.11052151131285,-1.1232740632374,0.859914808123449,0.782697911365033,0.705481014606617,0.628264117848199,0.551047221089785,0.473830324331368,0.396613427572955,0.319396530814537,0.242179634056122,0.164962737297706,0.0877458405392897,0.0105289437808764,-0.0666879529775386,-0.143904849735957,-0.22112174649437,-0.298338643252787,-0.375555540011204,-0.452772436769617,-0.529989333528036,-0.607206230286451,-0.607206230286451,-0.607206230286451,-0.607206230286451,-0.607206230286451,-0.607206230286451,-0.607206230286451,-0.607206230286451,-0.607206230286451,-0.607206230286451,-0.607206230286451,-0.607206230286451,-0.607206230286451,-0.607206230286451,-0.607206230286451,-0.607206230286451,-0.607206230286451,-0.607206230286451,-0.607206230286451,-0.607206230286451,-0.607206230286451,-12.8396800517212,-9.2108956037526,-6.2333821754291,-3.8510706463272,-2.00789189602343,-0.647776804094322,0.28534374988361,0.84753888633383,1.09487772567981,1.08342938834503,0.869262994752948,0.508447665327047,0.0570525204908048,-0.428853319332321,-0.893200733718853,-1.27992060224529,-1.53294380448821,-1.59620122002409,-1.41362372842952,-0.929142209280956,-0.929142209280956,-0.929142209280956,-0.929142209280956,-0.929142209280956,-0.929142209280956,-0.929142209280956,-0.929142209280956,-0.929142209280956,-0.929142209280956,-0.929142209280956,-0.929142209280956,-0.929142209280956,-0.929142209280956,-0.929142209280956,-0.929142209280956,-0.929142209280956,-0.929142209280956,-0.929142209280956,-0.929142209280956,-0.929142209280956,0.236990483441568,0.288044808095048,0.339099132748535,0.390153457402024,0.441207782055503,0.492262106708987,0.537896388508459,0.552230572379447,0.51252628891435,0.414313256792024,0.266728520478686,0.0842523269451583,-0.116820334519327,-0.325001399118593,-0.537272500954412,-0.74502042293045,-0.924193381305614,-1.05797707986854,-1.15929567734903,-1.2517592629321,-1.2517592629321,-1.2517592629321,-1.2517592629321,-1.2517592629321,-1.2517592629321,-1.2517592629321,-1.2517592629321,-1.2517592629321,-1.2517592629321,-1.2517592629321,-1.2517592629321,-1.2517592629321,-1.2517592629321,-1.2517592629321,-1.2517592629321,-1.2517592629321,-1.2517592629321,-1.2517592629321,-1.2517592629321,-1.2517592629321,1,1,1,1,1,1,1,1,1,1,1,1,1,1,1,1,1,1,1,1,1,1,1,1,1,1,1,1,1,1,1,1,1,1,1,1,1,1,1,1
-2.03966347654331,-1.84003439534689,0.550226275606962,2.5248573712903,-0.634680240988327,-0.456812966823413,-1.00425816542646,1.8948093220965,0.0816434392656067,-1.13065744864476,1.01256739971983,0.838262163088096,1.80146597453336,-0.544483818628597,-2.43435899491933,-1.45765251623417,-1.06861098919591,-1.55243741824019,-0.465427848765719,0.616457570330393,-0.17358945861938,0.456468217602431,0.181007259416665,-2.10863120790105,0.134663782981395,1.04794169840677,0.237363975107105,-1.13554336091458,1.39864779681558,-1.65107265915117,0.375994211475271,1.31745078441662,2.10104289282672,2.61020642475893,-2.49824985574606,-2.36550606802089,1.95373762915584,-1.96830406559145,0.709370965322243,0.137147548681456,2.06329337881814,1.91304402260048,1.76279466638283,1.61254531016517,1.46229595394751,1.31204659772985,1.16179724151219,1.01154788529454,0.861298529076878,0.711049172859219,0.560799816641563,0.410550460423902,0.260301104206244,0.110051747988585,-0.0401976082290716,-0.19044696444673,-0.340696320664389,-0.490945676882047,-0.641195033099704,-0.791444389317363,-0.791444389317363,-0.791444389317363,-0.791444389317363,-0.791444389317363,-0.791444389317363,-0.791444389317363,-0.791444389317363,-0.791444389317363,-0.791444389317363,-0.791444389317363,-0.791444389317363,-0.791444389317363,-0.791444389317363,-0.791444389317363,-0.791444389317363,-0.791444389317363,-0.791444389317363,-0.791444389317363,-0.791444389317363,-0.791444389317363,-53.1377000970961,-37.6972845675241,-25.1835058255562,-15.3217751745733,-7.83750391795619,-2.45610335908565,1.09701519865739,3.09644045189218,3.81676109723785,3.53256583131356,2.5184433507385,1.04898235213183,-0.601228467887234,-2.15760041269965,-3.34554478568606,-3.89047289022736,-3.51779602970458,-1.95292550749826,1.07872737301066,5.8517513084413,5.8517513084413,5.8517513084413,5.8517513084413,5.8517513084413,5.8517513084413,5.8517513084413,5.8517513084413,5.8517513084413,5.8517513084413,5.8517513084413,5.8517513084413,5.8517513084413,5.8517513084413,5.8517513084413,5.8517513084413,5.8517513084413,5.8517513084413,5.8517513084413,5.8517513084413,5.8517513084413,-9.72877082558532,-7.93795524196522,-6.14713965834506,-4.35632407472492,-2.56550849110479,-0.774692907484662,0.95490576994511,2.30316934707579,2.89522473678896,2.65551906206845,1.81420954615472,0.624257871852414,-0.658008912283453,-1.66996359349736,-2.15388117274023,-2.11557119563428,-1.61481362925565,-0.679516811092364,0.528939549051,1.79852445177019,1.79852445177019,1.79852445177019,1.79852445177019,1.79852445177019,1.79852445177019,1.79852445177019,1.79852445177019,1.79852445177019,1.79852445177019,1.79852445177019,1.79852445177019,1.79852445177019,1.79852445177019,1.79852445177019,1.79852445177019,1.79852445177019,1.79852445177019,1.79852445177019,1.79852445177019,1.79852445177019,1,1,1,1,1,1,1,1,1,1,1,1,1,1,1,1,1,1,1,1,1,1,1,1,1,1,1,1,1,1,1,1,1,1,1,1,1,1,1,1
2.18774277121244,2.01003000673393,0.810037033515759,0.281326682052756,-0.769580150248098,0.573705023644993,-0.444008848160136,1.23675392856919,-1.17539162728024,1.20016640396131,-1.51377084435609,1.26172062705002,-1.08931686626086,0.921007252848199,-0.260955545482762,0.245738809148044,0.549981476550867,-1.22155573484056,-1.29258863556268,-1.74878727813264,1.51798897350362,-0.0814594639718305,0.899596216222339,1.9815018754227,-3.41998476154153,0.620147871376416,1.26640995309905,-0.643625007914487,-0.109757249210293,-0.392268600169118,-0.48480344416666,2.71791902857795,-2.36642559475744,-0.270930269718933,-0.362006703097213,-0.479160061403219,-1.83025360400516,-1.37802178707154,2.81111099242028,-0.629240620186192,0.204122372890132,0.171254026455714,0.138385680021299,0.105517333586882,0.0726489871524656,0.0397806407180497,0.00691229428363371,-0.025956052150784,-0.0588243985851999,-0.0916927450196159,-0.124561091454034,-0.157429437888448,-0.190297784322865,-0.22316613075728,-0.256034477191697,-0.288902823626115,-0.321771170060527,-0.354639516494947,-0.387507862929361,-0.420376209363779,-0.420376209363779,-0.420376209363779,-0.420376209363779,-0.420376209363779,-0.420376209363779,-0.420376209363779,-0.420376209363779,-0.420376209363779,-0.420376209363779,-0.420376209363779,-0.420376209363779,-0.420376209363779,-0.420376209363779,-0.420376209363779,-0.420376209363779,-0.420376209363779,-0.420376209363779,-0.420376209363779,-0.420376209363779,-0.420376209363779,-17.9016402439503,-13.507520106915,-9.82310899703791,-6.7912748281395,-4.3548855140401,-2.45680896856008,-1.03991310551984,-0.047065838739746,0.578864917959837,0.895011250758506,0.958505245835902,0.826478989371655,0.556064567545336,0.204394066536649,-0.171400427474843,-0.51418682830951,-0.766833049787703,-0.872207005729836,-0.773176609956266,-0.412609776287386,-0.412609776287386,-0.412609776287386,-0.412609776287386,-0.412609776287386,-0.412609776287386,-0.412609776287386,-0.412609776287386,-0.412609776287386,-0.412609776287386,-0.412609776287386,-0.412609776287386,-0.412609776287386,-0.412609776287386,-0.412609776287386,-0.412609776287386,-0.412609776287386,-0.412609776287386,-0.412609776287386,-0.412609776287386,-0.412609776287386,-3.5755512847105,-3.07953327129109,-2.58351525787169,-2.08749724445229,-1.59147923103288,-1.09546121761348,-0.609747192340001,-0.184571577186848,0.129854871921356,0.306576347193614,0.330293092150022,0.204451144319478,-0.00979183445844889,-0.203119182566699,-0.302350369959349,-0.317494000838037,-0.289809219938565,-0.236065278228686,-0.158754896042616,-0.068230894033956,-0.068230894033956,-0.068230894033956,-0.068230894033956,-0.068230894033956,-0.068230894033956,-0.068230894033956,-0.068230894033956,-0.068230894033956,-0.068230894033956,-0.068230894033956,-0.068230894033956,-0.068230894033956,-0.068230894033956,-0.068230894033956,-0.068230894033956,-0.068230894033956,-0.068230894033956,-0.068230894033956,-0.068230894033956,-0.068230894033956,1,1,1,1,1,1,1,1,1,1,1,1,1,1,1,1,1,1,1,1,1,1,1,1,1,1,1,1,1,1,1,1,1,1,1,1,1,1,1,1
-1.90841556850852,-2.24243661540009,-0.279392052277688,0.43374631498358,0.528163005886059,0.379324238068222,0.714828196907894,0.384195731329974,0.445398136102016,-1.12995515552015,-0.0208960240503249,-1.56210446772263,-0.103012722730254,0.113158480762259,0.478212095029825,-0.470124510052898,-1.64271583252051,1.23146978394366,1.64907968992545,0.889792539044757,-0.443986687319683,0.07717262663183,2.41232580138801,-0.447789611276596,-1.18117601694856,-1.30542089747539,-3.51542162115317,0.99205647764628,-0.400629908873062,-0.458780367612723,-0.505647876468821,-0.720919877243974,-0.941747050780011,1.94462636419467,-0.247446655907723,-0.28013745324229,2.37276837530602,1.33582045676571,1.29565939029225,0.0388812350476115,1.75618740122784,1.74561627930126,1.73504515737469,1.72447403544811,1.71390291352154,1.70333179159496,1.69276066966839,1.68218954774182,1.67161842581524,1.66104730388866,1.65047618196209,1.63990506003551,1.62933393810894,1.61876281618236,1.60819169425579,1.59762057232922,1.58704945040264,1.57647832847606,1.56590720654949,1.55533608462292,1.55533608462292,1.55533608462292,1.55533608462292,1.55533608462292,1.55533608462292,1.55533608462292,1.55533608462292,1.55533608462292,1.55533608462292,1.55533608462292,1.55533608462292,1.55533608462292,1.55533608462292,1.55533608462292,1.55533608462292,1.55533608462292,1.55533608462292,1.55533608462292,1.55533608462292,1.55533608462292,-2.71340240966862,-1.07662050423241,0.171401414003671,1.07438441939144,1.67604958628271,2.0201179890293,2.15031070198302,2.11034879949569,1.94395335591911,1.69484544560511,1.4067461429055,1.12337652217208,0.888457657756678,0.745710624011108,0.738856495287184,0.911616345936707,1.30771125031151,1.97086228276339,2.94479051764418,4.27321702930568,4.27321702930568,4.27321702930568,4.27321702930568,4.27321702930568,4.27321702930568,4.27321702930568,4.27321702930568,4.27321702930568,4.27321702930568,4.27321702930568,4.27321702930568,4.27321702930568,4.27321702930568,4.27321702930568,4.27321702930568,4.27321702930568,4.27321702930568,4.27321702930568,4.27321702930568,4.27321702930568,3.06443492451631,2.88000388880658,2.69557285309685,2.51114181738712,2.32671078167738,2.14227974596765,1.95694233334968,1.76837734036353,1.58526154571363,1.43092817744383,1.32916134177829,1.28746466924398,1.29855886142777,1.35314857666463,1.4454598802893,1.57316898307166,1.73643113528509,1.93062999836692,2.1414313497947,2.35529323221314,2.35529323221314,2.35529323221314,2.35529323221314,2.35529323221314,2.35529323221314,2.35529323221314,2.35529323221314,2.35529323221314,2.35529323221314,2.35529323221314,2.35529323221314,2.35529323221314,2.35529323221314,2.35529323221314,2.35529323221314,2.35529323221314,2.35529323221314,2.35529323221314,2.35529323221314,2.35529323221314,1,1,1,1,1,1,1,1,1,1,1,1,1,1,1,1,1,1,1,1,1,1,1,1,1,1,1,1,1,1,1,1,1,1,1,1,1,1,1,1
1.68975000391191,1.82334857839339,-1.27383422043385,0.10345521749424,0.296280236014694,0.697757275721028,1.0872079572134,-1.31425328788404,-1.03490905542523,-2.07618170234746,-1.5322368307017,1.90613352851861,0.950738350065317,1.55680847925019,-1.62071227977826,-0.742484683685595,-0.0506090529431731,-1.87088052703343,-0.632756689215453,-2.69044260004694,0.261019576123063,-1.34014281059574,1.35047553024601,1.78278232657164,2.60088123758363,2.74424374494875,-2.01966526193265,-1.03675163575349,0.861631089033635,-1.12383720467843,0.137528580088457,-1.64633233132144,0.812397376781627,-0.231192873969905,-0.506690926414537,-1.66604857900414,0.548779895868762,-2.87139762011336,-1.63209632295729,-1.8249468871722,-1.64322989326444,-1.58290968205415,-1.52258947084386,-1.46226925963357,-1.40194904842328,-1.34162883721299,-1.2813086260027,-1.22098841479241,-1.16066820358212,-1.10034799237183,-1.04002778116154,-0.97970756995125,-0.919387358740959,-0.85906714753067,-0.798746936320381,-0.73842672511009,-0.678106513899799,-0.61778630268951,-0.55746609147922,-0.497145880268929,-0.497145880268929,-0.497145880268929,-0.497145880268929,-0.497145880268929,-0.497145880268929,-0.497145880268929,-0.497145880268929,-0.497145880268929,-0.497145880268929,-0.497145880268929,-0.497145880268929,-0.497145880268929,-0.497145880268929,-0.497145880268929,-0.497145880268929,-0.497145880268929,-0.497145880268929,-0.497145880268929,-0.497145880268929,-0.497145880268929,23.7331657901644,16.36508474121,10.4319552042001,5.79660925634765,2.32187897486575,-0.129403563032633,-1.69440628013447,-2.51029709922674,-2.71424394309644,-2.44341473453055,-1.83497739631606,-1.02609985123999,-0.15395002208923,0.644304168349134,1.23149479728816,1.47045394194089,1.2240136795203,0.355006087239399,-1.27373675768879,-3.79938277805127,-3.79938277805127,-3.79938277805127,-3.79938277805127,-3.79938277805127,-3.79938277805127,-3.79938277805127,-3.79938277805127,-3.79938277805127,-3.79938277805127,-3.79938277805127,-3.79938277805127,-3.79938277805127,-3.79938277805127,-3.79938277805127,-3.79938277805127,-3.79938277805127,-3.79938277805127,-3.79938277805127,-3.79938277805127,-3.79938277805127,-2.45861556723662,-2.36488218199409,-2.27114879675153,-2.17741541150897,-2.08368202626641,-1.98994864102386,-1.89975015007147,-1.82008894146307,-1.70239327182443,-1.42885215697463,-0.930034738678865,-0.309893789644542,0.224517432429325,0.532288979869039,0.569024121964139,0.32151828896661,-0.190625477833809,-0.8945854343458,-1.70588103673212,-2.56311894542661,-2.56311894542661,-2.56311894542661,-2.56311894542661,-2.56311894542661,-2.56311894542661,-2.56311894542661,-2.56311894542661,-2.56311894542661,-2.56311894542661,-2.56311894542661,-2.56311894542661,-2.56311894542661,-2.56311894542661,-2.56311894542661,-2.56311894542661,-2.56311894542661,-2.56311894542661,-2.56311894542661,-2.56311894542661,-2.56311894542661,1,1,1,1,1,1,1,1,1,0,1,1,1,1,1,1,1,1,1,1,1,1,1,1,1,1,1,1,1,1,1,1,1,1,1,1,1,1,1,1
-2.06750813044629,1.80413025229112,-0.103007718779889,1.03088153218328,-0.597350239245685,0.699903340181518,0.284799522261867,-0.568887980307757,-2.18452193944597,-0.238667925328953,-0.728065359162219,-0.102674316963519,-0.325473188597339,0.397509524634229,-0.0529290505449662,-0.27417130987366,1.50916337215653,-1.69385113638647,-2.04798745921808,-0.329161096167034,2.6602390683448,0.33326265921407,-1.07881390972901,0.533522154111436,-0.715268022802315,1.25883773377838,-0.836067075787058,1.83709911088222,1.01507476542545,1.66501313416601,1.6319899815532,-1.3965201136974,1.79589735674914,1.41669941693711,1.70518586156771,0.902655250806095,-4.03185591739936,1.01761346573843,0.44741346251937,-1.08151076059157,-1.88202790007582,-1.71612932108154,-1.55023074208725,-1.38433216309296,-1.21843358409868,-1.05253500510439,-0.886636426110105,-0.720737847115817,-0.55483926812153,-0.388940689127244,-0.22304211013296,-0.0571435311386708,0.108755047855615,0.274653626849901,0.440552205844186,0.606450784838474,0.772349363832758,0.938247942827047,1.10414652182133,1.27004510081562,1.27004510081562,1.27004510081562,1.27004510081562,1.27004510081562,1.27004510081562,1.27004510081562,1.27004510081562,1.27004510081562,1.27004510081562,1.27004510081562,1.27004510081562,1.27004510081562,1.27004510081562,1.27004510081562,1.27004510081562,1.27004510081562,1.27004510081562,1.27004510081562,1.27004510081562,1.27004510081562,19.9704304337968,14.2312373298987,9.54533726161588,5.81894807598412,2.95828762003919,0.8695737408169,-0.540975714646965,-1.36714289931662,-1.70270996615626,-1.6414590681301,-1.27717235820234,-0.703631989337202,-0.0146201144988805,0.696081113348415,1.33468954124048,1.8074230162131,2.02049938530205,1.88013649554319,1.29255219397222,0.163964327624987,0.163964327624987,0.163964327624987,0.163964327624987,0.163964327624987,0.163964327624987,0.163964327624987,0.163964327624987,0.163964327624987,0.163964327624987,0.163964327624987,0.163964327624987,0.163964327624987,0.163964327624987,0.163964327624987,0.163964327624987,0.163964327624987,0.163964327624987,0.163964327624987,0.163964327624987,0.163964327624987,0.479179282723604,0.313955769627819,0.148732256532038,-0.0164912565637438,-0.181714769659527,-0.34693828275531,-0.509422486116996,-0.652124535797526,-0.743421977460052,-0.759063747438772,-0.695278054738338,-0.554223082672173,-0.333553041486022,-0.039320252370743,0.306868478156305,0.683338646126053,1.08062525025755,1.49399033807873,1.91503974778561,2.33669131773347,2.33669131773347,2.33669131773347,2.33669131773347,2.33669131773347,2.33669131773347,2.33669131773347,2.33669131773347,2.33669131773347,2.33669131773347,2.33669131773347,2.33669131773347,2.33669131773347,2.33669131773347,2.33669131773347,2.33669131773347,2.33669131773347,2.33669131773347,2.33669131773347,2.33669131773347,2.33669131773347,1,1,1,1,1,1,1,1,1,1,1,1,1,1,1,1,1,1,1,1,1,1,1,1,1,1,1,1,1,1,1,1,1,1,1,1,1,1,1,1
1.88331550550737,-0.26942364850533,0.647730060732948,-0.679863391480096,-2.78302482165339,-0.141779077965183,-1.51747954464706,0.656399294290948,-0.75171264797812,-0.475996605596103,0.274968702528174,-2.04671025692279,-0.136330548162601,-0.913230158671512,0.45543845895779,2.20920847902832,0.584373503296032,-0.502756081183993,1.96201223846818,0.685259220826245,1.0494331926286,0.343362012116756,0.20442049253141,-0.570129538729081,0.385553376496082,-2.46594867778333,-0.646749265521663,-1.04009397343824,1.34827754830239,-0.191584529823691,0.279751961386129,-0.631512913706754,0.771088093314413,0.46551132153829,1.93986238729507,-2.01483654985252,1.48176772116601,0.811829382252494,-0.102199091649709,0.38952766642846,-0.333134257005359,-0.319409625876808,-0.30568499474826,-0.291960363619707,-0.278235732491156,-0.26451110136261,-0.250786470234058,-0.237061839105506,-0.223337207976956,-0.209612576848407,-0.195887945719857,-0.182163314591307,-0.168438683462755,-0.154714052334207,-0.140989421205655,-0.127264790077103,-0.113540158948556,-0.0998155278200024,-0.0860908966914522,-0.0723662655629003,-0.0723662655629003,-0.0723662655629003,-0.0723662655629003,-0.0723662655629003,-0.0723662655629003,-0.0723662655629003,-0.0723662655629003,-0.0723662655629003,-0.0723662655629003,-0.0723662655629003,-0.0723662655629003,-0.0723662655629003,-0.0723662655629003,-0.0723662655629003,-0.0723662655629003,-0.0723662655629003,-0.0723662655629003,-0.0723662655629003,-0.0723662655629003,-0.0723662655629003,19.7793086675051,14.4320009059325,10.0225729855998,6.46953356335471,3.69139129604492,1.60665484051817,0.133832853622152,-0.808566007795401,-1.30203308688677,-1.42805972680425,-1.2681372707001,-0.903757061726633,-0.416410443036092,0.112411242219183,0.601216650886952,0.968514439814905,1.13281326585081,1.0126217858423,0.526448656637175,-0.4071974649169,-0.4071974649169,-0.4071974649169,-0.4071974649169,-0.4071974649169,-0.4071974649169,-0.4071974649169,-0.4071974649169,-0.4071974649169,-0.4071974649169,-0.4071974649169,-0.4071974649169,-0.4071974649169,-0.4071974649169,-0.4071974649169,-0.4071974649169,-0.4071974649169,-0.4071974649169,-0.4071974649169,-0.4071974649169,-0.4071974649169,1.32421081111809,1.09625251624251,0.868294221366916,0.640335926491333,0.412377631615746,0.184419336740159,-0.0391047174501917,-0.239597872759136,-0.408115076923229,-0.534348069687541,-0.593513011290907,-0.572532927269945,-0.492095069553676,-0.382729882484393,-0.251167565057537,-0.0821801537655791,0.137820756690283,0.408135271402497,0.715964581070262,1.04261847826313,1.04261847826313,1.04261847826313,1.04261847826313,1.04261847826313,1.04261847826313,1.04261847826313,1.04261847826313,1.04261847826313,1.04261847826313,1.04261847826313,1.04261847826313,1.04261847826313,1.04261847826313,1.04261847826313,1.04261847826313,1.04261847826313,1.04261847826313,1.04261847826313,1.04261847826313,1.04261847826313,1,1,1,1,1,1,1,1,1,1,1,1,1,1,1,1,1,1,1,1,1,1,1,1,1,1,1,1,1,1,1,1,1,1,1,1,1,1,1,1
-2.25979457691592,0.676593831391904,0.913293229984054,1.94385940243322,0.795410068847716,-0.92067211617961,1.19380232081859,-1.75464635343343,1.17867431905273,-0.0810599053752963,0.0817518433800597,-0.551964488626004,-0.34057935499421,1.63419719507454,3.54707625207885,-0.282972263136918,1.96346982576984,-0.923310386567989,-1.53045436679319,2.19075733644466,-0.763173547091696,2.74783715390307,1.64565335581629,-0.0234585833482299,0.0349816485797838,0.669032246956766,0.416940142521135,-0.789560416670305,-0.355271780223173,-1.19292460579794,-2.25297376454849,-0.0663988000399574,0.49172061395752,0.786308315651912,-0.0119416892781761,0.267482173107911,-1.88373564197361,1.51135242351759,-0.755921811191843,-1.94705417123459,-0.84346570404862,-0.734285409086635,-0.625105114124649,-0.515924819162661,-0.406744524200677,-0.29756422923869,-0.188383934276703,-0.0792036393147164,0.0299766556472676,0.139156950609253,0.248337245571239,0.357517540533227,0.466697835495211,0.5758781304572,0.685058425419184,0.79423872038117,0.903419015343159,1.01259931030514,1.12177960526713,1.23095990022911,1.23095990022911,1.23095990022911,1.23095990022911,1.23095990022911,1.23095990022911,1.23095990022911,1.23095990022911,1.23095990022911,1.23095990022911,1.23095990022911,1.23095990022911,1.23095990022911,1.23095990022911,1.23095990022911,1.23095990022911,1.23095990022911,1.23095990022911,1.23095990022911,1.23095990022911,1.23095990022911,-20.7365851281598,-15.3619856009767,-10.9063291440597,-7.28916509613296,-4.43004279592082,-2.24851158214752,-0.664120793537383,0.403580231185368,1.03504215329643,1.31071563407152,1.31105133478637,1.11649991671677,0.807512041138319,0.464538369326863,0.168029562558033,-0.00156371789245568,0.0362091892511867,0.361798945264768,1.05565621142382,2.19823164900415,2.19823164900415,2.19823164900415,2.19823164900415,2.19823164900415,2.19823164900415,2.19823164900415,2.19823164900415,2.19823164900415,2.19823164900415,2.19823164900415,2.19823164900415,2.19823164900415,2.19823164900415,2.19823164900415,2.19823164900415,2.19823164900415,2.19823164900415,2.19823164900415,2.19823164900415,2.19823164900415,0.104623931378516,0.0741632761268214,0.0437026208751279,0.0132419656234317,-0.0172186896282618,-0.0476793448799588,-0.0753538438612322,-0.086824000279405,-0.0690526124183588,-0.0146919093935001,0.0786326357161329,0.207321965655382,0.361382482670109,0.527312046735601,0.69212134402688,0.847476474939825,0.992637956509439,1.13235201041143,1.27111645015567,1.41034810804019,1.41034810804019,1.41034810804019,1.41034810804019,1.41034810804019,1.41034810804019,1.41034810804019,1.41034810804019,1.41034810804019,1.41034810804019,1.41034810804019,1.41034810804019,1.41034810804019,1.41034810804019,1.41034810804019,1.41034810804019,1.41034810804019,1.41034810804019,1.41034810804019,1.41034810804019,1.41034810804019,1,1,1,1,1,1,1,1,1,1,1,1,1,1,1,1,1,1,1,1,1,1,1,1,1,1,1,1,1,1,1,1,1,1,1,1,1,1,1,1
2.94662826834693,-0.955599661808251,-1.31639180740039,1.9074101664624,-1.41024808847837,0.527702662561895,0.933540638679439,-2.3065227450924,-0.79999128514326,-3.48498874753305,-0.164654964493383,-2.32369947755282,0.248229156190007,-0.511900631808992,1.08438380172975,-0.408299999658073,-1.83109339259048,1.92916146512866,-0.598812503548173,0.206182551408848,-1.17602975371093,0.837907770382172,1.36578915461554,2.92820265837734,-0.915430575395098,2.48958004679609,-1.74358065752986,0.658527914250914,1.14149577803826,0.307858411713607,1.36986896341948,2.15362308863436,-1.26212381173775,0.566246800053714,-3.47844618286669,-1.25469407830888,0.103948601746257,1.25795406656529,-0.101604711735019,-0.985472390885056,-0.354490447037513,-0.339830828149728,-0.325171209261943,-0.310511590374157,-0.295851971486373,-0.281192352598586,-0.2665327337108,-0.251873114823015,-0.237213495935229,-0.222553877047446,-0.20789425815966,-0.193234639271873,-0.178575020384088,-0.163915401496302,-0.149255782608517,-0.134596163720731,-0.119936544832944,-0.10527692594516,-0.090617307057375,-0.0759576881695896,-0.0759576881695896,-0.0759576881695896,-0.0759576881695896,-0.0759576881695896,-0.0759576881695896,-0.0759576881695896,-0.0759576881695896,-0.0759576881695896,-0.0759576881695896,-0.0759576881695896,-0.0759576881695896,-0.0759576881695896,-0.0759576881695896,-0.0759576881695896,-0.0759576881695896,-0.0759576881695896,-0.0759576881695896,-0.0759576881695896,-0.0759576881695896,-0.0759576881695896,9.14711610969641,7.5965980731419,6.11542403427141,4.71702534838395,3.4148333707785,2.22227945675405,1.15279496160959,0.219811240644121,-0.56324035084338,-1.18292845755391,-1.6258217241885,-1.87848879544813,-1.92749831603384,-1.75941893064662,-1.36081928398749,-0.718268020757442,0.181666214342499,1.35241477661133,2.80740902134803,4.56008030385158,4.56008030385158,4.56008030385158,4.56008030385158,4.56008030385158,4.56008030385158,4.56008030385158,4.56008030385158,4.56008030385158,4.56008030385158,4.56008030385158,4.56008030385158,4.56008030385158,4.56008030385158,4.56008030385158,4.56008030385158,4.56008030385158,4.56008030385158,4.56008030385158,4.56008030385158,4.56008030385158,2.50728234193064,2.13628173035013,1.76528111876963,1.39428050718912,1.02327989560861,0.652279284028109,0.287444837711085,-0.0464782130236241,-0.342160267158105,-0.591773000439293,-0.777616080084467,-0.899084936491317,-0.952178483760839,-0.892151613828274,-0.672132811428702,-0.291997961438568,0.225007412549731,0.854940667286719,1.55514846073572,2.27770592432007,2.27770592432007,2.27770592432007,2.27770592432007,2.27770592432007,2.27770592432007,2.27770592432007,2.27770592432007,2.27770592432007,2.27770592432007,2.27770592432007,2.27770592432007,2.27770592432007,2.27770592432007,2.27770592432007,2.27770592432007,2.27770592432007,2.27770592432007,2.27770592432007,2.27770592432007,2.27770592432007,1,1,1,1,1,1,1,1,1,1,1,1,1,1,1,1,1,1,1,1,1,1,1,1,1,1,1,1,1,1,1,1,1,1,1,1,1,1,1,1
-0.306932658089286,-0.35348646803889,-0.445488828191349,0.00516229921480971,-0.941805835456076,-0.485178754681839,-2.61394454112008,-2.51890673746138,-0.373459855405663,0.944506405607944,2.96393269043187,-0.951653341106077,-0.632276659319409,-0.803870825551655,-1.66131319474114,-0.318890477663478,0.280003739018095,0.559211050545949,0.225768996673434,-1.15534674399523,-0.698922833384295,1.0458435429469,0.332185451299679,4.3521305257483,1.79283575878653,-0.177344346768765,0.926494184472668,2.85289146365776,-1.73769574447933,1.32928644000958,-0.354395423298129,0.981725211715458,-0.21577110310262,-0.590171832497663,0.121126125451807,-1.14021733434992,-0.443769746415217,0.00488291004938013,-0.32792539084852,-0.703787056236862,2.7929126552674,2.4707077010537,2.14850274684,1.8262977926263,1.5040928384126,1.1818878841989,0.859682929985198,0.537477975771496,0.215273021557797,-0.106931932655902,-0.4291368868696,-0.751341841083299,-1.073546795297,-1.3957517495107,-1.7179567037244,-2.0401616579381,-2.3623666121518,-2.6845715663655,-3.0067765205792,-3.3289814747929,-3.3289814747929,-3.3289814747929,-3.3289814747929,-3.3289814747929,-3.3289814747929,-3.3289814747929,-3.3289814747929,-3.3289814747929,-3.3289814747929,-3.3289814747929,-3.3289814747929,-3.3289814747929,-3.3289814747929,-3.3289814747929,-3.3289814747929,-3.3289814747929,-3.3289814747929,-3.3289814747929,-3.3289814747929,-3.3289814747929,16.8594075873884,12.8593669716356,9.50084170943755,6.72724026822651,4.48197111543458,2.70844271849392,1.35006354483669,0.35024206189504,-0.347613262898877,-0.800093962112904,-1.06379156831488,-1.19529761407266,-1.25120363195409,-1.28810115452699,-1.36258171435925,-1.53123684401869,-1.85065807607314,-2.37743694309049,-3.16816497763852,-4.27943371228515,-4.27943371228515,-4.27943371228515,-4.27943371228515,-4.27943371228515,-4.27943371228515,-4.27943371228515,-4.27943371228515,-4.27943371228515,-4.27943371228515,-4.27943371228515,-4.27943371228515,-4.27943371228515,-4.27943371228515,-4.27943371228515,-4.27943371228515,-4.27943371228515,-4.27943371228515,-4.27943371228515,-4.27943371228515,-4.27943371228515,3.15926490420906,2.80652118557436,2.45377746693968,2.10103374830499,1.7482900296703,1.39554631103561,1.04390603746688,0.695735228882516,0.340386558505136,-0.0395140712568551,-0.449345318020285,-0.875063027565597,-1.28902758045138,-1.66359387430502,-1.9847972300249,-2.2537476685372,-2.48063831136117,-2.68567658900395,-2.89450881719517,-3.11683930559427,-3.11683930559427,-3.11683930559427,-3.11683930559427,-3.11683930559427,-3.11683930559427,-3.11683930559427,-3.11683930559427,-3.11683930559427,-3.11683930559427,-3.11683930559427,-3.11683930559427,-3.11683930559427,-3.11683930559427,-3.11683930559427,-3.11683930559427,-3.11683930559427,-3.11683930559427,-3.11683930559427,-3.11683930559427,-3.11683930559427,1,1,1,1,1,1,1,1,1,1,1,1,1,1,1,1,1,0,0,1,1,1,1,1,1,1,1,1,1,1,1,1,1,1,1,1,1,1,1,1
1.18834188763266,-1.6164454214915,1.9926377761835,-0.467871087469936,-0.932667087862079,0.217528419372034,0.191352572991453,-1.88962052713125,0.519170502481749,-1.88986405081476,-2.65367074796048,-3.26041937039268,-1.40604246010943,0.4900034689829,-1.6426360787924,-1.54686614201554,0.0537302386333849,1.29396581537983,0.484765799126894,2.49968810934792,0.151852578193777,0.66496904150463,0.140527027169911,-1.22976054413615,0.101699197071737,-3.81236061725497,-1.6068815922887,-0.460078926912734,-0.70326108006045,2.33465964175474,0.668423456583305,-1.81620157884623,0.906093358775371,1.00099273902473,-3.07694768142029,0.14561475780784,0.708288852874547,0.538237000916508,0.771805316866139,0.293715349546352,-2.70804000644799,-2.5985014931645,-2.48896297988101,-2.37942446659752,-2.26988595331403,-2.16034744003054,-2.05080892674705,-1.94127041346356,-1.83173190018007,-1.72219338689658,-1.61265487361309,-1.5031163603296,-1.39357784704611,-1.28403933376262,-1.17450082047913,-1.06496230719564,-0.955423793912155,-0.845885280628664,-0.736346767345175,-0.626808254061686,-0.626808254061686,-0.626808254061686,-0.626808254061686,-0.626808254061686,-0.626808254061686,-0.626808254061686,-0.626808254061686,-0.626808254061686,-0.626808254061686,-0.626808254061686,-0.626808254061686,-0.626808254061686,-0.626808254061686,-0.626808254061686,-0.626808254061686,-0.626808254061686,-0.626808254061686,-0.626808254061686,-0.626808254061686,-0.626808254061686,16.7309767625089,11.5741871962602,7.3597167847489,4.00330721023532,1.42070015497978,-0.472362698757387,-1.76013966871581,-2.5268890726352,-2.85686922825521,-2.83433845331548,-2.5435550655557,-2.06877738271553,-1.49426372253462,-0.904272402752648,-0.383061741109287,-0.0148900553441997,0.115984336802986,-0.074696882407455,-0.671192030715142,-1.75775942585976,-1.75775942585976,-1.75775942585976,-1.75775942585976,-1.75775942585976,-1.75775942585976,-1.75775942585976,-1.75775942585976,-1.75775942585976,-1.75775942585976,-1.75775942585976,-1.75775942585976,-1.75775942585976,-1.75775942585976,-1.75775942585976,-1.75775942585976,-1.75775942585976,-1.75775942585976,-1.75775942585976,-1.75775942585976,-1.75775942585976,-1.813887038273,-1.8291391545893,-1.84439127090561,-1.85964338722191,-1.87489550353822,-1.89014761985452,-1.90515538739696,-1.9169058532141,-1.91440989441865,-1.88343120422383,-1.81341534715645,-1.70054662439027,-1.55194452077487,-1.38526179890745,-1.21642896435241,-1.0498963642297,-0.884139492855487,-0.719597637968299,-0.557364635630829,-0.396586803990798,-0.396586803990798,-0.396586803990798,-0.396586803990798,-0.396586803990798,-0.396586803990798,-0.396586803990798,-0.396586803990798,-0.396586803990798,-0.396586803990798,-0.396586803990798,-0.396586803990798,-0.396586803990798,-0.396586803990798,-0.396586803990798,-0.396586803990798,-0.396586803990798,-0.396586803990798,-0.396586803990798,-0.396586803990798,-0.396586803990798,1,1,1,1,1,1,1,1,1,1,1,1,1,1,1,1,1,1,1,1,1,1,1,1,1,1,1,1,1,1,1,1,1,1,1,1,1,1,1,1
1.95900993396589,-1.58654291783485,-1.49547114328521,0.406911797863581,1.06769585717464,0.635706293337511,1.14471306754266,-2.25728594133632,0.539083663125199,0.0279579370369358,-1.15751173101907,0.231195207230748,2.17842940867369,0.0408951494994305,0.117628003752738,-0.243247820173881,-0.893044441382354,0.0839900028101894,-2.79465416619153,-0.153464642684691,-3.75409153311764,-2.88123902915674,1.06632140048246,-1.06077486859359,0.384379908332981,-2.03749152982931,-0.594520297996931,-0.253874972796254,-2.99611323870099,-0.24791860710215,0.67630351797451,-0.2620375574473,2.00428942528366,-0.119664936896333,0.10684306835023,1.92213709395426,-1.17650530262766,-0.573999181904682,-1.96481739830898,0.553131021531275,0.480540737877924,0.309065722586002,0.137590707294079,-0.0338843079978428,-0.205359323289766,-0.376834338581689,-0.548309353873609,-0.719784369165531,-0.891259384457454,-1.06273439974938,-1.2342094150413,-1.40568443033322,-1.57715944562514,-1.74863446091707,-1.92010947620899,-2.09158449150091,-2.26305950679283,-2.43453452208476,-2.60600953737667,-2.7774845526686,-2.7774845526686,-2.7774845526686,-2.7774845526686,-2.7774845526686,-2.7774845526686,-2.7774845526686,-2.7774845526686,-2.7774845526686,-2.7774845526686,-2.7774845526686,-2.7774845526686,-2.7774845526686,-2.7774845526686,-2.7774845526686,-2.7774845526686,-2.7774845526686,-2.7774845526686,-2.7774845526686,-2.7774845526686,-2.7774845526686,-21.2592182877127,-15.2513567617239,-10.4108629770822,-6.62758534563686,-3.79137227923699,-1.79207218973175,-0.519533488970248,0.13639541119835,0.285866098924899,0.0390301623602838,-0.493960810344642,-1.20295523103905,-1.97780151157206,-2.70834806379281,-3.28444329955042,-3.5959356306941,-3.53267346907291,-2.98450522653605,-1.84127931493264,0.00715585388815043,0.00715585388815043,0.00715585388815043,0.00715585388815043,0.00715585388815043,0.00715585388815043,0.00715585388815043,0.00715585388815043,0.00715585388815043,0.00715585388815043,0.00715585388815043,0.00715585388815043,0.00715585388815043,0.00715585388815043,0.00715585388815043,0.00715585388815043,0.00715585388815043,0.00715585388815043,0.00715585388815043,0.00715585388815043,0.00715585388815043,0.485975806082442,0.31376315215187,0.141550498221301,-0.030662155709269,-0.202874809639839,-0.375087463570409,-0.547290097958504,-0.719438326115075,-0.891503632670336,-1.06347181050224,-1.23531758297855,-1.40701769013218,-1.5785668120729,-1.74995618906321,-1.92115984929597,-2.09216521767051,-2.26299691476846,-2.43369343734432,-2.60428608003437,-2.774817087527,-2.774817087527,-2.774817087527,-2.774817087527,-2.774817087527,-2.774817087527,-2.774817087527,-2.774817087527,-2.774817087527,-2.774817087527,-2.774817087527,-2.774817087527,-2.774817087527,-2.774817087527,-2.774817087527,-2.774817087527,-2.774817087527,-2.774817087527,-2.774817087527,-2.774817087527,-2.774817087527,1,1,1,1,1,1,1,1,1,1,1,1,1,1,1,1,1,1,1,1,1,1,1,1,1,1,1,1,1,1,1,1,1,1,1,1,1,1,1,1
0.356364488382754,-1.4245412659056,0.0808240896421557,-0.927611392299443,0.00556706034490961,0.51923205590378,0.473232149764836,-3.17476256139873,1.00395744236727,-1.06591816456879,-0.239069471475654,0.399796295011878,0.129600136320271,0.902805478773757,0.514304561937712,-1.6660417311795,-1.40741568575647,-1.10811784576277,-0.654100292640369,0.738953429371769,-0.807085059213325,0.454406956573637,-0.109884534848399,0.300807497224284,1.11648409786758,-0.42785775483299,-0.291641090157077,-0.693691436135099,0.0715622197333463,-0.361422088817758,1.8036198284954,-0.637598952052102,1.29677696581716,2.50379785107359,1.21967722905277,-0.188452880230326,-0.409466282597611,0.120039644720425,-1.80046647814985,-2.49255823437286,-3.00104166460632,-2.73623680152975,-2.47143193845318,-2.20662707537661,-1.94182221230004,-1.67701734922347,-1.4122124861469,-1.14740762307033,-0.882602759993764,-0.617797896917194,-0.352993033840624,-0.0881881707640542,0.176616692312512,0.441421555389082,0.706226418465656,0.971031281542222,1.23583614461879,1.50064100769536,1.76544587077193,2.0302507338485,2.0302507338485,2.0302507338485,2.0302507338485,2.0302507338485,2.0302507338485,2.0302507338485,2.0302507338485,2.0302507338485,2.0302507338485,2.0302507338485,2.0302507338485,2.0302507338485,2.0302507338485,2.0302507338485,2.0302507338485,2.0302507338485,2.0302507338485,2.0302507338485,2.0302507338485,2.0302507338485,1.89664128302426,1.25413080698838,0.68144314054905,0.181016638772607,-0.244710343274613,-0.593299450526271,-0.862312327916031,-1.04931062037756,-1.15185597284451,-1.16751003025056,-1.09383443752937,-0.92839083961459,-0.668740881439895,-0.312446207938949,0.142931535954586,0.699830705307052,1.36068965518478,2.12794674065411,3.00404031678137,3.99140873863291,3.99140873863291,3.99140873863291,3.99140873863291,3.99140873863291,3.99140873863291,3.99140873863291,3.99140873863291,3.99140873863291,3.99140873863291,3.99140873863291,3.99140873863291,3.99140873863291,3.99140873863291,3.99140873863291,3.99140873863291,3.99140873863291,3.99140873863291,3.99140873863291,3.99140873863291,3.99140873863291,-0.432538531668968,-0.513959876152311,-0.595381220635653,-0.676802565118995,-0.758223909602336,-0.839645254085676,-0.92039267005099,-0.992532343258764,-1.03043986202363,-1.01348904001384,-0.939482106118785,-0.802499028113132,-0.582944675475389,-0.264933650291058,0.15941579647609,0.698911312169157,1.35554773944172,2.11254767515421,2.93892717020974,3.7990289613319,3.7990289613319,3.7990289613319,3.7990289613319,3.7990289613319,3.7990289613319,3.7990289613319,3.7990289613319,3.7990289613319,3.7990289613319,3.7990289613319,3.7990289613319,3.7990289613319,3.7990289613319,3.7990289613319,3.7990289613319,3.7990289613319,3.7990289613319,3.7990289613319,3.7990289613319,3.7990289613319,1,1,1,1,1,1,1,1,1,1,1,1,1,1,1,1,1,1,1,1,1,1,1,1,1,1,1,1,1,1,1,1,1,1,1,1,1,1,1,1
1.82160824259188,0.0801109045132451,-2.8916117209616,-3.11288192003773,0.480500578722199,-2.20209102180227,-0.544110800916032,-0.0643861954657758,-1.70183019859112,2.0567197451034,0.465293909083673,-3.26907612864916,-1.3343679872485,0.119516786179959,0.440717256648165,0.71092003856754,-2.41079043029851,-2.21710167454352,1.93177260213152,-1.11233352038094,-1.15066305076659,0.834060030466786,1.95874100095368,-3.31477981051817,-1.91113017602164,0.643976168576168,-0.777007364951864,-0.230134145620905,-1.21300398111681,0.890349418782392,-0.992204499267409,-0.161421413936294,2.50344858863075,-0.371448769505966,1.25794724189059,-1.35708682717819,3.35915758573623,-0.616667496449837,0.591332845269616,1.88567546975323,3.6923287330385,3.32578851795703,2.95924830287555,2.59270808779407,2.2261678727126,1.85962765763112,1.49308744254964,1.12654722746816,0.760007012386687,0.39346679730521,0.0269265822237355,-0.339613632857743,-0.706153847939218,-1.0726940630207,-1.43923427810217,-1.80577449318365,-2.17231470826512,-2.5388549233466,-2.90539513842808,-3.27193535350956,-3.27193535350956,-3.27193535350956,-3.27193535350956,-3.27193535350956,-3.27193535350956,-3.27193535350956,-3.27193535350956,-3.27193535350956,-3.27193535350956,-3.27193535350956,-3.27193535350956,-3.27193535350956,-3.27193535350956,-3.27193535350956,-3.27193535350956,-3.27193535350956,-3.27193535350956,-3.27193535350956,-3.27193535350956,-3.27193535350956,8.30067532980656,6.60662197717981,5.17036048013446,3.9665098914016,2.9696892637123,2.15451764979765,1.49561410238874,0.967597674216664,0.545087418012505,0.202702386507342,-0.0849383675677284,-0.343215791481621,-0.597510832503248,-0.873204437901544,-1.19567755494537,-1.59031113090369,-2.08248611304539,-2.69758344863939,-3.46098408495461,-4.39806896925997,-4.39806896925997,-4.39806896925997,-4.39806896925997,-4.39806896925997,-4.39806896925997,-4.39806896925997,-4.39806896925997,-4.39806896925997,-4.39806896925997,-4.39806896925997,-4.39806896925997,-4.39806896925997,-4.39806896925997,-4.39806896925997,-4.39806896925997,-4.39806896925997,-4.39806896925997,-4.39806896925997,-4.39806896925997,-4.39806896925997,3.55981717092681,3.21147049251785,2.86312381410889,2.51477713569993,2.16643045729097,1.818083778882,1.46961234501042,1.12027694334651,0.768816803571879,0.414213008080367,0.0558330678185062,-0.307151452060543,-0.675494535022841,-1.04891471602105,-1.42625606956321,-1.80652149591617,-2.1890169795401,-2.57278993465095,-2.9567819087899,-3.34054062436773,-3.34054062436773,-3.34054062436773,-3.34054062436773,-3.34054062436773,-3.34054062436773,-3.34054062436773,-3.34054062436773,-3.34054062436773,-3.34054062436773,-3.34054062436773,-3.34054062436773,-3.34054062436773,-3.34054062436773,-3.34054062436773,-3.34054062436773,-3.34054062436773,-3.34054062436773,-3.34054062436773,-3.34054062436773,-3.34054062436773,1,1,1,1,1,1,1,1,1,1,1,1,1,1,1,1,1,1,1,1,1,1,1,1,1,1,1,1,1,1,1,1,1,1,1,1,1,1,1,1
0.477174900085156,0.620537942961516,1.46990101830494,-1.14009074749549,-0.684761260280484,-2.29771886709996,1.59906831241332,-1.4003769970934,-0.497485510741154,0.84334783149291,-1.76733062768351,-1.70780936416098,1.77815407069792,0.378431991094306,-0.435265054459631,2.30697475233881,-0.648854897110585,0.324175781725343,-0.897269251888533,-0.983610362877039,0.443051569514479,0.837793009324029,-0.30463396929688,0.970749625102053,2.32505619517064,1.71104880490747,2.42360721612084,-2.73636536318565,0.279747914291399,-0.269452084383358,-0.573636193947973,1.63462620949239,0.862422080197334,-4.45466675909453,-0.31123630633909,-0.407990753101176,-0.200209495928551,-2.01128170431896,1.59965323950784,-0.0325889827424319,1.03872703880918,0.886311456061322,0.73389587331347,0.581480290565616,0.429064707817764,0.276649125069913,0.12423354232206,-0.0281820404257953,-0.18059762317365,-0.333013205921501,-0.485428788669354,-0.637844371417208,-0.790259954165061,-0.942675536912912,-1.09509111966076,-1.24750670240862,-1.39992228515647,-1.55233786790433,-1.70475345065218,-1.85716903340003,-1.85716903340003,-1.85716903340003,-1.85716903340003,-1.85716903340003,-1.85716903340003,-1.85716903340003,-1.85716903340003,-1.85716903340003,-1.85716903340003,-1.85716903340003,-1.85716903340003,-1.85716903340003,-1.85716903340003,-1.85716903340003,-1.85716903340003,-1.85716903340003,-1.85716903340003,-1.85716903340003,-1.85716903340003,-1.85716903340003,-3.24651613418569,-2.26404928531111,-1.48666552807892,-0.89510693420803,-0.47011557541731,-0.19243352342565,-0.0428028499519293,-0.00196562671503919,-0.0506639254338594,-0.169639817827278,-0.339635375614172,-0.541392670513439,-0.75565377424395,-0.963160758524596,-1.14465569507426,-1.28088065561182,-1.35257771185618,-1.34048893552621,-1.2253563983408,-0.987922172018813,-0.987922172018813,-0.987922172018813,-0.987922172018813,-0.987922172018813,-0.987922172018813,-0.987922172018813,-0.987922172018813,-0.987922172018813,-0.987922172018813,-0.987922172018813,-0.987922172018813,-0.987922172018813,-0.987922172018813,-0.987922172018813,-0.987922172018813,-0.987922172018813,-0.987922172018813,-0.987922172018813,-0.987922172018813,-0.987922172018813,-1.63732429389673,-1.44545063691126,-1.25357697992577,-1.0617033229403,-0.86982966595482,-0.677956008969345,-0.496331252291974,-0.366772651325967,-0.297234303061263,-0.263823842666332,-0.252221581377581,-0.266161046590156,-0.324844139436951,-0.464805502918903,-0.712819295028073,-1.0490303702296,-1.42136425572521,-1.79592805234273,-2.17272524931217,-2.55743092367467,-2.55743092367467,-2.55743092367467,-2.55743092367467,-2.55743092367467,-2.55743092367467,-2.55743092367467,-2.55743092367467,-2.55743092367467,-2.55743092367467,-2.55743092367467,-2.55743092367467,-2.55743092367467,-2.55743092367467,-2.55743092367467,-2.55743092367467,-2.55743092367467,-2.55743092367467,-2.55743092367467,-2.55743092367467,-2.55743092367467,1,1,1,1,1,1,1,1,1,1,1,1,1,1,1,1,1,1,1,1,1,1,1,1,1,1,1,1,1,1,1,1,1,1,1,1,1,1,1,1
0.311482828063924,0.797849790056465,0.133596519740889,0.0578149662943428,2.17547141812651,-0.0739740478957369,1.18083424631368,-1.02534683823357,0.749111331054598,2.76082272569744,2.86847002691745,-1.8049032108388,0.674400725575724,-1.5801381362181,-1.14205243338403,1.94360001619805,-1.4752074805343,1.23972657237031,-3.09375745016475,-0.92168198851153,0.826790504419005,1.20482314790823,2.63728570586693,-0.22378791496747,2.46722551783571,-2.67097105590203,-0.65865490846986,0.617297400226841,0.643151458604702,0.345980602170163,-1.88499834292839,2.44234348199422,-0.749436203504391,1.04955249594883,1.19994014488115,-3.72175526157624,-0.703147390076779,0.24815150883798,-1.15941684111513,0.733321319380066,4.23029592096191,3.91194663576077,3.59359735055963,3.2752480653585,2.95689878015736,2.63854949495623,2.32020020975509,2.00185092455396,1.68350163935282,1.36515235415168,1.04680306895055,0.72845378374941,0.410104498548275,0.0917552133471382,-0.226594071853997,-0.544943357055132,-0.863292642256271,-1.1816419274574,-1.49999121265854,-1.81834049785968,-1.81834049785968,-1.81834049785968,-1.81834049785968,-1.81834049785968,-1.81834049785968,-1.81834049785968,-1.81834049785968,-1.81834049785968,-1.81834049785968,-1.81834049785968,-1.81834049785968,-1.81834049785968,-1.81834049785968,-1.81834049785968,-1.81834049785968,-1.81834049785968,-1.81834049785968,-1.81834049785968,-1.81834049785968,-1.81834049785968,14.4722269319506,11.6155933188585,9.16648124901178,7.09245080039269,5.36106205098344,3.93987507876625,2.79644996172334,1.8983467778369,1.21312560508917,0.708346521462362,0.351569604938687,0.110354933500371,-0.047737414870392,-0.155147362191371,-0.244314830480343,-0.347679741755114,-0.497682018033453,-0.726761581333133,-1.06735835367197,-1.55191225706774,-1.55191225706774,-1.55191225706774,-1.55191225706774,-1.55191225706774,-1.55191225706774,-1.55191225706774,-1.55191225706774,-1.55191225706774,-1.55191225706774,-1.55191225706774,-1.55191225706774,-1.55191225706774,-1.55191225706774,-1.55191225706774,-1.55191225706774,-1.55191225706774,-1.55191225706774,-1.55191225706774,-1.55191225706774,-1.55191225706774,5.37654774106718,4.90651173578157,4.43647573049594,3.96643972521032,3.4964037199247,3.02636771463908,2.55698962151518,2.09295450749611,1.64465142854489,1.22056922032854,0.82496348243855,0.465225931232073,0.149789330042209,-0.124718915974711,-0.374019937013598,-0.611877673255437,-0.842899806882009,-1.06849691055097,-1.29169637699887,-1.51494765157306,-1.51494765157306,-1.51494765157306,-1.51494765157306,-1.51494765157306,-1.51494765157306,-1.51494765157306,-1.51494765157306,-1.51494765157306,-1.51494765157306,-1.51494765157306,-1.51494765157306,-1.51494765157306,-1.51494765157306,-1.51494765157306,-1.51494765157306,-1.51494765157306,-1.51494765157306,-1.51494765157306,-1.51494765157306,-1.51494765157306,1,1,1,1,1,1,0,1,1,1,1,1,1,1,1,1,1,1,1,1,1,1,1,1,1,1,1,1,1,1,1,1,1,1,1,1,1,1,1,1
-1.71210513503269,-0.26565704301161,-2.77451745525295,1.05586980414878,1.22146698000396,-1.71609630799934,-1.26427236052404,0.20835508042208,-0.869086411144266,-0.059691423940281,-0.953176121842496,2.70961572624112,1.39549218193207,-0.129124997550138,1.47755939426018,0.644860450887398,-1.23100677282053,2.76222594260043,2.05205055402938,-1.09295999588327,0.130235956773907,1.87609808785543,1.61259974227053,-0.52399094010423,-1.62105463581278,0.0538140118311023,1.45595385749195,-0.43192880793166,2.46018823204259,-0.200456035287015,-1.75635187738069,-2.27249534219104,0.372382385744221,0.0317828879930637,-0.0866615876729746,-0.221865720228351,-0.736628475790155,1.022901798527,-1.34230043301814,-0.280456284440099,-0.881493824785029,-0.848758644271205,-0.816023463757379,-0.783288283243555,-0.75055310272973,-0.717817922215905,-0.685082741702079,-0.652347561188256,-0.619612380674431,-0.586877200160608,-0.554142019646781,-0.521406839132956,-0.488671658619133,-0.455936478105308,-0.423201297591483,-0.390466117077658,-0.357730936563835,-0.324995756050008,-0.292260575536183,-0.25952539502236,-0.25952539502236,-0.25952539502236,-0.25952539502236,-0.25952539502236,-0.25952539502236,-0.25952539502236,-0.25952539502236,-0.25952539502236,-0.25952539502236,-0.25952539502236,-0.25952539502236,-0.25952539502236,-0.25952539502236,-0.25952539502236,-0.25952539502236,-0.25952539502236,-0.25952539502236,-0.25952539502236,-0.25952539502236,-0.25952539502236,6.16134321696915,3.92922284580494,2.1715363611542,0.840154335568275,-0.113052658401481,-0.736214048203685,-1.077459261287,-1.18491772510007,-1.10671886709153,-0.890992114710023,-0.585866895404177,-0.239472636622667,0.10006123418589,0.384605289572837,0.566030102089547,0.596206244287362,0.427004288717658,0.0102948079317819,-0.702051625518921,-1.75816443908308,-1.75816443908308,-1.75816443908308,-1.75816443908308,-1.75816443908308,-1.75816443908308,-1.75816443908308,-1.75816443908308,-1.75816443908308,-1.75816443908308,-1.75816443908308,-1.75816443908308,-1.75816443908308,-1.75816443908308,-1.75816443908308,-1.75816443908308,-1.75816443908308,-1.75816443908308,-1.75816443908308,-1.75816443908308,-1.75816443908308,-1.50333296333811,-1.41055605481422,-1.31777914629033,-1.22500223776645,-1.13222532924256,-1.03944842071868,-0.935236483242469,-0.771925506423669,-0.543915303523063,-0.321799741898005,-0.199407954645302,-0.211802076388038,-0.309268220913811,-0.411611321575709,-0.47542427141585,-0.501997669500057,-0.498993251455667,-0.459601634568436,-0.378561994328637,-0.269888198598926,-0.269888198598926,-0.269888198598926,-0.269888198598926,-0.269888198598926,-0.269888198598926,-0.269888198598926,-0.269888198598926,-0.269888198598926,-0.269888198598926,-0.269888198598926,-0.269888198598926,-0.269888198598926,-0.269888198598926,-0.269888198598926,-0.269888198598926,-0.269888198598926,-0.269888198598926,-0.269888198598926,-0.269888198598926,-0.269888198598926,1,1,1,1,1,1,1,1,1,1,1,1,1,1,1,1,1,1,1,1,1,1,1,1,1,1,1,1,1,1,1,1,1,1,1,1,1,1,1,1
-0.282417310301191,-1.40637631215233,-1.39052297622565,1.60521405322441,1.2243555759125,1.25940670968955,0.0974152120724145,0.452952054239256,1.35648084063407,2.96300062017097,-0.864372168561001,2.5127923107663,0.979269359673102,2.48610727132189,-0.514758002650007,0.10885044855771,-0.831288419031301,0.864828500010827,-0.406852879444113,-1.34058987567256,1.21798741060971,-0.838987245781736,-0.554406326699663,-2.19425294440604,0.183685626883687,0.066970650107514,-0.101350640642808,1.83606930032437,-1.11476737883094,1.28731079926283,1.07523711044431,-0.364993013662845,0.863267406962288,-0.869205630161868,-0.411097696808417,-1.36110776641899,-0.786002056461143,0.550958224227687,-0.65163840627719,-3.29284496319808,2.33072048832983,2.21855454607475,2.10638860381968,1.99422266156461,1.88205671930953,1.76989077705446,1.65772483479938,1.54555889254431,1.43339295028924,1.32122700803416,1.20906106577909,1.09689512352402,0.984729181268941,0.87256323901387,0.760397296758795,0.64823135450372,0.536065412248648,0.423899469993575,0.3117335277385,0.199567585483429,0.199567585483429,0.199567585483429,0.199567585483429,0.199567585483429,0.199567585483429,0.199567585483429,0.199567585483429,0.199567585483429,0.199567585483429,0.199567585483429,0.199567585483429,0.199567585483429,0.199567585483429,0.199567585483429,0.199567585483429,0.199567585483429,0.199567585483429,0.199567585483429,0.199567585483429,0.199567585483429,3.71737022597226,2.79414837008256,2.10428323423192,1.61924267269319,1.31049453973919,1.14950668964277,1.10774697667676,1.156683255114,1.26778337922733,1.4125152032896,1.56234658157364,1.68874536835227,1.76317941789836,1.75711658448472,1.64202472238422,1.38937168586965,0.970625329213897,0.357253506689766,-0.479275927429866,-1.5674951188722,-1.5674951188722,-1.5674951188722,-1.5674951188722,-1.5674951188722,-1.5674951188722,-1.5674951188722,-1.5674951188722,-1.5674951188722,-1.5674951188722,-1.5674951188722,-1.5674951188722,-1.5674951188722,-1.5674951188722,-1.5674951188722,-1.5674951188722,-1.5674951188722,-1.5674951188722,-1.5674951188722,-1.5674951188722,-1.5674951188722,4.63793977706717,4.1223006667235,3.60666155637986,3.09102244603619,2.57538333569252,2.05974422534887,1.56906491166075,1.22364321345741,1.12240639107796,1.2198525681789,1.34175329080128,1.34391043875928,1.23370813110942,1.10197188329274,0.98378986873673,0.851535393638496,0.69332947342475,0.51134769929395,0.283527482658432,0.00563805551806418,0.00563805551806418,0.00563805551806418,0.00563805551806418,0.00563805551806418,0.00563805551806418,0.00563805551806418,0.00563805551806418,0.00563805551806418,0.00563805551806418,0.00563805551806418,0.00563805551806418,0.00563805551806418,0.00563805551806418,0.00563805551806418,0.00563805551806418,0.00563805551806418,0.00563805551806418,0.00563805551806418,0.00563805551806418,0.00563805551806418,1,1,1,1,1,1,1,1,1,1,1,1,1,1,1,1,1,1,1,1,1,1,1,1,1,1,1,1,1,1,1,1,1,1,1,1,1,1,1,1
-1.15254633943625,0.204791006866647,-0.727151019250595,-0.900367643037321,-1.45898965917183,0.996714546807461,1.35607657245013,0.197590524657073,-2.11605614104443,-2.09451371717878,-1.40988602108737,1.00455213804731,-0.220711353535213,-1.22125877926332,-1.12511991716163,0.559036711259038,-1.2238426444352,1.46501425547931,-1.94086044825555,-0.706734263903696,-0.241607302308568,-0.698384624556107,-1.58665405491884,-0.433480133245206,1.07942066349078,-0.476658171658142,-2.86920822104832,-0.218415647399809,1.98371768566765,-1.95982247817757,1.09796670101111,0.0232403708169269,-1.26045624982014,1.35241702785203,-0.254258636944263,0.896250494762196,0.0464290016025082,1.16086376964845,-2.77607854632476,0.51555828033783,-2.06826398751315,-2.01047301431518,-1.95268204111722,-1.89489106791926,-1.8371000947213,-1.77930912152333,-1.72151814832537,-1.66372717512741,-1.60593620192945,-1.54814522873148,-1.49035425553352,-1.43256328233556,-1.3747723091376,-1.31698133593964,-1.25919036274167,-1.20139938954371,-1.14360841634575,-1.08581744314778,-1.02802646994982,-0.970235496751858,-0.970235496751858,-0.970235496751858,-0.970235496751858,-0.970235496751858,-0.970235496751858,-0.970235496751858,-0.970235496751858,-0.970235496751858,-0.970235496751858,-0.970235496751858,-0.970235496751858,-0.970235496751858,-0.970235496751858,-0.970235496751858,-0.970235496751858,-0.970235496751858,-0.970235496751858,-0.970235496751858,-0.970235496751858,-0.970235496751858,-14.5796853195892,-10.4075190591123,-7.11468523983764,-4.61000294248254,-2.80229124776438,-1.6003692364005,-0.913055989108281,-0.649170586605047,-0.717532109608166,-1.02695963883497,-1.48627225500287,-2.00428903882917,-2.48982907103126,-2.85171143232646,-2.99875520343215,-2.83977946506569,-2.28360329794443,-1.23904578278566,0.385073999693185,2.6799369687747,2.6799369687747,2.6799369687747,2.6799369687747,2.6799369687747,2.6799369687747,2.6799369687747,2.6799369687747,2.6799369687747,2.6799369687747,2.6799369687747,2.6799369687747,2.6799369687747,2.6799369687747,2.6799369687747,2.6799369687747,2.6799369687747,2.6799369687747,2.6799369687747,2.6799369687747,2.6799369687747,-2.18496504151135,-2.04165059696645,-1.89833615242157,-1.75502170787669,-1.6117072633318,-1.46839281878691,-1.34410341406647,-1.31405722556299,-1.38461913156373,-1.51678317331976,-1.68815625502604,-1.85516003092916,-1.94674149231628,-1.92391279729527,-1.7843317150318,-1.5395997942809,-1.23048762811915,-0.902111732986363,-0.552473604814898,-0.170662291782449,-0.170662291782449,-0.170662291782449,-0.170662291782449,-0.170662291782449,-0.170662291782449,-0.170662291782449,-0.170662291782449,-0.170662291782449,-0.170662291782449,-0.170662291782449,-0.170662291782449,-0.170662291782449,-0.170662291782449,-0.170662291782449,-0.170662291782449,-0.170662291782449,-0.170662291782449,-0.170662291782449,-0.170662291782449,-0.170662291782449,1,1,1,1,1,1,1,1,1,1,1,1,1,0,1,1,1,1,1,1,1,1,1,1,1,1,1,1,1,1,1,1,1,1,1,1,1,1,1,1
1.00956671755949,0.32270801470452,-0.0584778061538049,-0.355568381145805,-1.0261549890192,1.30632807467761,-1.37517525460066,0.220163016476763,-2.17401944116825,-1.18239805642906,0.648142765695964,1.25161317366947,1.56446690980966,0.0240963131993333,-1.1410697488525,-0.690516379521609,-1.52897775742257,-0.305936094333491,1.27980657896977,-0.7732975183742,0.32389695283525,2.95167818521371,-2.80509132309493,-0.915726136204697,0.825040126083136,-0.309367807088,1.32045019975474,0.894223201585149,-1.55629908750528,-1.90469296561876,0.741764804434572,1.12886667264394,0.726083105792585,-0.542567776108999,0.222779756590587,-2.45825489278862,-2.59772038267075,-1.05794038513427,-1.48958934183202,-0.647773579441516,-1.48049066940674,-1.28972389701749,-1.09895712462824,-0.908190352238989,-0.717423579849737,-0.526656807460487,-0.335890035071236,-0.145123262681984,0.0456435097072649,0.236410282096518,0.427177054485767,0.617943826875017,0.80871059926427,0.999477371653519,1.19024414404277,1.38101091643202,1.57177768882127,1.76254446121052,1.95331123359977,2.14407800598902,2.14407800598902,2.14407800598902,2.14407800598902,2.14407800598902,2.14407800598902,2.14407800598902,2.14407800598902,2.14407800598902,2.14407800598902,2.14407800598902,2.14407800598902,2.14407800598902,2.14407800598902,2.14407800598902,2.14407800598902,2.14407800598902,2.14407800598902,2.14407800598902,2.14407800598902,2.14407800598902,12.6605931632579,9.94002830699585,7.551795433916,5.48306156208949,3.72099370958744,2.25275889448096,1.06552413484119,0.146456448739231,-0.517277145753784,-0.938509630566735,-1.1300739876285,-1.10480319886796,-0.875530246214002,-0.455088111595497,0.143690223058671,0.907971775819638,1.8249235647585,2.8817126079464,4.06550592345445,5.36347052935377,5.36347052935377,5.36347052935377,5.36347052935377,5.36347052935377,5.36347052935377,5.36347052935377,5.36347052935377,5.36347052935377,5.36347052935377,5.36347052935377,5.36347052935377,5.36347052935377,5.36347052935377,5.36347052935377,5.36347052935377,5.36347052935377,5.36347052935377,5.36347052935377,5.36347052935377,5.36347052935377,2.22689990510889,1.90580907278737,1.58471824046585,1.26362740814433,0.94253657582281,0.621445743501291,0.3076875200566,0.0351349197802548,-0.16854144391009,-0.287472092828905,-0.307508170739304,-0.221121671636908,-0.0296410622748375,0.264175988567704,0.658410757160276,1.15274654664627,1.7457678328246,2.41650396527932,3.11987498379152,3.82249935967912,3.82249935967912,3.82249935967912,3.82249935967912,3.82249935967912,3.82249935967912,3.82249935967912,3.82249935967912,3.82249935967912,3.82249935967912,3.82249935967912,3.82249935967912,3.82249935967912,3.82249935967912,3.82249935967912,3.82249935967912,3.82249935967912,3.82249935967912,3.82249935967912,3.82249935967912,3.82249935967912,1,1,1,1,1,1,1,1,1,1,1,1,1,1,1,1,1,1,1,1,1,1,1,1,1,1,1,1,1,1,1,1,1,1,1,1,1,1,1,1
-1.49137750935548,1.58391010171821,-1.82016979127259,1.29070490670432,-1.43875833227079,-1.74425534372589,-1.61154175383871,-1.22677879322491,-1.66980804740684,-1.9347300216598,-2.70515525496496,0.711848761674881,2.0080410209929,1.32678205759933,2.20235772776475,1.45715226628293,1.99907585133913,-0.150902623610268,-1.46078109817117,-1.88323731282051,-0.942358915165116,1.21142556763851,-2.8477777608488,0.753698936452999,-1.05387286464013,1.40553129592181,-0.0507532533439452,-0.68775125470208,2.1689161642149,0.790057941166397,0.148891111372759,2.26655010352642,1.38738831024738,1.07142398066288,-0.670024537056944,-1.82097282189257,-3.42767753380143,1.46258549303855,0.618517159377296,-2.2812510323168,-1.54912683067059,-1.40621261561136,-1.26329840055212,-1.12038418549289,-0.977469970433654,-0.834555755374419,-0.691641540315185,-0.548727325255951,-0.405813110196716,-0.262898895137482,-0.119984680078247,0.022929534980987,0.165843750040219,0.308757965099456,0.45167218015869,0.594586395217926,0.737500610277159,0.880414825336395,1.02332904039563,1.16624325545486,1.16624325545486,1.16624325545486,1.16624325545486,1.16624325545486,1.16624325545486,1.16624325545486,1.16624325545486,1.16624325545486,1.16624325545486,1.16624325545486,1.16624325545486,1.16624325545486,1.16624325545486,1.16624325545486,1.16624325545486,1.16624325545486,1.16624325545486,1.16624325545486,1.16624325545486,1.16624325545486,-6.92119751157978,-4.53759796088924,-2.71864897169353,-1.39886332011084,-0.512753782259378,0.00516686574267133,0.220385847777106,0.198390387725716,0.00466770947031669,-0.295294963107287,-0.636010406125292,-0.951991395701921,-1.17775070795531,-1.24780111900373,-1.09665540496533,-0.658826341958383,0.131173293899023,1.33883072648863,3.02963317969225,5.26906787739165,5.26906787739165,5.26906787739165,5.26906787739165,5.26906787739165,5.26906787739165,5.26906787739165,5.26906787739165,5.26906787739165,5.26906787739165,5.26906787739165,5.26906787739165,5.26906787739165,5.26906787739165,5.26906787739165,5.26906787739165,5.26906787739165,5.26906787739165,5.26906787739165,5.26906787739165,5.26906787739165,2.59673542009973,2.160404522241,1.72407362438224,1.28774272652348,0.851411828664745,0.415080930805989,-0.00413876100919097,-0.352149790393367,-0.682665904668211,-1.03005435796783,-1.22678710515951,-1.06688994518045,-0.607061028921384,-0.098609247517718,0.337268382266632,0.74965569906691,1.15133098728861,1.52310420369591,1.93969387226949,2.45497502475321,2.45497502475321,2.45497502475321,2.45497502475321,2.45497502475321,2.45497502475321,2.45497502475321,2.45497502475321,2.45497502475321,2.45497502475321,2.45497502475321,2.45497502475321,2.45497502475321,2.45497502475321,2.45497502475321,2.45497502475321,2.45497502475321,2.45497502475321,2.45497502475321,2.45497502475321,2.45497502475321,1,1,1,1,1,1,1,1,1,1,1,1,1,1,1,1,1,1,1,0,0,0,0,0,0,0,0,0,0,0,0,0,0,0,0,0,0,0,0,0
-0.0539308835592092,-1.7806303200331,-1.34259777290964,-2.20539944298526,2.31676607242623,-0.331040811233523,1.72692448115525,1.36641236180952,-1.91992349364757,0.833969163436773,1.31079613566518,0.350525433663616,-2.13717439901096,1.47622086869378,1.12534090832639,-1.0276809073248,-1.32656828709518,3.15539391929482,-1.28761820886207,0.0680334877489965,-1.11090511072617,-0.163717650182214,-1.12087063035968,0.0743835237137009,0.463154075902738,-0.839206451079146,2.75570561316747,0.0284688142408438,-0.540717223048345,-0.704460877285348,-1.54973306363285,-0.215549667802478,-0.750944393132254,-0.758232238916976,-1.13450188840701,0.0486652353296151,-0.690905841243326,0.68387514911992,-1.10652111056176,0.0424439037246813,-1.21928080879581,-1.21384793206645,-1.20841505533709,-1.20298217860774,-1.19754930187838,-1.19211642514902,-1.18668354841966,-1.1812506716903,-1.17581779496094,-1.17038491823158,-1.16495204150222,-1.15951916477286,-1.1540862880435,-1.14865341131414,-1.14322053458478,-1.13778765785543,-1.13235478112607,-1.12692190439671,-1.12148902766735,-1.11605615093799,-1.11605615093799,-1.11605615093799,-1.11605615093799,-1.11605615093799,-1.11605615093799,-1.11605615093799,-1.11605615093799,-1.11605615093799,-1.11605615093799,-1.11605615093799,-1.11605615093799,-1.11605615093799,-1.11605615093799,-1.11605615093799,-1.11605615093799,-1.11605615093799,-1.11605615093799,-1.11605615093799,-1.11605615093799,-1.11605615093799,-47.7121216852232,-34.7283552341207,-24.1549308680513,-15.7675438987612,-9.34188963799668,-4.65366339750397,-1.47856048902925,0.407723775681219,1.22949408488124,1.21105512682455,0.576711589764946,-0.449231838043788,-1.64247046834793,-2.77869961289372,-3.63361458342723,-3.98291069169491,-3.60228324944284,-2.2674275684173,0.245961039635496,4.16218726296933,4.16218726296933,4.16218726296933,4.16218726296933,4.16218726296933,4.16218726296933,4.16218726296933,4.16218726296933,4.16218726296933,4.16218726296933,4.16218726296933,4.16218726296933,4.16218726296933,4.16218726296933,4.16218726296933,4.16218726296933,4.16218726296933,4.16218726296933,4.16218726296933,4.16218726296933,4.16218726296933,-11.1537760383976,-9.57087585855958,-7.98797567872159,-6.40507549888358,-4.82217531904557,-3.23927513920758,-1.70724531558936,-0.450722377393848,0.381895872292382,0.692193812132983,0.375198510386902,-0.488792181413885,-1.56898666565714,-2.51003235387255,-3.08238131517959,-3.13537175363535,-2.58539600449067,-1.46454643088422,0.0858532707672666,1.85690335962851,1.85690335962851,1.85690335962851,1.85690335962851,1.85690335962851,1.85690335962851,1.85690335962851,1.85690335962851,1.85690335962851,1.85690335962851,1.85690335962851,1.85690335962851,1.85690335962851,1.85690335962851,1.85690335962851,1.85690335962851,1.85690335962851,1.85690335962851,1.85690335962851,1.85690335962851,1.85690335962851,1,1,1,1,1,1,1,1,1,1,1,1,1,1,1,1,1,1,1,1,1,1,1,1,1,1,1,1,1,1,1,1,1,1,1,1,1,1,1,1
0.530368996723478,-1.17430924926795,-1.22725082388778,-1.26668186798086,-0.879538599177004,1.88140570549277,-1.47059688804551,-0.24490928237983,0.674583503842639,-1.0717734431654,-1.35484089385392,1.74694748158072,0.374560917713962,1.75510431919361,2.13299780037001,-2.24535766985874,0.497125500343268,2.30033998817424,-0.132330105053297,2.44421041218047,-0.953679337851336,-3.0948307384138,1.78942846459479,-0.540188120454337,-2.28194156854499,-1.30642281261055,-1.14307864663576,-0.380003716148936,-0.542536567119829,-2.08598563233497,1.11042778304874,0.841676144935299,-0.489248332484289,-0.517742889098473,0.554361902960938,0.47905132041836,0.585443169105552,1.93982173213204,0.413463084420258,2.54756650980278,-1.09457493290547,-0.938108654125208,-0.781642375344941,-0.625176096564675,-0.468709817784409,-0.312243539004143,-0.155777260223877,0.000689018556389698,0.157155297336653,0.313621576116923,0.470087854897187,0.626554133677452,0.783020412457715,0.939486691237985,1.09595297001825,1.25241924879851,1.40888552757878,1.56535180635905,1.72181808513932,1.87828436391958,1.87828436391958,1.87828436391958,1.87828436391958,1.87828436391958,1.87828436391958,1.87828436391958,1.87828436391958,1.87828436391958,1.87828436391958,1.87828436391958,1.87828436391958,1.87828436391958,1.87828436391958,1.87828436391958,1.87828436391958,1.87828436391958,1.87828436391958,1.87828436391958,1.87828436391958,1.87828436391958,33.3431297380851,24.3974719746809,17.0359016860372,11.1205052921458,6.51336921299858,3.07657986858733,0.672223678903896,-0.837612936059923,-1.59084355631229,-1.72538176186139,-1.37914113271538,-0.690035248882454,0.204022309629234,1.16511796281151,2.0553381306562,2.73676923315513,3.07149769030005,2.9216099220829,2.14919234849544,0.616331389529515,0.616331389529515,0.616331389529515,0.616331389529515,0.616331389529515,0.616331389529515,0.616331389529515,0.616331389529515,0.616331389529515,0.616331389529515,0.616331389529515,0.616331389529515,0.616331389529515,0.616331389529515,0.616331389529515,0.616331389529515,0.616331389529515,0.616331389529515,0.616331389529515,0.616331389529515,0.616331389529515,-1.09257873976888,-0.93639879727575,-0.780218854782628,-0.624038912289502,-0.467858969796381,-0.311679027303255,-0.15549271787985,0.000727706436624231,0.156998262020034,0.313326644843176,0.469728793587937,0.626213135193549,0.782759916830544,0.939331042975116,1.09589584493341,1.25244699037705,1.40899863317115,1.56556827928482,1.72215889074574,1.87876055958301,1.87876055958301,1.87876055958301,1.87876055958301,1.87876055958301,1.87876055958301,1.87876055958301,1.87876055958301,1.87876055958301,1.87876055958301,1.87876055958301,1.87876055958301,1.87876055958301,1.87876055958301,1.87876055958301,1.87876055958301,1.87876055958301,1.87876055958301,1.87876055958301,1.87876055958301,1.87876055958301,1,1,1,1,1,1,1,1,1,1,1,1,1,1,1,1,1,1,1,1,1,1,1,1,1,1,1,1,1,1,1,1,1,1,1,1,1,1,1,1
0.113057171015065,-0.0432532959396372,-2.61635605875083,0.944365044287222,0.172486103301289,-0.175524177485017,0.491874188489097,-0.585973808708337,1.0135507502368,0.742021743725092,0.0627754438779213,-2.14705641794582,1.57601532524427,-0.328482888302364,-0.449267663150263,-1.31097135554072,0.156396304379742,0.1273848771782,-0.40683781882146,1.96611330226496,-1.81098540346397,-1.57668238550382,2.93524434411643,2.1891866850574,1.90448607262322,1.29451235399319,0.82550909786185,-2.40261790935201,0.355980757403536,-0.728034557616697,-1.47779860403389,0.179264475489317,1.43571500414357,1.16318526881028,-1.44684112230483,-0.762503484317456,1.30097742673017,1.98132917349835,1.2089761315361,1.22862826006622,3.65013200704175,3.42435283921049,3.19857367137924,2.97279450354798,2.74701533571673,2.52123616788547,2.29545700005422,2.06967783222296,1.84389866439171,1.61811949656045,1.3923403287292,1.16656116089795,0.940781993066693,0.715002825235436,0.489223657404185,0.263444489572926,0.0376653217416756,-0.18811384608958,-0.413893013920832,-0.63967218175209,-0.63967218175209,-0.63967218175209,-0.63967218175209,-0.63967218175209,-0.63967218175209,-0.63967218175209,-0.63967218175209,-0.63967218175209,-0.63967218175209,-0.63967218175209,-0.63967218175209,-0.63967218175209,-0.63967218175209,-0.63967218175209,-0.63967218175209,-0.63967218175209,-0.63967218175209,-0.63967218175209,-0.63967218175209,-0.63967218175209,14.2176404234875,11.1857293288654,8.64024923691373,6.53968585268778,4.84252488124296,3.50725202763465,2.49235299691824,1.75631349414911,1.25761922438268,0.954755892674287,0.806209204079353,0.770464863653249,0.806008576451353,0.871326047529079,0.924902981941791,0.925225084744879,0.83077806099371,0.600047615743714,0.191519454050235,-0.436320719031297,-0.436320719031297,-0.436320719031297,-0.436320719031297,-0.436320719031297,-0.436320719031297,-0.436320719031297,-0.436320719031297,-0.436320719031297,-0.436320719031297,-0.436320719031297,-0.436320719031297,-0.436320719031297,-0.436320719031297,-0.436320719031297,-0.436320719031297,-0.436320719031297,-0.436320719031297,-0.436320719031297,-0.436320719031297,-0.436320719031297,4.51175584101032,4.15010457161726,3.78845330222419,3.42680203283113,3.06515076343806,2.703499494045,2.34373583121468,1.99675750559482,1.68022060553825,1.40801938773642,1.18706573776174,1.0171903211061,0.881505759637568,0.751477514296775,0.616063609324337,0.487813156096145,0.374540270145562,0.270609098979733,0.174633716033021,0.0875821082170702,0.0875821082170702,0.0875821082170702,0.0875821082170702,0.0875821082170702,0.0875821082170702,0.0875821082170702,0.0875821082170702,0.0875821082170702,0.0875821082170702,0.0875821082170702,0.0875821082170702,0.0875821082170702,0.0875821082170702,0.0875821082170702,0.0875821082170702,0.0875821082170702,0.0875821082170702,0.0875821082170702,0.0875821082170702,0.0875821082170702,1,1,1,1,1,1,1,1,1,1,1,1,1,1,1,1,1,1,1,1,1,1,1,1,1,1,1,1,1,1,1,1,1,1,1,1,1,1,1,1
0.437268934228745,-0.350918443885684,0.118813146674422,-1.73543991260857,-0.61471451031487,-0.121950858704377,3.23505844474088,-2.10404183181119,-1.89821540278943,-1.98084596557211,-1.85067195293104,-1.49232450619902,-1.6719760349292,2.18603766661614,1.54699373513852,-1.55785973663963,3.36867319418569,-0.181028038775803,0.734103395851726,-0.332425936245141,-0.99963607757109,0.0242237868458464,0.809150228498625,-2.18191428080774,0.31314549876128,2.29470051801615,0.0127975393913697,0.745637281188497,-0.3795294075338,-0.240214607988531,-1.80978519046657,-0.235213149425061,1.21996584571526,-1.38263183833509,-0.606834372558669,-2.22281193336516,-1.01656439720865,2.00277463944418,1.05250839977271,-1.34161641916982,-0.274480836352478,-0.181079004773976,-0.0876771731954769,0.00572465838302438,0.0991264899615256,0.192528321540026,0.285930153118526,0.379331984697028,0.472733816275529,0.566135647854031,0.659537479432531,0.752939311011032,0.846341142589534,0.939742974168034,1.03314480574654,1.12654663732503,1.21994846890354,1.31335030048204,1.40675213206054,1.50015396363904,1.50015396363904,1.50015396363904,1.50015396363904,1.50015396363904,1.50015396363904,1.50015396363904,1.50015396363904,1.50015396363904,1.50015396363904,1.50015396363904,1.50015396363904,1.50015396363904,1.50015396363904,1.50015396363904,1.50015396363904,1.50015396363904,1.50015396363904,1.50015396363904,1.50015396363904,1.50015396363904,25.9751798209229,19.4861146536981,14.0715834151528,9.64435019257248,6.11717907324227,3.40283414444748,1.41407949347335,0.0636792076051549,-0.73560262587185,-1.07100191967241,-1.02975458651125,-0.699096539103124,-0.166263690162765,0.481508047595087,1.1569827614557,1.77292453870432,2.24209746662623,2.47726563250665,2.39119312363089,1.89664402728417,1.89664402728417,1.89664402728417,1.89664402728417,1.89664402728417,1.89664402728417,1.89664402728417,1.89664402728417,1.89664402728417,1.89664402728417,1.89664402728417,1.89664402728417,1.89664402728417,1.89664402728417,1.89664402728417,1.89664402728417,1.89664402728417,1.89664402728417,1.89664402728417,1.89664402728417,1.89664402728417,11.3828351183631,9.63197391708732,7.88111271581151,6.1302515145357,4.37939031325992,2.62852911198414,0.921176952409136,-0.520864794403685,-1.44860116884182,-1.75479929744085,-1.39953067344535,-0.335936285957514,1.221811838024,2.66595010247699,3.43835999887174,3.41570342643916,2.74778706117362,1.66477035745584,0.474994223096518,-0.629875870454619,-0.629875870454619,-0.629875870454619,-0.629875870454619,-0.629875870454619,-0.629875870454619,-0.629875870454619,-0.629875870454619,-0.629875870454619,-0.629875870454619,-0.629875870454619,-0.629875870454619,-0.629875870454619,-0.629875870454619,-0.629875870454619,-0.629875870454619,-0.629875870454619,-0.629875870454619,-0.629875870454619,-0.629875870454619,-0.629875870454619,1,1,1,1,1,1,1,1,1,1,1,1,1,1,1,1,1,1,1,1,1,1,1,1,1,1,1,1,1,1,1,1,1,1,1,1,1,1,1,1
-1.18064598155109,0.869822915204117,1.64122750971379,0.951416650607336,0.442026246224745,-0.381779093868714,1.1053424117119,1.13834541050153,-3.51480944705542,0.524276156279798,-2.46800375016542,-1.13760723382322,-1.82924191953786,2.06110685747352,-0.295586867569964,-1.2766198107717,-0.282355799405,-0.801327641933595,-0.627278983589717,-1.21900646578228,-3.31651860180599,0.478793343683973,-3.54664937810124,-0.268219795399887,0.205017652717471,-1.64432672679167,0.893616718330861,1.32474811953237,-0.742090665105993,0.795767082545446,-0.794199627861733,0.209418368380605,1.79898368778028,1.40731021363629,-0.469648340492078,3.85352093361358,-1.52693534489988,1.47267317705544,0.601353874586797,-3.28195534725268,0.571612123523971,0.561396563889248,0.551181004254525,0.540965444619804,0.530749884985081,0.520534325350357,0.510318765715635,0.500103206080913,0.48988764644619,0.479672086811467,0.469456527176742,0.459240967542021,0.4490254079073,0.438809848272575,0.428594288637854,0.41837872900313,0.408163169368407,0.397947609733684,0.387732050098961,0.377516490464242,0.377516490464242,0.377516490464242,0.377516490464242,0.377516490464242,0.377516490464242,0.377516490464242,0.377516490464242,0.377516490464242,0.377516490464242,0.377516490464242,0.377516490464242,0.377516490464242,0.377516490464242,0.377516490464242,0.377516490464242,0.377516490464242,0.377516490464242,0.377516490464242,0.377516490464242,0.377516490464242,11.1434087021504,9.26598676903903,7.52066415125013,5.91370978879873,4.45139262169981,3.13998158996835,1.98574563361932,0.994953692667698,0.173874707128467,-0.47122238298339,-0.934068637652903,-1.20839511686509,-1.28793288060496,-1.16641298885755,-0.837566501607878,-0.295124478840959,0.467182019458177,1.4556219333045,2.67646420271302,4.13597776769868,4.13597776769868,4.13597776769868,4.13597776769868,4.13597776769868,4.13597776769868,4.13597776769868,4.13597776769868,4.13597776769868,4.13597776769868,4.13597776769868,4.13597776769868,4.13597776769868,4.13597776769868,4.13597776769868,4.13597776769868,4.13597776769868,4.13597776769868,4.13597776769868,4.13597776769868,4.13597776769868,1.6349090312461,1.47808346122577,1.32125789120545,1.16443232118513,1.00760675116481,0.85078118114448,0.695322032049593,0.54679123553051,0.408191612283009,0.288364230664342,0.206103335105592,0.174877968404264,0.193777309084203,0.258168340286359,0.366899040444235,0.515078264476569,0.690109007468218,0.878619771075252,1.07251809732642,1.26823792674955,1.26823792674955,1.26823792674955,1.26823792674955,1.26823792674955,1.26823792674955,1.26823792674955,1.26823792674955,1.26823792674955,1.26823792674955,1.26823792674955,1.26823792674955,1.26823792674955,1.26823792674955,1.26823792674955,1.26823792674955,1.26823792674955,1.26823792674955,1.26823792674955,1.26823792674955,1.26823792674955,1,1,1,1,1,1,1,1,1,1,1,1,1,1,1,1,1,1,1,1,1,1,1,1,1,1,1,1,1,1,1,1,1,1,1,1,1,1,1,1
1.1851472935518,0.670794455648336,-3.72873800585557,-1.18841477304044,-0.340526935415681,0.637553101957316,0.799220541924771,-3.13127822677917,-3.19046736303582,-2.84458460193919,0.312836325161106,-0.686231716685764,-0.203014225954401,-1.84982371812561,2.56151262580937,1.58074487606597,0.493874465577457,-0.104922903702185,0.267862270200727,1.8641870624984,-1.6084164404072,-2.37613928211405,-1.16722498934491,-1.27909618056029,0.535167519003984,0.518102313843835,0.873751712704449,-0.131872547299484,0.553113207471098,1.92240220250936,1.34602202885581,-1.42717880412245,1.59460458537727,1.49092299743714,-1.07179436247324,-1.54204355709822,0.78247748594177,0.950121351400503,-2.27383184198017,0.195406518216586,0.474025715330504,0.404999798966107,0.335973882601708,0.266947966237308,0.19792204987291,0.128896133508512,0.0598702171441126,-0.00915569922028681,-0.0781816155846844,-0.147207531949084,-0.216233448313481,-0.285259364677879,-0.354285281042278,-0.423311197406678,-0.492337113771077,-0.561363030135475,-0.630388946499874,-0.699414862864273,-0.768440779228669,-0.837466695593069,-0.837466695593069,-0.837466695593069,-0.837466695593069,-0.837466695593069,-0.837466695593069,-0.837466695593069,-0.837466695593069,-0.837466695593069,-0.837466695593069,-0.837466695593069,-0.837466695593069,-0.837466695593069,-0.837466695593069,-0.837466695593069,-0.837466695593069,-0.837466695593069,-0.837466695593069,-0.837466695593069,-0.837466695593069,-0.837466695593069,16.0533313216354,12.494531904743,9.41221371523219,6.77744641038801,4.5612996474953,2.734843083839,1.26914637670402,0.135279183375262,-0.695688838862345,-1.2526880327239,-1.56464874092447,-1.66050130617916,-1.56917607120304,-1.3196033787112,-0.94071357141873,-0.461436992040703,0.0892960167077934,0.682555112111634,1.28940995145582,1.88093019202516,1.88093019202516,1.88093019202516,1.88093019202516,1.88093019202516,1.88093019202516,1.88093019202516,1.88093019202516,1.88093019202516,1.88093019202516,1.88093019202516,1.88093019202516,1.88093019202516,1.88093019202516,1.88093019202516,1.88093019202516,1.88093019202516,1.88093019202516,1.88093019202516,1.88093019202516,1.88093019202516,5.84276333694256,4.99536269122528,4.14796204550801,3.30056139979073,2.45316075407345,1.60576010835617,0.77565113083975,0.0466312933399653,-0.500817252038603,-0.838830641894033,-0.996007495142415,-1.03087727650083,-0.978957836717894,-0.825811883144784,-0.552860868923487,-0.197617266334593,0.157566008453657,0.448719932031292,0.666852366038805,0.843977799831872,0.843977799831872,0.843977799831872,0.843977799831872,0.843977799831872,0.843977799831872,0.843977799831872,0.843977799831872,0.843977799831872,0.843977799831872,0.843977799831872,0.843977799831872,0.843977799831872,0.843977799831872,0.843977799831872,0.843977799831872,0.843977799831872,0.843977799831872,0.843977799831872,0.843977799831872,0.843977799831872,1,1,1,1,1,1,1,1,1,1,1,1,1,1,1,1,1,1,1,1,1,1,1,1,1,1,1,1,1,1,1,1,1,1,1,1,1,1,1,1
-1.99204421001027,-0.440056997156799,-2.00293415793628,1.59694572231712,-1.55384680724704,-0.806168438790056,0.466532043801855,-0.230653295787459,1.35797509951195,-2.56625192618011,0.183607608545371,0.584426012818751,0.293659281829056,2.88362867541679,0.0278119372571624,-0.300192046846778,-2.10530484732056,0.983026230031797,1.31069468586036,0.0895128648228436,1.84878321054927,-3.35988696249847,0.740630918596528,1.17287908396819,-0.237950325054973,0.770692874456735,1.90938504216831,-3.08294829736886,1.08288571958736,-0.0870839286311007,-0.0420440732940612,-1.48693364056354,1.68580848464538,-1.54809479032134,2.82611564996484,-0.102948935536464,1.04393261346706,0.053151024368173,-1.28602733631546,-1.43958217641754,0.608955120034983,0.559421703905927,0.50988828777687,0.460354871647815,0.410821455518759,0.361288039389703,0.311754623260647,0.26222120713159,0.212687791002537,0.163154374873479,0.113620958744425,0.0640875426153702,0.0145541264863134,-0.0349792896427417,-0.0845127057717967,-0.134046121900854,-0.18357953802991,-0.233112954158965,-0.282646370288022,-0.332179786417077,-0.332179786417077,-0.332179786417077,-0.332179786417077,-0.332179786417077,-0.332179786417077,-0.332179786417077,-0.332179786417077,-0.332179786417077,-0.332179786417077,-0.332179786417077,-0.332179786417077,-0.332179786417077,-0.332179786417077,-0.332179786417077,-0.332179786417077,-0.332179786417077,-0.332179786417077,-0.332179786417077,-0.332179786417077,-0.332179786417077,-8.13558111730955,-5.91076317849323,-4.0780821872355,-2.60336645100052,-1.45244427725246,-0.591143973455478,0.0147061529262755,0.399277794428619,0.596742643587417,0.641272392938475,0.567038735017656,0.40821336236081,0.198967967503728,-0.0265257570176853,-0.234096118667647,-0.38957142491029,-0.458779983209796,-0.407550101030312,-0.201710085835971,0.192911754909034,0.192911754909034,0.192911754909034,0.192911754909034,0.192911754909034,0.192911754909034,0.192911754909034,0.192911754909034,0.192911754909034,0.192911754909034,0.192911754909034,0.192911754909034,0.192911754909034,0.192911754909034,0.192911754909034,0.192911754909034,0.192911754909034,0.192911754909034,0.192911754909034,0.192911754909034,0.192911754909034,0.610161650087642,0.560465248918404,0.510768847749165,0.461072446579925,0.411376045410686,0.361679644241448,0.311980038998053,0.262266445854618,0.212551416259354,0.1628746637177,0.113273466588543,0.0637532790215918,0.0142866614908712,-0.0351597311786147,-0.0845984714346866,-0.13402232999819,-0.183425764770648,-0.232816427420238,-0.282206242343419,-0.331599597786472,-0.331599597786472,-0.331599597786472,-0.331599597786472,-0.331599597786472,-0.331599597786472,-0.331599597786472,-0.331599597786472,-0.331599597786472,-0.331599597786472,-0.331599597786472,-0.331599597786472,-0.331599597786472,-0.331599597786472,-0.331599597786472,-0.331599597786472,-0.331599597786472,-0.331599597786472,-0.331599597786472,-0.331599597786472,-0.331599597786472,1,1,1,1,1,1,1,1,1,1,1,1,1,1,1,1,1,1,1,1,1,1,1,1,1,1,1,1,1,1,1,1,1,1,1,1,1,1,1,1
-0.978417111290256,1.50101560178202,0.630974683290621,1.22094279712331,0.0211409255044952,0.17260748209885,2.73462930613113,-0.551798256588633,0.405812976347384,1.76283050779059,-2.24050559351643,3.17416976887192,1.89280371157012,1.06736434365162,1.69245054848696,1.25713421288456,1.50336691055244,1.02683190858893,0.941621716922265,0.890493461308711,2.56011285005388,0.542227642316611,0.1994937672502,0.565613599290723,-1.19563856832854,-2.19651057186456,-1.24560517410918,0.305008748038812,0.123695146447071,-2.4404026441134,-1.6867632720418,-2.4678812695202,-1.64177597099465,0.0470405579985957,0.992882066258888,1.27551043864529,1.90430070156526,0.0926723419858586,-1.2345780771383,-2.54341807379951,0.0672236763264014,0.171285020538482,0.275346364750564,0.379407708962646,0.483469053174727,0.587530397386808,0.691591741598888,0.795653085810969,0.899714430023051,1.00377577423513,1.10783711844721,1.21189846265929,1.31595980687138,1.42002115108346,1.52408249529554,1.62814383950762,1.7322051837197,1.83626652793178,1.94032787214386,2.04438921635594,2.04438921635594,2.04438921635594,2.04438921635594,2.04438921635594,2.04438921635594,2.04438921635594,2.04438921635594,2.04438921635594,2.04438921635594,2.04438921635594,2.04438921635594,2.04438921635594,2.04438921635594,2.04438921635594,2.04438921635594,2.04438921635594,2.04438921635594,2.04438921635594,2.04438921635594,2.04438921635594,8.18281963688987,5.77585218651272,3.87858247422348,2.44032510262703,1.41039467432824,0.73810579193199,0.372773058043156,0.263711075266619,0.360234446207247,0.611657773469927,0.967295659659525,1.37646270738093,1.78847351923901,2.15264269783862,2.41828484578468,2.53471456568203,2.45124646013558,2.11719513175018,1.48187518313071,0.494601216882042,0.494601216882042,0.494601216882042,0.494601216882042,0.494601216882042,0.494601216882042,0.494601216882042,0.494601216882042,0.494601216882042,0.494601216882042,0.494601216882042,0.494601216882042,0.494601216882042,0.494601216882042,0.494601216882042,0.494601216882042,0.494601216882042,0.494601216882042,0.494601216882042,0.494601216882042,0.494601216882042,-0.483118157994254,-0.307715998330774,-0.132313838667297,0.0430883209961834,0.218490480659662,0.39389264032314,0.569262803305675,0.743998501091747,0.914988394398204,1.07559038713608,1.21822473730782,1.33956555145524,1.44259606564263,1.5326281615167,1.61224503064886,1.68099097310484,1.73849121861594,1.78618855108625,1.82689489525696,1.86410124701461,1.86410124701461,1.86410124701461,1.86410124701461,1.86410124701461,1.86410124701461,1.86410124701461,1.86410124701461,1.86410124701461,1.86410124701461,1.86410124701461,1.86410124701461,1.86410124701461,1.86410124701461,1.86410124701461,1.86410124701461,1.86410124701461,1.86410124701461,1.86410124701461,1.86410124701461,1.86410124701461,1,1,1,1,1,1,1,1,1,1,1,1,1,1,1,1,1,1,1,1,1,1,1,1,1,1,1,1,1,1,1,1,1,1,1,1,1,1,1,1
2.71374650568981,-1.83759072137319,-2.74007102622956,-0.587962628401442,0.304912186225074,-0.141170943821042,0.406704709454734,-0.51742688551027,-1.2127494135009,-0.940341600044691,-0.136884196486401,-0.199160869626768,-0.422144318739635,0.596465011630345,-1.34945239038507,1.89554165633607,0.871628196151676,1.304630372937,0.0211798138587938,0.431231144515499,0.431472225619462,1.85092637503275,-0.156354062510443,-0.841188106359313,-1.70618177647245,-1.50655506862016,-0.744645548857147,0.305522161376224,2.1389954808562,-0.666027459618928,1.16431628625314,3.41902123707064,1.70132623707486,-0.453781650359991,-2.24102108154548,0.632856198912565,0.258083710272938,1.28301079686719,-1.70441073461314,-0.35485930655461,-1.38050180756045,-1.1914476899908,-1.00239357242115,-0.813339454851496,-0.624285337281846,-0.435231219712193,-0.246177102142546,-0.0571229845728976,0.131931132996755,0.320985250566403,0.510039368136056,0.699093485705706,0.888147603275357,1.07720172084501,1.26625583841465,1.45530995598431,1.64436407355396,1.83341819112361,2.02247230869326,2.21152642626291,2.21152642626291,2.21152642626291,2.21152642626291,2.21152642626291,2.21152642626291,2.21152642626291,2.21152642626291,2.21152642626291,2.21152642626291,2.21152642626291,2.21152642626291,2.21152642626291,2.21152642626291,2.21152642626291,2.21152642626291,2.21152642626291,2.21152642626291,2.21152642626291,2.21152642626291,2.21152642626291,8.4002487323425,5.24296371098677,2.82096354639641,1.05684134728187,-0.126809777646407,-0.80739671967797,-1.06232637010236,-0.96900562020913,-0.604841361287837,-0.0472404846280199,0.626390118480771,1.33864355674897,2.01211293888704,2.56939137360544,2.9330719696146,3.02574783562498,2.77001208034705,2.08845781249124,0.903678140767994,-0.861733826112225,-0.861733826112225,-0.861733826112225,-0.861733826112225,-0.861733826112225,-0.861733826112225,-0.861733826112225,-0.861733826112225,-0.861733826112225,-0.861733826112225,-0.861733826112225,-0.861733826112225,-0.861733826112225,-0.861733826112225,-0.861733826112225,-0.861733826112225,-0.861733826112225,-0.861733826112225,-0.861733826112225,-0.861733826112225,-0.861733826112225,0.538565218231845,0.44508811200232,0.35161100577279,0.258133899543263,0.164656793313734,0.071179687084209,-0.0195585399914542,-0.0922820614298132,-0.122264423197533,-0.0816060574642385,0.0567406996238695,0.308190718038992,0.655530961658872,1.04529629059117,1.41837614855263,1.74253667571176,2.01731155680417,2.26328651767403,2.50690754154728,2.75970519457868,2.75970519457868,2.75970519457868,2.75970519457868,2.75970519457868,2.75970519457868,2.75970519457868,2.75970519457868,2.75970519457868,2.75970519457868,2.75970519457868,2.75970519457868,2.75970519457868,2.75970519457868,2.75970519457868,2.75970519457868,2.75970519457868,2.75970519457868,2.75970519457868,2.75970519457868,2.75970519457868,1,1,1,1,1,1,1,1,1,1,1,1,1,1,1,1,1,1,1,1,1,1,1,1,1,1,1,1,1,1,1,1,1,1,1,1,1,1,1,1
1.3408305662176,-1.63333985522301,-0.36383619988424,-3.20259127216369,-0.848230301414362,-0.833773543379335,-0.296074462369507,2.20336763321766,0.353534478889825,2.12423822397551,1.48959143803077,-0.480255422130984,-0.342664014391787,-0.582036229392493,-2.28393246422203,-0.923558318643845,-0.806832861105415,-2.67522182664769,-0.142780764128574,-1.97573777413129,-0.351985862195997,1.52335402009052,0.668115920184533,1.45834674207685,-4.15821874103335,0.333367827070795,0.0168010892847938,-1.24912498764155,-1.01642657316008,0.122844992012096,0.915967995240813,0.752535384457101,0.507980689418281,0.257003107885762,-2.46953815026338,-0.712195090330107,3.20892724121886,-1.30436406856471,-0.567775998442659,0.673865239713868,2.38677611732409,2.20326329732304,2.01975047732199,1.83623765732094,1.65272483731988,1.46921201731883,1.28569919731778,1.10218637731672,0.918673557315669,0.735160737314617,0.551647917313561,0.368135097312511,0.184622277311457,0.00110945731040246,-0.18240336269065,-0.365916182691702,-0.549429002692754,-0.732941822693807,-0.916454642694861,-1.09996746269591,-1.09996746269591,-1.09996746269591,-1.09996746269591,-1.09996746269591,-1.09996746269591,-1.09996746269591,-1.09996746269591,-1.09996746269591,-1.09996746269591,-1.09996746269591,-1.09996746269591,-1.09996746269591,-1.09996746269591,-1.09996746269591,-1.09996746269591,-1.09996746269591,-1.09996746269591,-1.09996746269591,-1.09996746269591,-1.09996746269591,-10.5331200058494,-6.97095119370802,-4.13532276577937,-1.95551873146749,-0.360823100176415,0.719480118689823,1.35610691572719,1.61977328153165,1.58119520669917,1.31108868182572,0.88016969750724,0.359154244339727,-0.181241687080846,-0.670302106158564,-1.03731102229741,-1.21155244490145,-1.1223103833747,-0.698868847121211,0.129488154455025,1.43347661194992,1.43347661194992,1.43347661194992,1.43347661194992,1.43347661194992,1.43347661194992,1.43347661194992,1.43347661194992,1.43347661194992,1.43347661194992,1.43347661194992,1.43347661194992,1.43347661194992,1.43347661194992,1.43347661194992,1.43347661194992,1.43347661194992,1.43347661194992,1.43347661194992,1.43347661194992,1.43347661194992,3.6707980603069,3.33344431946927,2.99609057863164,2.65873683779401,2.32138309695638,1.98402935611875,1.64633208384331,1.30561593450187,0.956799942738142,0.604038427338043,0.266060748298653,-0.0354400497354952,-0.284684718057413,-0.468250987026734,-0.572052749369444,-0.584272099227048,-0.501699506440602,-0.338944426383573,-0.128430401021781,0.0983271731530433,0.0983271731530433,0.0983271731530433,0.0983271731530433,0.0983271731530433,0.0983271731530433,0.0983271731530433,0.0983271731530433,0.0983271731530433,0.0983271731530433,0.0983271731530433,0.0983271731530433,0.0983271731530433,0.0983271731530433,0.0983271731530433,0.0983271731530433,0.0983271731530433,0.0983271731530433,0.0983271731530433,0.0983271731530433,0.0983271731530433,1,1,1,1,1,1,1,1,1,1,1,1,1,1,1,1,1,1,1,1,1,1,1,1,1,1,1,1,1,1,1,1,1,1,1,1,1,1,1,1
-1.42112640562285,-1.0671101824315,1.71509259789415,0.0401967003422756,0.551870581886875,1.11210325951706,1.82845674333473,0.253956905853059,0.12864404864067,1.52789458697093,-1.55183581661019,-1.11042784397562,-0.596195500765633,-1.7487047899063,1.60950161293657,-2.48300293807388,2.32505347654644,-2.49136116736642,0.457139192181662,0.238550839987482,-1.19143963718325,-0.912424695302539,0.598564838356635,1.32899717280344,-0.407667886798974,-2.58948804832673,-1.01778541552326,-3.46465345984616,-2.20613750293906,0.788570118442333,-0.14290227151988,-0.796625186296003,2.57949708220376,-1.26648797194954,0.430591723656793,-1.09892847071293,0.704552344790658,0.272160756640274,-2.93920124641645,-1.17619292655263,4.49620149553356,4.14473199381521,3.79326249209686,3.4417929903785,3.09032348866015,2.7388539869418,2.38738448522344,2.03591498350509,1.68444548178673,1.33297598006838,0.981506478350026,0.630036976631674,0.27856747491332,-0.072902026805032,-0.424371528523388,-0.775841030241743,-1.1273105319601,-1.47878003367845,-1.8302495353968,-2.18171903711516,-2.18171903711516,-2.18171903711516,-2.18171903711516,-2.18171903711516,-2.18171903711516,-2.18171903711516,-2.18171903711516,-2.18171903711516,-2.18171903711516,-2.18171903711516,-2.18171903711516,-2.18171903711516,-2.18171903711516,-2.18171903711516,-2.18171903711516,-2.18171903711516,-2.18171903711516,-2.18171903711516,-2.18171903711516,-2.18171903711516,8.42763811302242,7.67044559354097,6.85228518208148,5.99071484452495,5.10329254675235,4.20757625464465,3.32112393408282,2.46149355094787,1.64624307112075,0.892930460482443,0.219113684913928,-0.357649289703808,-0.819800497489798,-1.14978197256307,-1.33003574904262,-1.34300386104748,-1.17112834269671,-0.796851228109301,-0.202614551404256,0.629139653299426,0.629139653299426,0.629139653299426,0.629139653299426,0.629139653299426,0.629139653299426,0.629139653299426,0.629139653299426,0.629139653299426,0.629139653299426,0.629139653299426,0.629139653299426,0.629139653299426,0.629139653299426,0.629139653299426,0.629139653299426,0.629139653299426,0.629139653299426,0.629139653299426,0.629139653299426,0.629139653299426,6.6617739242782,6.00482534551846,5.34787676675873,4.690928187999,4.03397960923927,3.37703103047953,2.72440908733064,2.09815811496301,1.52424536897542,1.01831714879892,0.582598473981067,0.211991809885175,-0.0994611030704995,-0.358408340373083,-0.575475384587515,-0.764738200757385,-0.937213452042853,-1.09536125854027,-1.23740276616727,-1.36757368021184,-1.36757368021184,-1.36757368021184,-1.36757368021184,-1.36757368021184,-1.36757368021184,-1.36757368021184,-1.36757368021184,-1.36757368021184,-1.36757368021184,-1.36757368021184,-1.36757368021184,-1.36757368021184,-1.36757368021184,-1.36757368021184,-1.36757368021184,-1.36757368021184,-1.36757368021184,-1.36757368021184,-1.36757368021184,-1.36757368021184,1,1,0,1,1,1,1,1,1,1,1,1,1,1,1,1,1,1,1,1,1,1,1,1,1,1,1,1,1,1,1,1,1,1,1,1,1,1,1,1
-0.641737616896066,1.79134398720288,0.403374619379367,-0.299164428022179,-1.3970583308686,-0.854039460314376,-1.48083134327511,-1.85606441326173,2.40409271534833,0.237260979912042,-1.15962461086843,-0.332117189361677,1.25464624390099,-0.0725658560845304,-2.79682550047419,-0.740237007521285,0.718597718971806,-0.935923457888695,1.78328860191285,2.59159580522604,-2.09355660316942,-1.46062595608619,2.43784016518931,-0.813693741327103,1.24033574918412,0.936786942719722,1.73215560809365,2.39548241128839,-0.222032850879989,-0.924372242476052,-0.0631380496092042,-0.180471493372687,0.838223235442927,0.893754494413008,0.55649331811671,-0.78911826424733,2.33275891412633,0.324681329242125,-0.0867342594181366,1.32884651408778,-1.52453454662751,-1.36985731627073,-1.21518008591396,-1.06050285555718,-0.905825625200398,-0.751148394843623,-0.596471164486843,-0.441793934130065,-0.287116703773286,-0.132439473416508,0.0222377569402692,0.176914987297048,0.331592217653826,0.486269448010603,0.640946678367383,0.795623908724162,0.95030113908094,1.10497836943772,1.2596555997945,1.41433283015128,1.41433283015128,1.41433283015128,1.41433283015128,1.41433283015128,1.41433283015128,1.41433283015128,1.41433283015128,1.41433283015128,1.41433283015128,1.41433283015128,1.41433283015128,1.41433283015128,1.41433283015128,1.41433283015128,1.41433283015128,1.41433283015128,1.41433283015128,1.41433283015128,1.41433283015128,1.41433283015128,-24.6567787439021,-18.9872467234516,-14.167936191391,-10.1335755536822,-6.81889321628671,-4.1586175851663,-2.08747706628265,-0.540200065597462,0.548485010927566,1.24384975733077,1.61116576765041,1.71570463592483,1.62273795619231,1.39753732249115,1.10537432885971,0.811520569336212,0.581247637959018,0.47982712876642,0.572530635796728,0.924629753088247,0.924629753088247,0.924629753088247,0.924629753088247,0.924629753088247,0.924629753088247,0.924629753088247,0.924629753088247,0.924629753088247,0.924629753088247,0.924629753088247,0.924629753088247,0.924629753088247,0.924629753088247,0.924629753088247,0.924629753088247,0.924629753088247,0.924629753088247,0.924629753088247,0.924629753088247,0.924629753088247,-9.10530222040606,-8.00019806183916,-6.89509390327227,-5.78998974470538,-4.68488558613847,-3.57978142757158,-2.44805921808595,-1.20048565757113,0.0805302277851965,1.19015305293544,1.95728599815412,2.26011273824751,2.08642971332956,1.6462767507784,1.2415277290226,0.978682814703777,0.744476552225894,0.444991036113413,0.118774458763271,-0.182142297657414,-0.182142297657414,-0.182142297657414,-0.182142297657414,-0.182142297657414,-0.182142297657414,-0.182142297657414,-0.182142297657414,-0.182142297657414,-0.182142297657414,-0.182142297657414,-0.182142297657414,-0.182142297657414,-0.182142297657414,-0.182142297657414,-0.182142297657414,-0.182142297657414,-0.182142297657414,-0.182142297657414,-0.182142297657414,-0.182142297657414,1,1,1,1,1,1,1,1,1,1,1,1,1,1,1,1,1,1,1,1,1,1,1,1,1,1,1,1,1,1,1,1,1,1,1,1,1,1,1,1
-2.23837198997231,-0.645351526216637,0.106911729364455,0.839218793505185,0.808041611497902,1.46595823559667,0.783094698494716,0.206661040237202,-0.121209232655946,-1.19670298332432,0.385313398348536,-0.212749523825149,0.860188704031101,0.129488378923575,-2.30667357269355,-0.701305461884626,-0.0317645674946458,-1.55700553813914,0.214905545077723,0.52968168397196,-1.39751336153236,-1.37574836265386,3.36030700987353,0.743788854523837,0.838590576104593,1.11562873488339,-0.557906220247427,-0.225468636832584,-0.637492670440633,0.660766616582698,0.0920859864922363,-1.97257341918622,-2.12397212784628,0.895692198059939,0.431231560775117,-0.140490911329922,0.331134896608091,2.26973664410074,3.92302780047595,-2.20978350345618,3.01559733645207,2.84028594506366,2.66497455367525,2.48966316228684,2.31435177089843,2.13904037951002,1.9637289881216,1.78841759673319,1.61310620534478,1.43779481395637,1.26248342256796,1.08717203117955,0.911860639791136,0.736549248402726,0.561237857014316,0.385926465625904,0.210615074237493,0.0353036828490811,-0.140007708539329,-0.315319099927738,-0.315319099927738,-0.315319099927738,-0.315319099927738,-0.315319099927738,-0.315319099927738,-0.315319099927738,-0.315319099927738,-0.315319099927738,-0.315319099927738,-0.315319099927738,-0.315319099927738,-0.315319099927738,-0.315319099927738,-0.315319099927738,-0.315319099927738,-0.315319099927738,-0.315319099927738,-0.315319099927738,-0.315319099927738,-0.315319099927738,4.35576009997832,3.9031973426312,3.48103473954585,3.08841082461338,2.72446413172489,2.38833319477149,2.07915654764428,1.79607272423437,1.53822025843288,1.30473768413089,1.09476353521953,0.907436345589879,0.741894649133076,0.597276979740208,0.472721871302381,0.367367857710693,0.280353472856273,0.21081725063021,0.157897724923622,0.120733429627606,0.120733429627606,0.120733429627606,0.120733429627606,0.120733429627606,0.120733429627606,0.120733429627606,0.120733429627606,0.120733429627606,0.120733429627606,0.120733429627606,0.120733429627606,0.120733429627606,0.120733429627606,0.120733429627606,0.120733429627606,0.120733429627606,0.120733429627606,0.120733429627606,0.120733429627606,0.120733429627606,6.19455744099048,5.57017067598401,4.94578391097755,4.32139714597109,3.69701038096462,3.07262361595816,2.45421895733032,1.86768415777268,1.3298866753053,0.860171675310397,0.482135169391976,0.198705973396182,0.00911289198002407,-0.0665011865075744,-0.022460797505417,0.110743100710271,0.309867571635412,0.572103261593725,0.876768813315454,1.19171435414901,1.19171435414901,1.19171435414901,1.19171435414901,1.19171435414901,1.19171435414901,1.19171435414901,1.19171435414901,1.19171435414901,1.19171435414901,1.19171435414901,1.19171435414901,1.19171435414901,1.19171435414901,1.19171435414901,1.19171435414901,1.19171435414901,1.19171435414901,1.19171435414901,1.19171435414901,1.19171435414901,1,1,1,1,1,1,1,1,1,1,1,1,1,1,1,1,1,1,1,1,1,1,1,1,1,1,1,1,1,1,1,1,1,1,1,1,1,1,1,1
1.75079977749075,-2.07620571393133,0.674961540429519,-1.66606968842677,0.167122280677543,0.52914712813598,0.609861140339484,-1.15581458985889,-0.82468369777536,-0.985389440609431,1.72788694301098,1.98690165510269,-0.707023012361999,-1.59147905166108,-1.92831051581291,-1.18255024524012,0.384182733504311,-0.0936545441861636,-1.86875425899589,-1.9283447731707,-0.690039306781316,-0.251459255317338,0.139606808187459,-1.36636164043689,0.542430898159234,3.08432528874573,0.0364292175428336,-1.08724026169823,0.100048676085791,2.69074592308907,-0.471102483998385,0.365044168896073,1.43672800304156,1.16080713784152,-1.56775033877111,-0.385064769743984,-0.715786885922792,0.856042685461162,-0.0348207913705654,-1.27812458235343,1.59625263070019,1.40802872461382,1.21980481852746,1.03158091244109,0.84335700635472,0.655133100268351,0.466909194181982,0.278685288095613,0.090461382009245,-0.0977625240771225,-0.285986430163492,-0.474210336249861,-0.662434242336229,-0.850658148422598,-1.03888205450897,-1.22710596059533,-1.4153298666817,-1.60355377276807,-1.79177767885444,-1.98000158494081,-1.98000158494081,-1.98000158494081,-1.98000158494081,-1.98000158494081,-1.98000158494081,-1.98000158494081,-1.98000158494081,-1.98000158494081,-1.98000158494081,-1.98000158494081,-1.98000158494081,-1.98000158494081,-1.98000158494081,-1.98000158494081,-1.98000158494081,-1.98000158494081,-1.98000158494081,-1.98000158494081,-1.98000158494081,-1.98000158494081,2.63104897659782,2.78561308874085,2.74920807636182,2.55072869835808,2.21906971362699,1.78312588106588,1.27179195957212,0.713962708043049,0.138532885376026,-0.425602749531597,-0.949549437782471,-1.40441242047925,-1.76129693872456,-1.99130823362108,-2.06555154627145,-1.95513211777831,-1.63115518924431,-1.06472600177211,-0.226949796464321,0.911068185576365,0.911068185576365,0.911068185576365,0.911068185576365,0.911068185576365,0.911068185576365,0.911068185576365,0.911068185576365,0.911068185576365,0.911068185576365,0.911068185576365,0.911068185576365,0.911068185576365,0.911068185576365,0.911068185576365,0.911068185576365,0.911068185576365,0.911068185576365,0.911068185576365,0.911068185576365,0.911068185576365,5.37947985752441,4.69807459155938,4.01666932559435,3.33526405962933,2.65385879366431,1.97245352769928,1.2920817746433,0.621985268588626,-0.0102953484062525,-0.573033703500515,-1.05029719552919,-1.4325143524982,-1.69280862911884,-1.79847391843279,-1.74824487903597,-1.57416655469876,-1.30816547179572,-0.972267345114123,-0.594225211613225,-0.202425353048655,-0.202425353048655,-0.202425353048655,-0.202425353048655,-0.202425353048655,-0.202425353048655,-0.202425353048655,-0.202425353048655,-0.202425353048655,-0.202425353048655,-0.202425353048655,-0.202425353048655,-0.202425353048655,-0.202425353048655,-0.202425353048655,-0.202425353048655,-0.202425353048655,-0.202425353048655,-0.202425353048655,-0.202425353048655,-0.202425353048655,1,1,1,1,1,1,1,1,1,1,1,1,1,1,1,1,1,1,1,1,1,1,1,1,1,1,1,1,1,1,1,1,1,1,1,1,1,1,1,1
2.93256376140052,2.1252764937473,1.58888590617271,-0.0248665685950717,-3.26797783359362,-1.65345658940017,0.145602315456827,-1.45583063993073,1.11542449525333,-0.613099413571984,-0.524050625490656,-0.543170502050705,0.344177239912694,-0.361741218119288,-0.160455365838429,0.378824799566727,-0.794534365370355,-2.16752932841653,0.156228964640967,2.43486759483625,-0.415644125944823,1.00608072183045,0.0489072216333568,-0.678667323869306,3.27896999442948,1.05649400269623,0.136118689317669,-3.02973789870574,0.794484671742675,-0.693435425349609,0.372403794850312,-2.0615188664986,-0.0563410883175965,1.52553351180358,-1.2656406425719,-1.16125969140234,0.915289802115449,0.124483533962694,0.349484061851886,1.36304584998965,0.413988761071284,0.48629358865924,0.558598416247197,0.630903243835155,0.703208071423111,0.775512899011069,0.847817726599025,0.920122554186984,0.99242738177494,1.0647322093629,1.13703703695085,1.20934186453881,1.28164669212677,1.35395151971472,1.42625634730268,1.49856117489064,1.57086600247859,1.64317083006655,1.71547565765451,1.78778048524246,1.78778048524246,1.78778048524246,1.78778048524246,1.78778048524246,1.78778048524246,1.78778048524246,1.78778048524246,1.78778048524246,1.78778048524246,1.78778048524246,1.78778048524246,1.78778048524246,1.78778048524246,1.78778048524246,1.78778048524246,1.78778048524246,1.78778048524246,1.78778048524246,1.78778048524246,1.78778048524246,-14.2305497106801,-9.87750483845869,-6.36156475836504,-3.60094498044993,-1.51386101476417,-0.0185283713585607,0.966837439716095,1.524020908409,1.73480652466936,1.68097877844636,1.44432215968919,1.10662115834709,0.749660264369245,0.45522396770478,0.305096758303032,0.381063126113078,0.764907561084131,1.5384145531655,2.78336859230625,4.58155416845566,4.58155416845566,4.58155416845566,4.58155416845566,4.58155416845566,4.58155416845566,4.58155416845566,4.58155416845566,4.58155416845566,4.58155416845566,4.58155416845566,4.58155416845566,4.58155416845566,4.58155416845566,4.58155416845566,4.58155416845566,4.58155416845566,4.58155416845566,4.58155416845566,4.58155416845566,4.58155416845566,4.67280520746499,4.16875743248458,3.66470965750417,3.16066188252377,2.65661410754336,2.15256633256295,1.65396639683398,1.18481252723145,0.761788675599592,0.403705158544058,0.148816201707451,0.0414385565847883,0.113084863113549,0.370619663133827,0.783829883383097,1.29614584818177,1.85964377818584,2.44636908029924,3.03469522465089,3.61412035220531,3.61412035220531,3.61412035220531,3.61412035220531,3.61412035220531,3.61412035220531,3.61412035220531,3.61412035220531,3.61412035220531,3.61412035220531,3.61412035220531,3.61412035220531,3.61412035220531,3.61412035220531,3.61412035220531,3.61412035220531,3.61412035220531,3.61412035220531,3.61412035220531,3.61412035220531,3.61412035220531,1,1,1,1,1,1,1,1,1,1,1,1,1,1,1,1,1,1,0,0,0,0,0,0,0,0,0,0,0,0,0,0,0,0,0,0,0,0,0,0
-0.877364686183062,0.303952752782182,-2.06136759947551,0.339033657917071,3.58161540201292,-0.614363323331705,0.873817795799029,0.839762543297595,0.999948743912709,1.71454265633871,-2.67149687148715,-0.288314285045509,1.64182692096022,-0.384904981901856,-1.17910406203058,1.2011795835773,0.326792486311184,-0.432166075956363,0.749108671913662,-0.93874027377014,-1.40774970061199,0.445417778526556,0.210038363253776,-1.49860153477904,-1.5360664670353,-0.427576090920473,-2.2734568244505,-1.57711748895825,1.13675232341427,-0.838074319642258,2.07967042984644,-2.51416955624105,-0.109351555293832,0.533980911404173,0.267699213622915,-1.26694623345093,-0.220107638751486,-1.01863588798196,-2.10232178007175,-0.43898822300959,0.774303979112351,0.801735587748541,0.829167196384732,0.856598805020921,0.88403041365711,0.911462022293303,0.938893630929492,0.966325239565682,0.993756848201871,1.02118845683806,1.04862006547425,1.07605167411044,1.10348328274663,1.13091489138282,1.15834650001901,1.1857781086552,1.21320971729139,1.24064132592758,1.26807293456377,1.29550454319996,1.29550454319996,1.29550454319996,1.29550454319996,1.29550454319996,1.29550454319996,1.29550454319996,1.29550454319996,1.29550454319996,1.29550454319996,1.29550454319996,1.29550454319996,1.29550454319996,1.29550454319996,1.29550454319996,1.29550454319996,1.29550454319996,1.29550454319996,1.29550454319996,1.29550454319996,1.29550454319996,8.44084834526395,6.65991638070684,5.14127041067712,3.86733558607283,2.82053705779205,1.98329997673283,1.33804949379322,0.86721075987127,0.55320892586505,0.378469142672607,0.325416561192007,0.376476332321298,0.514073606958531,0.720633536001777,0.978581270349073,1.2703419608985,1.57834075854809,1.88500281419591,2.17275327874001,2.42401730307846,2.42401730307846,2.42401730307846,2.42401730307846,2.42401730307846,2.42401730307846,2.42401730307846,2.42401730307846,2.42401730307846,2.42401730307846,2.42401730307846,2.42401730307846,2.42401730307846,2.42401730307846,2.42401730307846,2.42401730307846,2.42401730307846,2.42401730307846,2.42401730307846,2.42401730307846,2.42401730307846,1.51932277530224,1.47618181778756,1.43304086027285,1.38989990275815,1.34675894524346,1.30361798772877,1.25245639517998,1.1620747231036,1.03162932539558,0.878408612148601,0.722640199253224,0.616077940284848,0.618279964039822,0.725093854437054,0.878013578296004,1.04687821359771,1.25870261221381,1.55394246120339,1.94217932719203,2.38914151172861,2.38914151172861,2.38914151172861,2.38914151172861,2.38914151172861,2.38914151172861,2.38914151172861,2.38914151172861,2.38914151172861,2.38914151172861,2.38914151172861,2.38914151172861,2.38914151172861,2.38914151172861,2.38914151172861,2.38914151172861,2.38914151172861,2.38914151172861,2.38914151172861,2.38914151172861,2.38914151172861,1,1,1,1,1,1,1,1,1,1,1,1,1,1,1,1,1,1,1,1,1,1,1,1,1,1,1,1,1,1,1,1,1,1,1,1,1,1,1,1
-0.500043448358934,0.521249960871793,-0.550652260153287,1.34406777726838,0.557834960960517,-1.38810146523443,-1.59727674039467,2.07745148423417,0.301158902560244,-0.392942735295286,2.47798433964542,0.320209673228341,0.0494307909770981,-0.586836939182984,-0.244716838710788,-2.06708208513012,-0.0725452682347996,2.18449693607538,-0.184428470780283,-0.300851520281528,0.154982530054575,-0.610283628045419,3.53181456938166,-0.779648156628383,-0.462714007660097,0.974517233603045,-0.657434066580127,-1.60379117196682,3.06535514108297,0.923503252598854,-0.664553315988229,-0.188634531698385,-0.191076572534095,-1.48614696405893,-0.533917933303822,-1.73989150834858,0.773053566137094,-1.34882936816527,-1.41785828984465,0.445311807685687,-2.85944085430893,-2.59411663387833,-2.32879241344774,-2.06346819301714,-1.79814397258655,-1.53281975215595,-1.26749553172536,-1.00217131129476,-0.736847090864172,-0.471522870433574,-0.20619865000298,0.0591255704276126,0.324449790858205,0.589774011288803,0.855098231719396,1.12042245214999,1.38574667258058,1.65107089301118,1.91639511344177,2.18171933387237,2.18171933387237,2.18171933387237,2.18171933387237,2.18171933387237,2.18171933387237,2.18171933387237,2.18171933387237,2.18171933387237,2.18171933387237,2.18171933387237,2.18171933387237,2.18171933387237,2.18171933387237,2.18171933387237,2.18171933387237,2.18171933387237,2.18171933387237,2.18171933387237,2.18171933387237,2.18171933387237,-6.03504565395245,-5.14907214182635,-4.33506571269494,-3.58950119376265,-2.90885341223398,-2.28959719531339,-1.72820737020535,-1.22115876411429,-0.764926204244714,-0.355984517801094,0.00919146801212278,0.334126925990429,0.622347028929386,0.877376949624574,1.10274186087148,1.3019669354656,1.47857734620253,1.63609826587775,1.77805486728688,1.90797232322538,1.90797232322538,1.90797232322538,1.90797232322538,1.90797232322538,1.90797232322538,1.90797232322538,1.90797232322538,1.90797232322538,1.90797232322538,1.90797232322538,1.90797232322538,1.90797232322538,1.90797232322538,1.90797232322538,1.90797232322538,1.90797232322538,1.90797232322538,1.90797232322538,1.90797232322538,1.90797232322538,-8.24425373147455,-7.22523104914546,-6.20620836681633,-5.18718568448721,-4.16816300215811,-3.14914031982899,-2.12075955559771,-1.07794568574036,-0.175462199998899,0.421545249405751,0.722047470710013,0.819314577638387,0.782679074234899,0.712150429724513,0.740241604107306,0.919767361072626,1.19217497786361,1.46179554358051,1.6643413658702,1.80481205195102,1.80481205195102,1.80481205195102,1.80481205195102,1.80481205195102,1.80481205195102,1.80481205195102,1.80481205195102,1.80481205195102,1.80481205195102,1.80481205195102,1.80481205195102,1.80481205195102,1.80481205195102,1.80481205195102,1.80481205195102,1.80481205195102,1.80481205195102,1.80481205195102,1.80481205195102,1.80481205195102,1,1,1,1,1,1,1,1,1,1,1,1,1,1,1,1,1,1,1,1,1,1,1,1,1,1,1,1,1,1,1,1,1,1,1,1,1,1,1,1
-2.55904340150939,-1.77736931351078,-0.743872495809558,-0.630817577384244,0.220832024808773,-1.3465893069841,0.268795994747707,0.850387224472024,-0.723155569169984,1.50761546733333,0.779430670177534,-0.262863591549513,-0.572626348410028,-0.372213207149869,0.930525545036396,1.73947328778232,0.173278684777967,0.16945893540518,-0.119354151591592,1.10218807853173,-0.859848508702814,0.460832280139984,-2.83615598487352,-0.650846437162789,-0.787302139835335,1.03938527846193,-0.796095109166474,-2.38844128112779,0.58012677524783,0.466183877582083,0.434400257347798,0.579740782409205,3.56161312352016,0.104252891800542,1.47176447690106,-1.29532914616029,1.29782471461055,0.289809533799069,-0.12970518113079,3.34655273017811,-0.6360914718666,-0.527332778541112,-0.418574085215623,-0.309815391890135,-0.201056698564646,-0.0922980052391571,0.0164606880863314,0.125219381411821,0.23397807473731,0.342736768062798,0.451495461388285,0.560254154713775,0.669012848039264,0.777771541364752,0.886530234690239,0.995288928015729,1.10404762134121,1.21280631466671,1.3215650079922,1.43032370131768,1.43032370131768,1.43032370131768,1.43032370131768,1.43032370131768,1.43032370131768,1.43032370131768,1.43032370131768,1.43032370131768,1.43032370131768,1.43032370131768,1.43032370131768,1.43032370131768,1.43032370131768,1.43032370131768,1.43032370131768,1.43032370131768,1.43032370131768,1.43032370131768,1.43032370131768,1.43032370131768,-25.7666213449866,-18.2049905875538,-12.1164354417775,-7.35583696497383,-3.77807621445903,-1.23803424754931,0.409407878439113,1.30936910619001,1.60696837838715,1.44732463771433,0.975556826855343,0.33678388849394,-0.323875234686085,-0.861301600000989,-1.13037626476689,-0.985980286300107,-0.282994721916838,1.12369937106669,3.3792209353343,6.62868891356974,6.62868891356974,6.62868891356974,6.62868891356974,6.62868891356974,6.62868891356974,6.62868891356974,6.62868891356974,6.62868891356974,6.62868891356974,6.62868891356974,6.62868891356974,6.62868891356974,6.62868891356974,6.62868891356974,6.62868891356974,6.62868891356974,6.62868891356974,6.62868891356974,6.62868891356974,6.62868891356974,-4.67336315691417,-3.79906460667729,-2.92476605644039,-2.05046750620351,-1.17616895596662,-0.301870405729734,0.505247000670295,0.95417063930491,0.916549254646329,0.521451981467957,-0.00397837849830296,-0.41715220742093,-0.517616076310858,-0.249427440487796,0.297927290040164,1.00888611076806,1.81313225776742,2.66862249426482,3.54389349213633,4.42148685858829,4.42148685858829,4.42148685858829,4.42148685858829,4.42148685858829,4.42148685858829,4.42148685858829,4.42148685858829,4.42148685858829,4.42148685858829,4.42148685858829,4.42148685858829,4.42148685858829,4.42148685858829,4.42148685858829,4.42148685858829,4.42148685858829,4.42148685858829,4.42148685858829,4.42148685858829,4.42148685858829,1,1,1,1,1,1,1,1,1,1,1,1,1,1,1,1,1,1,1,1,1,1,1,1,1,1,1,1,1,1,1,1,1,1,1,1,1,1,1,1
-2.38673912928415,1.49647558772514,1.56746712223161,-0.248782453129751,-1.66735246955761,0.782686225075918,0.877388936391469,0.6587133902978,1.10701549683822,1.58762368702462,2.76213803059692,-1.15560924619211,0.752780220989949,-1.59471845596399,0.532005862704768,-0.147406182193839,-0.842048560552026,-1.74022506411044,0.18862567505824,-0.344972862048742,1.88514255735841,-1.86435299287428,0.0243213030544478,0.66271530126784,1.87419785885027,-0.106024838626777,0.0208186430062636,0.947103693741262,-0.223529929827928,0.255362368493859,0.73382038066358,-0.150806661084339,1.1358006298214,-0.685794821356467,0.133972526755533,-2.18541914777443,0.981335830437569,-1.20690965403839,0.687942293669227,0.33870740766155,0.682528290424455,0.619121880787297,0.55571547115014,0.492309061512984,0.428902651875829,0.36549624223867,0.302089832601514,0.238683422964357,0.1752770133272,0.111870603690043,0.0484641940528849,-0.0149422155842718,-0.0783486252214267,-0.141755034858583,-0.20516144449574,-0.268567854132897,-0.331974263770055,-0.395380673407212,-0.458787083044371,-0.522193492681524,-0.522193492681524,-0.522193492681524,-0.522193492681524,-0.522193492681524,-0.522193492681524,-0.522193492681524,-0.522193492681524,-0.522193492681524,-0.522193492681524,-0.522193492681524,-0.522193492681524,-0.522193492681524,-0.522193492681524,-0.522193492681524,-0.522193492681524,-0.522193492681524,-0.522193492681524,-0.522193492681524,-0.522193492681524,-0.522193492681524,-24.2168592008567,-17.2156499013595,-11.5493772626694,-7.0919209941389,-3.7171608051207,-1.29897640496738,0.288752496968447,1.17214619133418,1.47732496877719,1.33040911994486,0.857518935484578,0.18477470604374,-0.561703277730244,-1.25579472519004,-1.77137934568823,-1.98233684857743,-1.76254694321024,-0.985889338939254,0.473756254882836,2.74251012890345,2.74251012890345,2.74251012890345,2.74251012890345,2.74251012890345,2.74251012890345,2.74251012890345,2.74251012890345,2.74251012890345,2.74251012890345,2.74251012890345,2.74251012890345,2.74251012890345,2.74251012890345,2.74251012890345,2.74251012890345,2.74251012890345,2.74251012890345,2.74251012890345,2.74251012890345,2.74251012890345,3.10229110202489,2.44012824486064,1.77796538769634,1.1158025305321,0.453639673367853,-0.208523183796396,-0.831901243805965,-1.1779703872716,-0.863508090635737,0.124031106804187,1.23030161499968,1.90487087239465,2.04071859436477,1.72123505241456,0.947628609233202,-0.192114441670668,-1.3248336527418,-1.92676510813445,-1.70054060714123,-0.870801086581448,-0.870801086581448,-0.870801086581448,-0.870801086581448,-0.870801086581448,-0.870801086581448,-0.870801086581448,-0.870801086581448,-0.870801086581448,-0.870801086581448,-0.870801086581448,-0.870801086581448,-0.870801086581448,-0.870801086581448,-0.870801086581448,-0.870801086581448,-0.870801086581448,-0.870801086581448,-0.870801086581448,-0.870801086581448,-0.870801086581448,1,1,1,1,1,1,1,1,1,1,1,1,1,1,1,1,1,1,1,1,1,1,1,1,1,1,1,1,1,1,1,1,1,1,1,1,1,1,1,1
-1.50973146278354,-1.63305321968954,-1.02508845497589,0.109778471875192,1.21634650965471,-0.404051097536012,0.384425747983363,0.704391026799547,0.651899135545301,-1.1850819433713,-1.34795570753608,-0.794937843775289,-2.88386924948573,0.0813750995123961,-2.03763941652527,-0.914183388849432,0.571799652746584,-0.138249784349853,1.79432055849441,3.37579380141042,3.26613848292163,-0.458676416477424,0.645417615025478,-1.94056668563883,-1.26362538909987,-2.11554194495322,-0.124995745025867,0.502617134969135,-1.39975995033104,-0.445595272296961,-0.638596085552537,1.99596177857746,1.00982771816144,0.510265189752014,0.271937263887631,0.165072426036405,0.805470190223055,-1.94539162241672,1.487606407363,3.45311995677658,-2.03418177146597,-1.84573269215551,-1.65728361284506,-1.4688345335346,-1.28038545422415,-1.09193637491369,-0.903487295603236,-0.715038216292781,-0.526589136982327,-0.33814005767187,-0.149690978361416,0.0387581009490425,0.227207180259496,0.415656259569952,0.604105338880407,0.792554418190861,0.981003497501318,1.16945257681177,1.35790165612223,1.54635073543268,1.54635073543268,1.54635073543268,1.54635073543268,1.54635073543268,1.54635073543268,1.54635073543268,1.54635073543268,1.54635073543268,1.54635073543268,1.54635073543268,1.54635073543268,1.54635073543268,1.54635073543268,1.54635073543268,1.54635073543268,1.54635073543268,1.54635073543268,1.54635073543268,1.54635073543268,1.54635073543268,-13.410748995159,-9.8863672924799,-7.01744810914976,-4.739649692872,-2.98863029135009,-1.70004815228748,-0.809561523387642,-0.252828652354008,0.0344922131099459,0.116742825300763,0.0582649365149965,-0.0765997009508244,-0.223509334800148,-0.318122212736437,-0.296096582463148,-0.0930906916837433,0.355237211898308,1.1132288805796,2.2452260666566,3.81557052242591,3.81557052242591,3.81557052242591,3.81557052242591,3.81557052242591,3.81557052242591,3.81557052242591,3.81557052242591,3.81557052242591,3.81557052242591,3.81557052242591,3.81557052242591,3.81557052242591,3.81557052242591,3.81557052242591,3.81557052242591,3.81557052242591,3.81557052242591,3.81557052242591,3.81557052242591,3.81557052242591,-2.03103774996495,-1.81508309243237,-1.59912843489978,-1.38317377736719,-1.16721911983461,-0.951264462302011,-0.744413326710458,-0.586208609978812,-0.496226868431748,-0.46477863008173,-0.460625405788162,-0.424529170422584,-0.293637380684931,-0.0467468498055883,0.294055673816297,0.694596530287365,1.12424645019452,1.56398930029747,2.01324417779523,2.47376677686556,2.47376677686556,2.47376677686556,2.47376677686556,2.47376677686556,2.47376677686556,2.47376677686556,2.47376677686556,2.47376677686556,2.47376677686556,2.47376677686556,2.47376677686556,2.47376677686556,2.47376677686556,2.47376677686556,2.47376677686556,2.47376677686556,2.47376677686556,2.47376677686556,2.47376677686556,2.47376677686556,1,1,1,1,1,1,1,1,1,1,1,1,1,1,1,1,1,1,1,1,1,1,1,1,1,1,1,1,1,1,1,1,1,1,1,1,1,1,1,1
-0.376076262166156,-0.00917671323775604,-0.176560592090585,0.712594863690716,-2.10798448230551,2.14192270744518,1.55414311297969,-1.18703046562554,0.587571116191519,-0.729430934973042,-0.809454878502017,-1.69500641188212,-1.9953659641064,-0.556184785368645,0.0930851475085674,1.25298092297771,1.92105780484935,4.0307123332097,0.851618698905654,-1.77647042237789,1.07975257493516,0.190190516147309,0.324120708400571,0.154878476238011,0.983735299610764,-1.63637713868673,-1.31291342875746,-0.498848582149375,0.400771736485812,0.0666603700229516,1.37543033599719,0.800425921600521,1.84222734311747,2.73086665306275,1.65236315670997,0.0466935493206417,-2.57419997645645,-0.246541851500742,-0.441771842280529,-1.45830640885334,-2.75027278158239,-2.48924033234772,-2.22820788311305,-1.96717543387838,-1.70614298464371,-1.44511053540904,-1.18407808617437,-0.923045636939704,-0.662013187705035,-0.400980738470365,-0.139948289235697,0.121084159998972,0.382116609233643,0.64314905846831,0.90418150770298,1.16521395693765,1.42624640617232,1.68727885540699,1.94831130464166,2.20934375387633,2.20934375387633,2.20934375387633,2.20934375387633,2.20934375387633,2.20934375387633,2.20934375387633,2.20934375387633,2.20934375387633,2.20934375387633,2.20934375387633,2.20934375387633,2.20934375387633,2.20934375387633,2.20934375387633,2.20934375387633,2.20934375387633,2.20934375387633,2.20934375387633,2.20934375387633,2.20934375387633,19.7530285181927,14.4219974408485,9.98720552260039,6.37798111384927,3.52365256499601,1.35354822644153,-0.203003551413302,-1.21667441816759,-1.75813602342043,-1.89806001677095,-1.70711804781823,-1.25598176616141,-0.615322821399579,0.14418713686816,0.951876459042685,1.73707349552489,2.42910659671568,2.95730411301592,3.25099439482653,3.2395057925484,3.2395057925484,3.2395057925484,3.2395057925484,3.2395057925484,3.2395057925484,3.2395057925484,3.2395057925484,3.2395057925484,3.2395057925484,3.2395057925484,3.2395057925484,3.2395057925484,3.2395057925484,3.2395057925484,3.2395057925484,3.2395057925484,3.2395057925484,3.2395057925484,3.2395057925484,3.2395057925484,2.19550229381193,1.80569835561254,1.41589441741315,1.02609047921375,0.636286541014357,0.246482602814965,-0.147511185142304,-0.559372022569345,-0.969603602784492,-1.31233899626834,-1.48900868870087,-1.4055590465117,-1.0317603188281,-0.412503182224425,0.386384376749312,1.29819604369879,2.23004506380402,3.09800335445495,3.89391889292226,4.66073504369082,4.66073504369082,4.66073504369082,4.66073504369082,4.66073504369082,4.66073504369082,4.66073504369082,4.66073504369082,4.66073504369082,4.66073504369082,4.66073504369082,4.66073504369082,4.66073504369082,4.66073504369082,4.66073504369082,4.66073504369082,4.66073504369082,4.66073504369082,4.66073504369082,4.66073504369082,4.66073504369082,1,1,1,1,1,1,1,1,1,1,1,1,1,1,1,1,0,0,0,1,1,1,1,1,1,1,1,1,1,1,1,1,1,1,1,1,1,1,1,1
0.450305040695632,-1.15258056854703,1.88604427727247,1.44766429687656,0.0643484626950439,0.149210634764803,1.32540004480252,-1.61906226797773,-1.33287131224301,0.367834185947121,-1.70304318148884,1.70290524179228,0.111240562596022,1.51852951679258,-0.44952981667485,3.14192874429765,-1.28902408085394,-0.769640854081379,0.04824430902441,3.31437095190443,1.1904385398025,0.0911384706596241,1.05675723953956,1.82003088816416,2.26713810916642,-0.669513922921103,0.773674796782734,1.24527311863109,2.71348412389861,1.27041665970781,-0.798923127194561,-0.933999199200723,0.770990579278982,-0.838284963845249,-2.25272914485756,2.8262558448685,-0.995578229809807,-2.60283668410262,-0.481368797259814,-1.12039154836428,-1.32689607120486,-1.14002576443511,-0.953155457665358,-0.766285150895609,-0.579414844125859,-0.392544537356109,-0.205674230586359,-0.0188039238166109,0.168066382953141,0.354936689722891,0.541806996492642,0.728677303262391,0.91554761003214,1.10241791680189,1.28928822357164,1.47615853034139,1.66302883711114,1.84989914388089,2.03676945065064,2.22363975742039,2.22363975742039,2.22363975742039,2.22363975742039,2.22363975742039,2.22363975742039,2.22363975742039,2.22363975742039,2.22363975742039,2.22363975742039,2.22363975742039,2.22363975742039,2.22363975742039,2.22363975742039,2.22363975742039,2.22363975742039,2.22363975742039,2.22363975742039,2.22363975742039,2.22363975742039,2.22363975742039,-24.6622900493188,-17.8639310613186,-12.3096007797844,-7.88234712180656,-4.46521800447578,-1.94126134488259,-0.193525060117576,0.894942932728728,1.44109471656573,1.56188237430285,1.37425798884954,0.995173643115256,0.541581420009376,0.130433402441346,-0.121318326679352,-0.096721684443315,0.321175412058851,1.24932504573666,2.80467929949938,5.1041902562566,5.1041902562566,5.1041902562566,5.1041902562566,5.1041902562566,5.1041902562566,5.1041902562566,5.1041902562566,5.1041902562566,5.1041902562566,5.1041902562566,5.1041902562566,5.1041902562566,5.1041902562566,5.1041902562566,5.1041902562566,5.1041902562566,5.1041902562566,5.1041902562566,5.1041902562566,5.1041902562566,-1.32729995193958,-1.14036725082966,-0.953434549719739,-0.766501848609821,-0.579569147499902,-0.392636446389987,-0.205704122876146,-0.0187752398644907,0.16814118142522,0.355032196564467,0.541889685130686,0.728718990351494,0.915537463637897,1.10236448193355,1.28921199175334,1.4760810125573,1.6629680791097,1.84987692953072,2.03681589178205,2.22377900569015,2.22377900569015,2.22377900569015,2.22377900569015,2.22377900569015,2.22377900569015,2.22377900569015,2.22377900569015,2.22377900569015,2.22377900569015,2.22377900569015,2.22377900569015,2.22377900569015,2.22377900569015,2.22377900569015,2.22377900569015,2.22377900569015,2.22377900569015,2.22377900569015,2.22377900569015,2.22377900569015,1,1,1,1,1,1,1,1,1,1,1,1,1,1,1,1,1,1,1,1,1,1,1,1,1,1,1,1,1,1,1,1,1,1,1,1,1,1,1,1
0.743825659841239,1.05099965563625,1.26236291389459,-0.349646031883609,-1.68914835768271,1.01291932852451,-0.85234639255175,-0.175706300690802,0.767669686654322,-3.35420302522172,0.0127603654325945,0.00172622362996933,-0.0761030772740252,-0.532824827431849,0.895964536857749,0.625426591959705,-0.340004489110468,-0.232174676614775,-1.77479771991559,-0.8536997076831,-0.389846136195544,-0.641165210784861,-1.53368865968094,-2.05702595857263,0.4797907012445,1.04533802937837,-0.20628196463827,-1.88842740563683,-0.912383338866979,-0.133882740047417,1.37936946443742,-1.36109849590401,-1.93111744880812,2.17896170105554,-1.17968892212645,-1.2149071274112,1.17583219428919,2.41257905532498,-0.581971511410293,0.988706322820716,-0.746169983776825,-0.734340443931532,-0.722510904086239,-0.710681364240948,-0.698851824395654,-0.687022284550361,-0.675192744705068,-0.663363204859776,-0.651533665014481,-0.639704125169189,-0.627874585323896,-0.616045045478602,-0.604215505633311,-0.592385965788019,-0.580556425942721,-0.568726886097432,-0.556897346252139,-0.545067806406843,-0.533238266561554,-0.52140872671626,-0.52140872671626,-0.52140872671626,-0.52140872671626,-0.52140872671626,-0.52140872671626,-0.52140872671626,-0.52140872671626,-0.52140872671626,-0.52140872671626,-0.52140872671626,-0.52140872671626,-0.52140872671626,-0.52140872671626,-0.52140872671626,-0.52140872671626,-0.52140872671626,-0.52140872671626,-0.52140872671626,-0.52140872671626,-0.52140872671626,-6.09015855758003,-4.59844560173181,-3.38217767194911,-2.41526448443828,-1.67161575540567,-1.12514120105761,-0.749750537600463,-0.519353481240548,-0.407859748184247,-0.389179054637895,-0.437221116807832,-0.52589565090039,-0.629112373121936,-0.720780999678828,-0.774811246777391,-0.765112830623947,-0.66559546742492,-0.450168873386597,-0.092742764715334,0.432773142382498,0.432773142382498,0.432773142382498,0.432773142382498,0.432773142382498,0.432773142382498,0.432773142382498,0.432773142382498,0.432773142382498,0.432773142382498,0.432773142382498,0.432773142382498,0.432773142382498,0.432773142382498,0.432773142382498,0.432773142382498,0.432773142382498,0.432773142382498,0.432773142382498,0.432773142382498,0.432773142382498,2.69691060918835,1.90859889624608,1.12028718330381,0.331975470361535,-0.456336242580732,-1.244647955523,-2.02948195711864,-2.78806568730109,-3.47411614558939,-4.04856714769878,-4.50289727811695,-4.84596041892005,-5.09161540980163,-5.26457680167508,-5.39965223265323,-5.53293970842844,-5.69382762025785,-5.88944623490085,-6.09981422941221,-6.30632309387866,-6.30632309387866,-6.30632309387866,-6.30632309387866,-6.30632309387866,-6.30632309387866,-6.30632309387866,-6.30632309387866,-6.30632309387866,-6.30632309387866,-6.30632309387866,-6.30632309387866,-6.30632309387866,-6.30632309387866,-6.30632309387866,-6.30632309387866,-6.30632309387866,-6.30632309387866,-6.30632309387866,-6.30632309387866,-6.30632309387866,1,1,1,1,1,1,1,1,1,1,1,1,1,1,1,1,1,1,1,1,1,1,1,1,1,1,1,1,1,1,1,1,1,1,1,1,1,1,1,1
2.13620996765787,-2.46976032907969,-1.72503509927491,2.40656861246323,-2.05835244235672,0.919292944194583,-0.874625336692786,0.465948577771281,-1.2060319847313,-0.179735353475559,-1.03678479874158,0.399090775411707,0.755677543741538,-0.159381029623074,-2.86730684436829,1.60765436995395,0.0659240877197718,1.14738817325249,-0.50505879915648,-0.388162047915152,1.99259469964182,-1.05920283207743,0.985957791379985,-2.08120494727639,1.92039085246419,-0.978207309838378,-0.483703067605706,-0.476680105104938,2.68029505594299,-1.91834658124787,-1.38275201279775,-0.477216062836558,-0.754490317267955,0.786840961830388,2.13856323345515,1.02460629083122,0.526179946674761,0.863584512356775,1.91582676108471,-0.669621350207098,-1.15167985507448,-1.0994621118511,-1.04724436862772,-0.995026625404334,-0.942808882180948,-0.890591138957565,-0.838373395734182,-0.786155652510798,-0.733937909287413,-0.68172016606403,-0.629502422840645,-0.577284679617259,-0.525066936393875,-0.472849193170493,-0.420631449947109,-0.368413706723725,-0.316195963500341,-0.263978220276957,-0.211760477053573,-0.15954273383019,-0.15954273383019,-0.15954273383019,-0.15954273383019,-0.15954273383019,-0.15954273383019,-0.15954273383019,-0.15954273383019,-0.15954273383019,-0.15954273383019,-0.15954273383019,-0.15954273383019,-0.15954273383019,-0.15954273383019,-0.15954273383019,-0.15954273383019,-0.15954273383019,-0.15954273383019,-0.15954273383019,-0.15954273383019,-0.15954273383019,1.58278139753159,0.388140769190237,-0.491005349153043,-1.09033607134539,-1.44553051123396,-1.59226778266588,-1.56622699948832,-1.4030872755484,-1.13852772469329,-0.808227460770123,-0.44786559762604,-0.0931212491081972,0.220326470936266,0.4567984486602,0.580615570216457,0.556098721757904,0.347568789437384,-0.0806533405922476,-0.764246782178132,-1.73889064916742,-1.73889064916742,-1.73889064916742,-1.73889064916742,-1.73889064916742,-1.73889064916742,-1.73889064916742,-1.73889064916742,-1.73889064916742,-1.73889064916742,-1.73889064916742,-1.73889064916742,-1.73889064916742,-1.73889064916742,-1.73889064916742,-1.73889064916742,-1.73889064916742,-1.73889064916742,-1.73889064916742,-1.73889064916742,-1.73889064916742,-1.34884501993282,-1.33344310499852,-1.31804119006423,-1.30263927512992,-1.28723736019563,-1.27183544526134,-1.24163659631431,-1.13938897225107,-0.959549004595655,-0.707134071830383,-0.392024423252497,-0.121030801037634,-0.0216186579204045,-0.0547167823166248,-0.0711870130805519,-0.0380964710576706,-0.0621924524124839,-0.225058559600656,-0.50754549020686,-0.844904673900887,-0.844904673900887,-0.844904673900887,-0.844904673900887,-0.844904673900887,-0.844904673900887,-0.844904673900887,-0.844904673900887,-0.844904673900887,-0.844904673900887,-0.844904673900887,-0.844904673900887,-0.844904673900887,-0.844904673900887,-0.844904673900887,-0.844904673900887,-0.844904673900887,-0.844904673900887,-0.844904673900887,-0.844904673900887,-0.844904673900887,1,1,1,1,1,1,1,1,1,1,1,1,1,1,1,1,1,1,1,1,1,1,1,1,1,1,1,1,1,1,1,1,1,1,1,1,1,1,1,1
-0.927295559154065,0.604617873098723,-2.51023278988166,-0.0173748205801658,0.108275745769482,0.984204628622727,-0.540615478846794,-1.56878596001794,0.0135002611949613,1.41529600085927,1.07824413982795,-2.24107409058726,1.42114917842812,-0.746441464987567,1.62955725467761,1.51340806419074,-0.715498396371537,0.857559601580292,0.0683092745370519,1.0845345970698,0.628350215430126,-1.06097273718793,-1.57952445402394,-0.502625489726155,1.44243968142117,-0.804403569377815,1.63182293042425,0.933763411762614,1.93663782609161,-1.79459566905098,-0.820408497729114,3.27437934115611,-0.101472345973585,2.20005134142588,-1.58453911050549,2.02461440501994,0.384053745396979,1.60086941881972,0.641112501329291,1.43880550611906,0.518215866787898,0.417756679167859,0.317297491547821,0.216838303927785,0.116379116307748,0.0159199286877083,-0.0845392589323293,-0.184998446552369,-0.285457634172406,-0.385916821792444,-0.486376009412481,-0.586835197032519,-0.687294384652558,-0.787753572272596,-0.888212759892635,-0.988671947512671,-1.08913113513271,-1.18959032275275,-1.29004951037279,-1.39050869799282,-1.39050869799282,-1.39050869799282,-1.39050869799282,-1.39050869799282,-1.39050869799282,-1.39050869799282,-1.39050869799282,-1.39050869799282,-1.39050869799282,-1.39050869799282,-1.39050869799282,-1.39050869799282,-1.39050869799282,-1.39050869799282,-1.39050869799282,-1.39050869799282,-1.39050869799282,-1.39050869799282,-1.39050869799282,-1.39050869799282,-28.6748832461629,-21.3141625618258,-15.2098597631081,-10.2554324064286,-6.34433804820589,-3.37003424485886,-1.22597855280624,0.194371471533216,0.997558271740765,1.29012429139762,1.17861197408508,0.769563763384326,0.169522102876627,-0.514970563856735,-1.17737179323455,-1.7111391416756,-2.00973016559862,-1.96660242142232,-1.4752134655655,-0.429020854446927,-0.429020854446927,-0.429020854446927,-0.429020854446927,-0.429020854446927,-0.429020854446927,-0.429020854446927,-0.429020854446927,-0.429020854446927,-0.429020854446927,-0.429020854446927,-0.429020854446927,-0.429020854446927,-0.429020854446927,-0.429020854446927,-0.429020854446927,-0.429020854446927,-0.429020854446927,-0.429020854446927,-0.429020854446927,-0.429020854446927,-8.38917433244526,-7.18570135074376,-5.98222836904229,-4.77875538734081,-3.57528240563932,-2.37180942393785,-1.19782086404894,-0.185818433331072,0.564735710361866,0.976043343810829,0.9796194250911,0.62780624637888,0.0935182484059354,-0.464578392752559,-0.9558975586198,-1.34828255374457,-1.65885261667617,-1.86225119626905,-1.8558958109698,-1.64555265484979,-1.64555265484979,-1.64555265484979,-1.64555265484979,-1.64555265484979,-1.64555265484979,-1.64555265484979,-1.64555265484979,-1.64555265484979,-1.64555265484979,-1.64555265484979,-1.64555265484979,-1.64555265484979,-1.64555265484979,-1.64555265484979,-1.64555265484979,-1.64555265484979,-1.64555265484979,-1.64555265484979,-1.64555265484979,-1.64555265484979,1,1,1,1,1,1,1,1,1,1,1,1,1,1,1,1,1,1,1,1,1,1,1,1,1,1,1,1,1,1,1,1,1,1,1,1,1,1,1,1
-1.54574599519366,2.3929670353552,-1.08400437958738,0.745093912171359,-0.811432002421351,-0.0210891570163003,-0.698773564845041,0.151614062980949,2.12073694972204,-1.26957456314145,-0.293923256054475,-1.30690938676308,-1.27228624015464,-1.14933102451675,0.975683824952178,-1.35990041030099,1.16207112371841,-0.223188152047273,-3.54056945530428,1.3448180013561,0.935064566941856,-0.38100573244167,-0.805897405088036,-0.923881049396092,-0.86665015330134,0.582928832687662,0.684583240562388,3.42945046596526,1.7138295952621,0.849398415960751,-2.05323131948423,1.54377672555011,-0.115803234852933,-0.388657194720674,0.860685046884225,-2.07465327444654,0.26382930488594,-0.103442471651249,1.50087881746774,0.854048908347799,2.2947289023479,2.06579729596219,1.83686568957648,1.60793408319077,1.37900247680506,1.15007087041934,0.921139264033636,0.692207657647922,0.463276051262211,0.234344444876498,0.00541283849078766,-0.223518767894925,-0.452450374280636,-0.681381980666346,-0.910313587052057,-1.13924519343777,-1.36817679982348,-1.59710840620919,-1.8260400125949,-2.05497161898062,-2.05497161898062,-2.05497161898062,-2.05497161898062,-2.05497161898062,-2.05497161898062,-2.05497161898062,-2.05497161898062,-2.05497161898062,-2.05497161898062,-2.05497161898062,-2.05497161898062,-2.05497161898062,-2.05497161898062,-2.05497161898062,-2.05497161898062,-2.05497161898062,-2.05497161898062,-2.05497161898062,-2.05497161898062,-2.05497161898062,5.968172290406,5.08215888586552,4.23769280875556,3.43839732886388,2.68789571597826,1.98981123988644,1.34776717037619,0.765386777235285,0.246293330251481,-0.205889900787458,-0.587539646093768,-0.895032635879687,-1.12474560035745,-1.27305526973929,-1.33633837423745,-1.31097164406416,-1.19333180943167,-0.979795600552194,-0.666739747637983,-0.250540980901276,-0.250540980901276,-0.250540980901276,-0.250540980901276,-0.250540980901276,-0.250540980901276,-0.250540980901276,-0.250540980901276,-0.250540980901276,-0.250540980901276,-0.250540980901276,-0.250540980901276,-0.250540980901276,-0.250540980901276,-0.250540980901276,-0.250540980901276,-0.250540980901276,-0.250540980901276,-0.250540980901276,-0.250540980901276,-0.250540980901276,4.06114852086571,3.51891579713362,2.9766830734015,2.4344503496694,1.8922176259373,1.3499849022052,0.800696279615961,0.221042450856475,-0.361810773186075,-0.86937230301932,-1.21770905949384,-1.3707584558386,-1.39243894777931,-1.40569731693446,-1.46046292493683,-1.50462369007468,-1.49045799433245,-1.41225557766547,-1.25866776437007,-1.03842535123168,-1.03842535123168,-1.03842535123168,-1.03842535123168,-1.03842535123168,-1.03842535123168,-1.03842535123168,-1.03842535123168,-1.03842535123168,-1.03842535123168,-1.03842535123168,-1.03842535123168,-1.03842535123168,-1.03842535123168,-1.03842535123168,-1.03842535123168,-1.03842535123168,-1.03842535123168,-1.03842535123168,-1.03842535123168,-1.03842535123168,1,1,1,1,1,1,1,1,1,1,1,1,1,1,1,1,1,1,1,1,1,1,1,1,1,1,1,1,1,1,1,1,1,1,1,1,1,1,1,1
-1.14951834691238,0.368981791076361,-0.641162099668526,-1.59417016669359,0.129409696894239,0.143159468544326,1.12572478424361,0.885987552418765,-0.81565867176908,-1.28609770598071,0.459581814920297,1.727756940501,-1.53935951563269,1.32527957315115,0.152241260728559,-1.0419763596,0.347433999056836,-0.335529259917074,-2.74944848105869,-0.180775806611658,-1.78402814237304,-0.282367715287572,0.54942805351631,0.969466755704932,0.00710850687039688,1.8892793973241,-1.06720209586589,-0.645826476274719,0.235341742010592,2.04331861456315,4.98117726154467,1.34048249532282,-0.392957236815667,-0.312608162041666,-1.5168947142453,0.695415184479277,-1.96536041181898,-0.83277556630849,-0.479154666298955,2.34136990676931,2.69477224978977,2.49557087773806,2.29636950568635,2.09716813363464,1.89796676158293,1.69876538953122,1.49956401747951,1.3003626454278,1.10116127337609,0.901959901324377,0.702758529272668,0.503557157220957,0.30435578516925,0.105154413117537,-0.0940469589341717,-0.293248330985882,-0.492449703037593,-0.691651075089304,-0.890852447141013,-1.09005381919272,-1.09005381919272,-1.09005381919272,-1.09005381919272,-1.09005381919272,-1.09005381919272,-1.09005381919272,-1.09005381919272,-1.09005381919272,-1.09005381919272,-1.09005381919272,-1.09005381919272,-1.09005381919272,-1.09005381919272,-1.09005381919272,-1.09005381919272,-1.09005381919272,-1.09005381919272,-1.09005381919272,-1.09005381919272,-1.09005381919272,-1.15232652492504,-0.0474736013409043,0.76392736964986,1.31376378504001,1.63392304182229,1.75629253698947,1.71275966753431,1.53521183044956,1.25553642272798,0.905620841362335,0.517352483345364,0.122618745669849,-0.246692974671472,-0.558695280685837,-0.78150077538047,-0.88322206176265,-0.831971742839599,-0.595862421618536,-0.14300670110674,0.558482815688571,0.558482815688571,0.558482815688571,0.558482815688571,0.558482815688571,0.558482815688571,0.558482815688571,0.558482815688571,0.558482815688571,0.558482815688571,0.558482815688571,0.558482815688571,0.558482815688571,0.558482815688571,0.558482815688571,0.558482815688571,0.558482815688571,0.558482815688571,0.558482815688571,0.558482815688571,0.558482815688571,2.45749626158961,2.28838251631129,2.11926877103296,1.95015502575464,1.78104128047632,1.61192753519799,1.44261724807724,1.27235531948807,1.10099528794209,0.927816696066305,0.750430420588668,0.566080016793594,0.372762403000268,0.16922335865007,-0.0443669076691364,-0.265887383022141,-0.492323331680621,-0.720817874965578,-0.949074401303555,-1.17633321426591,-1.17633321426591,-1.17633321426591,-1.17633321426591,-1.17633321426591,-1.17633321426591,-1.17633321426591,-1.17633321426591,-1.17633321426591,-1.17633321426591,-1.17633321426591,-1.17633321426591,-1.17633321426591,-1.17633321426591,-1.17633321426591,-1.17633321426591,-1.17633321426591,-1.17633321426591,-1.17633321426591,-1.17633321426591,-1.17633321426591,1,1,1,1,1,1,1,1,1,1,1,1,1,1,1,1,1,1,1,1,1,1,1,1,1,1,1,1,1,1,1,1,1,1,1,1,1,1,1,1
-1.12268187469662,0.0921264720427044,0.960575224706777,2.29699086326169,0.0794069138949407,0.581216610212596,1.31899427394647,1.32323207823287,3.08559994421033,-1.38156198166703,-2.19098237060998,-3.13173366697291,1.48001443636164,-2.12726520723613,1.60788892536021,0.739974428501959,0.251675635309383,-1.52015247791793,-1.29712207229379,0.255328078815619,-0.0680116107911601,0.474200587421599,0.504923797578412,-2.18072081679673,0.477463234607209,0.511414121256147,-0.327105527303591,-0.272362804824196,-1.2269874458009,1.13520305890322,2.9593568988628,1.55587098734562,2.35961390933269,-0.577387789040436,-0.181504267547995,-0.259958352135595,1.08730362710894,-1.15626824618791,0.699541115242921,2.12279229993547,3.64594455549111,3.24517832509524,2.84441209469936,2.44364586430348,2.04287963390761,1.64211340351173,1.24134717311585,0.840580942719974,0.439814712324099,0.0390484819282193,-0.361717748467656,-0.762483978863534,-1.16325020925941,-1.56401643965529,-1.96478267005117,-2.36554890044704,-2.76631513084292,-3.16708136123879,-3.56784759163467,-3.96861382203055,-3.96861382203055,-3.96861382203055,-3.96861382203055,-3.96861382203055,-3.96861382203055,-3.96861382203055,-3.96861382203055,-3.96861382203055,-3.96861382203055,-3.96861382203055,-3.96861382203055,-3.96861382203055,-3.96861382203055,-3.96861382203055,-3.96861382203055,-3.96861382203055,-3.96861382203055,-3.96861382203055,-3.96861382203055,-3.96861382203055,24.3803187355527,18.9809748780769,14.3508680137518,10.4320786061965,7.16668711903025,4.49677401587239,2.3644197603422,0.711704816058928,-0.519290353358187,-1.38648528428981,-1.94779951311672,-2.26115257621963,-2.38446400997925,-2.37565335077635,-2.29264013499162,-2.19334389900581,-2.13568417919967,-2.17758051195389,-2.37695243364919,-2.79171948066633,-2.79171948066633,-2.79171948066633,-2.79171948066633,-2.79171948066633,-2.79171948066633,-2.79171948066633,-2.79171948066633,-2.79171948066633,-2.79171948066633,-2.79171948066633,-2.79171948066633,-2.79171948066633,-2.79171948066633,-2.79171948066633,-2.79171948066633,-2.79171948066633,-2.79171948066633,-2.79171948066633,-2.79171948066633,-2.79171948066633,5.66796728014664,5.00053263307417,4.3330979860017,3.66566333892924,2.99822869185677,2.33079404478431,1.66506096167351,1.00805117473604,0.364328755872453,-0.252356567997214,-0.813046157161477,-1.29146860021207,-1.67873942268313,-1.98495434016707,-2.23804824550239,-2.46930950994886,-2.69099607982485,-2.90061029900223,-3.10243473092131,-3.30489475002886,-3.30489475002886,-3.30489475002886,-3.30489475002886,-3.30489475002886,-3.30489475002886,-3.30489475002886,-3.30489475002886,-3.30489475002886,-3.30489475002886,-3.30489475002886,-3.30489475002886,-3.30489475002886,-3.30489475002886,-3.30489475002886,-3.30489475002886,-3.30489475002886,-3.30489475002886,-3.30489475002886,-3.30489475002886,-3.30489475002886,1,1,1,1,1,1,1,1,1,1,1,0,0,0,1,1,1,0,1,1,1,1,1,1,1,1,1,1,1,1,1,1,1,1,1,1,1,1,1,1
0.490755616822154,-1.45035794359377,0.859160743767071,0.235185115470373,-2.88324020038004,-1.81145109033056,-0.0612863181062275,-2.0613408538284,0.934916363969426,0.760267897270223,-1.52317364793291,2.56300601884924,0.768060081653516,-2.14619535280285,-2.0236136633459,-0.406689606164027,-0.197889095012801,0.512661985219635,0.564632218071459,0.204816498213676,-1.54332355170369,0.831885311836324,-1.56958591622745,1.19663575467999,0.423227944384685,-1.58354482168769,-0.684151286454439,-0.254055552069117,3.05265490542243,0.16525968383924,-0.195107982873054,0.697736120010664,-0.289425332760887,1.73616718107279,0.824667217239986,-0.388718375999076,1.82587231147272,-2.18708560385392,1.07433745710365,1.4284603676554,-4.31714452596862,-3.8502888722941,-3.38343321861958,-2.91657756494505,-2.44972191127053,-1.98286625759601,-1.51601060392149,-1.04915495024697,-0.582299296572453,-0.115443642897933,0.351412010776588,0.818267664451112,1.28512331812563,1.75197897180015,2.21883462547467,2.68569027914919,3.15254593282371,3.61940158649823,4.08625724017275,4.55311289384727,4.55311289384727,4.55311289384727,4.55311289384727,4.55311289384727,4.55311289384727,4.55311289384727,4.55311289384727,4.55311289384727,4.55311289384727,4.55311289384727,4.55311289384727,4.55311289384727,4.55311289384727,4.55311289384727,4.55311289384727,4.55311289384727,4.55311289384727,4.55311289384727,4.55311289384727,4.55311289384727,-27.3757371482847,-20.317986325209,-14.5178374327719,-9.8553433660787,-6.2105570202348,-3.46353129034551,-1.49431907151623,-0.1829732588523,0.590453252540941,0.945907567558105,1.00333679109387,0.882688028042862,0.703908383299748,0.586944961759105,0.651744868315633,1.01825520786398,1.80642308529877,3.13619560551462,5.12751987340622,7.90034299386822,7.90034299386822,7.90034299386822,7.90034299386822,7.90034299386822,7.90034299386822,7.90034299386822,7.90034299386822,7.90034299386822,7.90034299386822,7.90034299386822,7.90034299386822,7.90034299386822,7.90034299386822,7.90034299386822,7.90034299386822,7.90034299386822,7.90034299386822,7.90034299386822,7.90034299386822,7.90034299386822,-7.01643102215124,-6.10396117905228,-5.19149133595334,-4.2790214928544,-3.36655164975546,-2.45408180665652,-1.56772261393916,-0.809079079497296,-0.18775240940678,0.305900601275486,0.626152069373235,0.808171112617368,0.995673024399851,1.26759917901828,1.60485103670767,2.03455956115381,2.65311217940625,3.51093899782676,4.56344403365853,5.71373182577635,5.71373182577635,5.71373182577635,5.71373182577635,5.71373182577635,5.71373182577635,5.71373182577635,5.71373182577635,5.71373182577635,5.71373182577635,5.71373182577635,5.71373182577635,5.71373182577635,5.71373182577635,5.71373182577635,5.71373182577635,5.71373182577635,5.71373182577635,5.71373182577635,5.71373182577635,5.71373182577635,1,1,1,1,1,1,1,1,1,1,1,1,1,1,1,1,1,1,1,0,0,0,0,0,0,0,0,0,0,0,0,0,0,0,0,0,0,0,0,0
2.90911134639255,-1.17118651871766,-0.804315838729607,-2.61434899689683,-0.27112800363513,-1.59201208946887,-1.65710484303774,1.06558341351268,-0.699944023704276,0.188150855094523,-1.26888936136176,0.637337421705825,1.04017002460642,-0.284120606013785,0.0861552942598696,0.822228990570098,1.32545629294369,-0.420719902146946,2.77228205595062,2.2392594580706,-1.83328842442855,-0.187465856721653,0.707094714525335,-0.0746698795822347,-1.31954447344542,-0.941040990618207,1.22988995676915,1.43994816708633,1.61912427166545,-0.759721974437287,0.092047182585155,0.312047161366161,-1.27663759031867,-2.04176417653237,-1.96963692003595,0.0317473652167664,0.23296186531965,0.0265279960659619,-0.297828729068286,-0.833482455271316,-1.76382910512933,-1.63780842089417,-1.51178773665902,-1.38576705242387,-1.25974636818872,-1.13372568395357,-1.00770499971842,-0.881684315483271,-0.755663631248122,-0.629642947012972,-0.503622262777821,-0.377601578542672,-0.251580894307519,-0.125560210072369,0.000460474162782276,0.126481158397933,0.252501842633084,0.378522526868235,0.504543211103384,0.630563895338533,0.630563895338533,0.630563895338533,0.630563895338533,0.630563895338533,0.630563895338533,0.630563895338533,0.630563895338533,0.630563895338533,0.630563895338533,0.630563895338533,0.630563895338533,0.630563895338533,0.630563895338533,0.630563895338533,0.630563895338533,0.630563895338533,0.630563895338533,0.630563895338533,0.630563895338533,0.630563895338533,-26.3854515496667,-20.0008317029391,-14.6638056605113,-10.2860936685515,-6.77941597322812,-4.05549282070951,-2.02604445716399,-0.602791128759902,0.302546918334404,0.778249437950581,0.9125961839203,0.793866910075209,0.510341370246971,0.150299318267232,-0.197979492032339,-0.446215306820086,-0.506128372264355,-0.289438934533488,0.29213276020417,1.32686646578028,1.32686646578028,1.32686646578028,1.32686646578028,1.32686646578028,1.32686646578028,1.32686646578028,1.32686646578028,1.32686646578028,1.32686646578028,1.32686646578028,1.32686646578028,1.32686646578028,1.32686646578028,1.32686646578028,1.32686646578028,1.32686646578028,1.32686646578028,1.32686646578028,1.32686646578028,1.32686646578028,-2.49808759196495,-2.2735781169018,-2.04906864183865,-1.8245591667755,-1.60004969171235,-1.3755402166492,-1.1523842602672,-0.937186323809609,-0.736350638607242,-0.552293669752451,-0.386169650704167,-0.240457772894244,-0.114735328598618,-0.0027285153471972,0.101673864268381,0.199217287155337,0.288536167777236,0.369448966125494,0.442333004756541,0.509597702342624,0.509597702342624,0.509597702342624,0.509597702342624,0.509597702342624,0.509597702342624,0.509597702342624,0.509597702342624,0.509597702342624,0.509597702342624,0.509597702342624,0.509597702342624,0.509597702342624,0.509597702342624,0.509597702342624,0.509597702342624,0.509597702342624,0.509597702342624,0.509597702342624,0.509597702342624,0.509597702342624,1,1,1,1,1,1,1,1,1,1,1,1,1,1,1,1,1,1,1,1,1,1,1,1,1,1,1,1,1,1,1,1,1,1,1,1,1,1,1,1
0.796642684683558,-1.44409897534602,-1.21864803223084,-0.12901813452626,1.04729468765451,-2.63161371182671,-1.18185105614068,-0.279103033196474,1.06498055562754,0.28358196999493,-1.61888055840372,-0.477766265373178,-2.20165214444939,2.23618417372056,0.955710025081013,2.11147931722318,0.129401508925296,-0.160390557029984,1.28276992935211,-2.36961438712884,3.25796178170218,-1.4904651159432,-1.77807510207788,-1.90347773341606,0.97526473599479,0.188189149148521,-0.316482964336702,1.88968233500002,-4.02155286001261,-1.42573797944499,1.71063676672814,-2.71697841348514,-1.79578809892257,0.873295858266586,-0.909176491811811,-0.23713046503071,0.8375657770281,-2.40550242509016,2.72059832694159,-1.65503647500192,0.357620521496388,0.366398672888891,0.375176824281392,0.383954975673896,0.392733127066399,0.401511278458903,0.410289429851408,0.41906758124391,0.427845732636413,0.436623884028918,0.445402035421422,0.454180186813925,0.462958338206429,0.471736489598934,0.480514640991435,0.489292792383942,0.498070943776446,0.506849095168947,0.515627246561451,0.524405397953956,0.524405397953956,0.524405397953956,0.524405397953956,0.524405397953956,0.524405397953956,0.524405397953956,0.524405397953956,0.524405397953956,0.524405397953956,0.524405397953956,0.524405397953956,0.524405397953956,0.524405397953956,0.524405397953956,0.524405397953956,0.524405397953956,0.524405397953956,0.524405397953956,0.524405397953956,0.524405397953956,-8.59879151359159,-6.63080482097074,-4.92186512167615,-3.4565896580283,-2.21959567234763,-1.19550040695461,-0.36892110416969,0.275524993686668,0.753220644294011,1.07954860533189,1.26989163447982,1.33963248941736,1.30415392782407,1.17883870737948,0.979069585763122,0.720229320654534,0.417700669733282,0.0868663906788871,-0.256890758829083,-0.598188021111099,-0.598188021111099,-0.598188021111099,-0.598188021111099,-0.598188021111099,-0.598188021111099,-0.598188021111099,-0.598188021111099,-0.598188021111099,-0.598188021111099,-0.598188021111099,-0.598188021111099,-0.598188021111099,-0.598188021111099,-0.598188021111099,-0.598188021111099,-0.598188021111099,-0.598188021111099,-0.598188021111099,-0.598188021111099,-0.598188021111099,1.32216215742254,1.19024850429092,1.0583348511593,0.926421198027673,0.79450754489605,0.662593891764426,0.533291771108777,0.418836220604451,0.329942879966172,0.273396109889619,0.2553826100858,0.276826426813443,0.32686349093075,0.388740640765645,0.45303834927949,0.52058583411668,0.594112587878916,0.673112986463995,0.755928981195062,0.841033867369845,0.841033867369845,0.841033867369845,0.841033867369845,0.841033867369845,0.841033867369845,0.841033867369845,0.841033867369845,0.841033867369845,0.841033867369845,0.841033867369845,0.841033867369845,0.841033867369845,0.841033867369845,0.841033867369845,0.841033867369845,0.841033867369845,0.841033867369845,0.841033867369845,0.841033867369845,0.841033867369845,1,1,1,1,1,1,1,1,1,1,1,1,1,1,1,1,1,1,1,1,1,1,1,1,1,1,1,1,1,1,1,1,1,1,1,1,1,1,1,1
-1.15341975423693,3.10122867952539,1.29656302196464,0.0613930265985312,1.56409755506915,1.06991719312364,-1.12696932801452,0.604101881511591,0.0928291299423272,-0.569841104415522,-1.06498420887275,2.04760009931634,-0.681849411604816,-1.75400544148492,0.917258860915563,-0.184280773001575,1.16209887272985,-1.75865448597835,0.124861344178923,2.75534475250091,0.279957791129444,0.981164093396025,-0.135980590828137,0.733672575957689,0.560585348207916,0.063530527265673,0.698201168354757,-0.705165197743995,2.35560762930175,2.10352309811118,-0.419881142553201,-0.397001613831566,-1.76338630181701,-1.14067489856479,-0.359190346442343,2.40709142068504,-2.3234886293658,1.11955985848794,-0.0253862338628217,-0.752145000332717,-0.580590056915574,-0.44278836149389,-0.304986666072208,-0.167184970650525,-0.0293832752288417,0.108418420192843,0.246220115614523,0.384021811036209,0.52182350645789,0.659625201879576,0.797426897301257,0.935228592722941,1.07303028814462,1.21083198356631,1.34863367898799,1.48643537440967,1.62423706983136,1.76203876525304,1.89984046067472,2.03764215609641,2.03764215609641,2.03764215609641,2.03764215609641,2.03764215609641,2.03764215609641,2.03764215609641,2.03764215609641,2.03764215609641,2.03764215609641,2.03764215609641,2.03764215609641,2.03764215609641,2.03764215609641,2.03764215609641,2.03764215609641,2.03764215609641,2.03764215609641,2.03764215609641,2.03764215609641,2.03764215609641,-0.497065203329429,0.194634083561691,0.672417005379211,0.965503444448767,1.10311328309599,1.11446640364652,1.02878268842599,0.875282019760036,0.683184279974292,0.481709351394391,0.300077116345967,0.167507457154649,0.113220256146095,0.166435395645928,0.356372757979765,0.712252225473271,1.26329368045205,2.03871700524177,3.06774208216804,4.37958879355651,4.37958879355651,4.37958879355651,4.37958879355651,4.37958879355651,4.37958879355651,4.37958879355651,4.37958879355651,4.37958879355651,4.37958879355651,4.37958879355651,4.37958879355651,4.37958879355651,4.37958879355651,4.37958879355651,4.37958879355651,4.37958879355651,4.37958879355651,4.37958879355651,4.37958879355651,4.37958879355651,-4.00365497089348,-3.29925821977406,-2.59486146865475,-1.89046471753538,-1.18606796641602,-0.481671215296677,0.227757189604169,0.90992052010652,1.31743529687285,1.2545509744836,0.840669842809742,0.347794821703392,0.0164187602661965,0.0708135981928546,0.600626706174163,1.37150554058264,2.00276781457462,2.35725257841296,2.58796486858393,2.83980033967232,2.83980033967232,2.83980033967232,2.83980033967232,2.83980033967232,2.83980033967232,2.83980033967232,2.83980033967232,2.83980033967232,2.83980033967232,2.83980033967232,2.83980033967232,2.83980033967232,2.83980033967232,2.83980033967232,2.83980033967232,2.83980033967232,2.83980033967232,2.83980033967232,2.83980033967232,2.83980033967232,1,1,1,1,1,1,1,1,1,1,1,1,1,1,1,1,1,1,1,1,1,1,1,1,1,1,1,1,1,1,1,1,1,1,1,1,1,1,1,1
-1.97703413568479,-1.9942093223291,0.953261816541735,-0.690975794830439,-0.201844196248815,1.18076998220844,4.21276306214872,-3.11450336387858,-0.946339217280137,3.33763890365555,-0.95007849156568,-1.18597806970638,-0.902312719219069,-0.666403077038055,-1.44985865241346,2.43519964427357,-0.575757522243624,0.37438355687023,-1.90472617078282,0.814605477977054,-0.563220791301116,0.448845040386372,-0.645691728477303,4.22363992852232,1.35212206513671,0.534464968167715,-0.599088152247075,-0.99847240518821,0.654680340771968,-2.88637566554483,1.45599217691352,-2.4256606796968,-1.35083229060412,1.87144186896475,-0.925343112350065,-3.2908809996532,-1.63368202310825,-1.35182600848066,0.47473727688571,0.240537853265893,3.02044920441361,2.71667202452046,2.41289484462731,2.10911766473416,1.805340484841,1.50156330494785,1.1977861250547,0.894008945161545,0.590231765268394,0.286454585375242,-0.0173225945179105,-0.321099774411062,-0.624876954304215,-0.928654134197368,-1.23243131409052,-1.53620849398367,-1.83998567387682,-2.14376285376998,-2.44754003366313,-2.75131721355628,-2.75131721355628,-2.75131721355628,-2.75131721355628,-2.75131721355628,-2.75131721355628,-2.75131721355628,-2.75131721355628,-2.75131721355628,-2.75131721355628,-2.75131721355628,-2.75131721355628,-2.75131721355628,-2.75131721355628,-2.75131721355628,-2.75131721355628,-2.75131721355628,-2.75131721355628,-2.75131721355628,-2.75131721355628,-2.75131721355628,-13.0393920626425,-9.16654653277738,-6.01560878991932,-3.52322380558872,-1.62603655130594,-0.260691998591316,0.636164881034809,1.12788911605207,1.27783573494011,1.14935976617861,0.805816238247191,0.310560179625497,-0.273053381206786,-0.881669415770013,-1.45193289558458,-1.92048879217081,-2.22398207704902,-2.29905772173963,-2.08236069776293,-1.51053597663924,-1.51053597663924,-1.51053597663924,-1.51053597663924,-1.51053597663924,-1.51053597663924,-1.51053597663924,-1.51053597663924,-1.51053597663924,-1.51053597663924,-1.51053597663924,-1.51053597663924,-1.51053597663924,-1.51053597663924,-1.51053597663924,-1.51053597663924,-1.51053597663924,-1.51053597663924,-1.51053597663924,-1.51053597663924,-1.51053597663924,0.279803663611931,0.350031658937408,0.420259654262884,0.490487649588356,0.560715644913834,0.630943640239308,0.697042596981408,0.738855168160335,0.734957945849743,0.666890710417988,0.512226368761114,0.250999074934036,-0.113683398620152,-0.550830047874101,-1.02249613183659,-1.50094285011991,-1.96610358404308,-2.40368941825185,-2.81303128022066,-3.20695735308515,-3.20695735308515,-3.20695735308515,-3.20695735308515,-3.20695735308515,-3.20695735308515,-3.20695735308515,-3.20695735308515,-3.20695735308515,-3.20695735308515,-3.20695735308515,-3.20695735308515,-3.20695735308515,-3.20695735308515,-3.20695735308515,-3.20695735308515,-3.20695735308515,-3.20695735308515,-3.20695735308515,-3.20695735308515,-3.20695735308515,1,1,1,1,1,1,1,1,1,1,1,1,1,1,1,1,1,1,1,1,1,1,1,1,1,1,1,1,1,1,1,1,1,1,1,1,1,1,1,1
-0.778358972341277,-0.101090221557189,1.76581480769874,0.41475213294969,-0.523394860229572,-0.486258476355861,-4.23927948984948,-0.78053396987147,-1.04036542245693,1.83865568119412,-0.492982782930731,1.68679924124314,-0.832533570412199,0.460004789418155,0.0551316387862357,-2.54857486533296,-3.24804152656901,-0.338898917628001,-1.70784257249061,0.995244537426608,-0.423794324110817,1.58218634142385,0.135222576713177,-0.0843828077007984,-0.0846649091073139,0.791898384456539,-1.087417139942,-1.2014821659452,-1.43943268774374,1.91866696025997,-1.70981022236928,0.735622193778219,2.15107153695687,-4.9344352585227,0.102089998096723,-2.80818390812471,0.925373044652908,-1.90359212425315,1.20551164890323,-0.917338843266126,-0.875233554479403,-0.841213239885162,-0.807192925290923,-0.773172610696684,-0.739152296102445,-0.705131981508204,-0.671111666913966,-0.637091352319727,-0.603071037725487,-0.569050723131246,-0.535030408537008,-0.501010093942769,-0.466989779348529,-0.43296946475429,-0.398949150160052,-0.364928835565811,-0.330908520971571,-0.296888206377332,-0.26286789178309,-0.228847577188853,-0.228847577188853,-0.228847577188853,-0.228847577188853,-0.228847577188853,-0.228847577188853,-0.228847577188853,-0.228847577188853,-0.228847577188853,-0.228847577188853,-0.228847577188853,-0.228847577188853,-0.228847577188853,-0.228847577188853,-0.228847577188853,-0.228847577188853,-0.228847577188853,-0.228847577188853,-0.228847577188853,-0.228847577188853,-0.228847577188853,-30.1539045063689,-22.9850702756696,-16.936861970339,-11.92233601462,-7.8545488327555,-4.64655684898869,-2.2114164875625,-0.46218417271997,0.6880836712959,1.32633062024207,1.53950024987559,1.4145361359534,1.03838185423248,0.497980980469823,-0.119722909577549,-0.727786240152685,-1.23926543549853,-1.56721691985821,-1.62469711747476,-1.32476245259102,-1.32476245259102,-1.32476245259102,-1.32476245259102,-1.32476245259102,-1.32476245259102,-1.32476245259102,-1.32476245259102,-1.32476245259102,-1.32476245259102,-1.32476245259102,-1.32476245259102,-1.32476245259102,-1.32476245259102,-1.32476245259102,-1.32476245259102,-1.32476245259102,-1.32476245259102,-1.32476245259102,-1.32476245259102,-1.32476245259102,-5.74448037526763,-5.03728659325848,-4.33009281124945,-3.62289902924037,-2.91570524723127,-2.20851146522219,-1.50643394897149,-0.824529535645556,-0.162322685311286,0.388374435034834,0.678456774952435,0.686263341200796,0.459746949448643,-0.0220723385019781,-0.694653935740137,-1.28397687808234,-1.50167614584048,-1.1832394012226,-0.270495453462232,1.06599233590545,1.06599233590545,1.06599233590545,1.06599233590545,1.06599233590545,1.06599233590545,1.06599233590545,1.06599233590545,1.06599233590545,1.06599233590545,1.06599233590545,1.06599233590545,1.06599233590545,1.06599233590545,1.06599233590545,1.06599233590545,1.06599233590545,1.06599233590545,1.06599233590545,1.06599233590545,1.06599233590545,1,1,1,1,1,1,1,1,1,1,1,1,1,1,1,1,1,1,1,1,1,1,1,1,1,1,1,1,1,1,1,1,1,1,1,1,1,1,1,1
0.839077371603337,-1.67949623136513,-1.0043997399314,-1.23028935514046,0.535186438940253,-0.430381122042457,0.280532481022124,-1.29423382821176,-1.43882135564976,-0.56559205197782,2.29722637205473,1.07568561191238,0.568865368471103,-2.12294660414129,0.801651515693667,1.6850180191253,0.885316937610948,2.39778353441443,1.87697886023831,-0.229514366725006,0.510261864499167,0.271820757280347,1.21759613100432,1.0844825532601,-0.940104168756687,0.745419246643095,0.858770884437421,1.08643218618361,2.00133919367242,-0.631861214115656,-0.216457083597948,0.131426311280366,-1.35970765974346,-0.355907940767143,-0.751398074049659,2.03317299725439,1.52313737320446,-0.813146990284823,1.10590954607583,0.977619728169488,-2.86596613428144,-2.54739488461515,-2.22882363494885,-1.91025238528256,-1.59168113561627,-1.27310988594997,-0.954538636283677,-0.635967386617383,-0.317396136951087,0.00117511271520954,0.319746362381503,0.638317612047798,0.956888861714091,1.27546011138038,1.59403136104668,1.91260261071298,2.23117386037927,2.54974511004557,2.86831635971186,3.18688760937816,3.18688760937816,3.18688760937816,3.18688760937816,3.18688760937816,3.18688760937816,3.18688760937816,3.18688760937816,3.18688760937816,3.18688760937816,3.18688760937816,3.18688760937816,3.18688760937816,3.18688760937816,3.18688760937816,3.18688760937816,3.18688760937816,3.18688760937816,3.18688760937816,3.18688760937816,3.18688760937816,-3.08265270502216,-2.63035749487498,-2.21582602539586,-1.83452684637065,-1.48192850758523,-1.15349955882547,-0.84470854987725,-0.551024030526428,-0.26791455055889,0.0091513402395087,0.284705092082884,0.563278155185369,0.849401979761094,1.14760801602418,1.46242771418877,1.79839252446898,2.16003389707894,2.55188328223279,2.97847213014465,3.44433189102864,3.44433189102864,3.44433189102864,3.44433189102864,3.44433189102864,3.44433189102864,3.44433189102864,3.44433189102864,3.44433189102864,3.44433189102864,3.44433189102864,3.44433189102864,3.44433189102864,3.44433189102864,3.44433189102864,3.44433189102864,3.44433189102864,3.44433189102864,3.44433189102864,3.44433189102864,3.44433189102864,-2.60979665682326,-2.32002556997456,-2.03025448312586,-1.74048339627716,-1.45071230942845,-1.16094122257975,-0.871323595289143,-0.582643630152992,-0.295782558953022,-0.0109061376356809,0.273163095515688,0.559175001901997,0.851367105445563,1.15542715546846,1.47768151269439,1.82256225238248,2.19035374122888,2.57771155239988,2.97927131296186,3.38816932185865,3.38816932185865,3.38816932185865,3.38816932185865,3.38816932185865,3.38816932185865,3.38816932185865,3.38816932185865,3.38816932185865,3.38816932185865,3.38816932185865,3.38816932185865,3.38816932185865,3.38816932185865,3.38816932185865,3.38816932185865,3.38816932185865,3.38816932185865,3.38816932185865,3.38816932185865,3.38816932185865,1,1,1,1,1,1,1,1,1,1,1,1,1,1,1,1,1,1,1,1,1,1,1,1,1,1,1,1,1,1,1,1,1,1,1,1,1,1,1,1
-0.922621829003132,-1.44393618665378,-0.625310368441638,-1.27938026218825,1.7105361313746,0.930859541819939,-0.344344650757037,0.216535956349079,0.405193573016781,3.09771816624439,-0.478826917589048,-0.0963645326092593,0.502761630174037,1.28321470168957,-0.436196450949746,0.243063241094525,0.16720065747613,-0.508092619419102,1.56127732326065,0.312664662778039,0.318209411913177,-0.192445970849427,-2.0112912004359,0.15010732250796,0.324566411011947,-0.519982993977761,-0.500846902266137,-0.85816232682911,-0.503071275706889,2.84737011376671,1.48338603993068,-1.11455715154556,-0.835570856023566,-0.198113341108309,-0.170240064100767,-0.3131394037623,1.43134764848225,-0.396347981581675,0.704472299851934,1.13902851835561,1.75857391057519,1.63700102587618,1.51542814117717,1.39385525647816,1.27228237177915,1.15070948708014,1.02913660238113,0.907563717682116,0.785990832983105,0.664417948284097,0.542845063585084,0.421272178886074,0.299699294187063,0.178126409488053,0.0565535247890416,-0.065019359909968,-0.186592244608978,-0.308165129307989,-0.429738014006999,-0.551310898706008,-0.551310898706008,-0.551310898706008,-0.551310898706008,-0.551310898706008,-0.551310898706008,-0.551310898706008,-0.551310898706008,-0.551310898706008,-0.551310898706008,-0.551310898706008,-0.551310898706008,-0.551310898706008,-0.551310898706008,-0.551310898706008,-0.551310898706008,-0.551310898706008,-0.551310898706008,-0.551310898706008,-0.551310898706008,-0.551310898706008,11.0621101243234,8.27724997162583,5.9897029522957,4.1536863265606,2.72341735464813,1.65311329678594,0.896991413201595,0.409268964122745,0.144163209776995,0.0558914103919417,0.0986708261951961,0.226718717414402,0.394252344277136,0.555488967011046,0.664645845843705,0.675940241002754,0.543589412715798,0.221810621210448,-0.335178873285688,-1.173161810545,-1.173161810545,-1.173161810545,-1.173161810545,-1.173161810545,-1.173161810545,-1.173161810545,-1.173161810545,-1.173161810545,-1.173161810545,-1.173161810545,-1.173161810545,-1.173161810545,-1.173161810545,-1.173161810545,-1.173161810545,-1.173161810545,-1.173161810545,-1.173161810545,-1.173161810545,-1.173161810545,-0.337514863663141,-0.200021695649353,-0.0625285276355632,0.0749646403782247,0.21245780839201,0.349950976405799,0.490352864617077,0.643008458887866,0.794915237550565,0.910690566299868,0.956558587298781,0.917021163017179,0.799070219012453,0.6260391249291,0.420578494116709,0.190462033734866,-0.0695702228068722,-0.367189768909236,-0.702412027424945,-1.06110440567054,-1.06110440567054,-1.06110440567054,-1.06110440567054,-1.06110440567054,-1.06110440567054,-1.06110440567054,-1.06110440567054,-1.06110440567054,-1.06110440567054,-1.06110440567054,-1.06110440567054,-1.06110440567054,-1.06110440567054,-1.06110440567054,-1.06110440567054,-1.06110440567054,-1.06110440567054,-1.06110440567054,-1.06110440567054,-1.06110440567054,1,1,1,1,1,1,1,1,1,1,1,1,1,1,1,1,1,1,1,1,1,1,1,1,1,1,1,1,1,1,1,1,1,1,1,1,1,1,1,1
1.03107441997987,-1.29231260157893,-0.0175912659999531,1.37052543235043,1.09463371838512,0.484915361284326,2.80941799202101,-0.508405392134737,-0.0626705079156871,0.994437177240005,0.858889266786754,0.979608227205325,-0.165425929125336,-1.02880060724968,-1.21746066939652,-0.79328192549195,-3.02659660260932,-2.24939718535155,1.10570587637534,-2.11003197352531,1.56710854495421,2.56083722578034,-2.00479497799538,0.191006554860389,0.524397284304312,0.562654063027878,-0.172571709394466,2.36163812067297,0.156482993287829,3.64844548883116,-0.442000896563023,-0.184405653913451,0.114515885584471,0.863791994275433,-1.07116626875827,-0.831914252282781,0.954543895394249,-1.36923005276146,0.560315822698829,1.01879333186008,5.41765757748982,4.93955048692355,4.46144339635729,3.98333630579102,3.50522921522475,3.02712212465849,2.54901503409222,2.07090794352595,1.59280085295969,1.11469376239342,0.636586671827153,0.158479581260886,-0.319627509305377,-0.797734599871646,-1.27584169043791,-1.75394878100418,-2.23205587157044,-2.71016296213671,-3.18827005270298,-3.66637714326925,-3.66637714326925,-3.66637714326925,-3.66637714326925,-3.66637714326925,-3.66637714326925,-3.66637714326925,-3.66637714326925,-3.66637714326925,-3.66637714326925,-3.66637714326925,-3.66637714326925,-3.66637714326925,-3.66637714326925,-3.66637714326925,-3.66637714326925,-3.66637714326925,-3.66637714326925,-3.66637714326925,-3.66637714326925,-3.66637714326925,-4.0943702221772,-1.91270272047153,-0.228887679286262,1.0042221730204,1.83377410809029,2.30691539756519,2.47079331308693,2.3725551262973,2.05934810883814,1.57831953235126,0.976616668478432,0.301386788861482,-0.400222834857738,-1.08106493103748,-1.69399222803589,-2.19185745421117,-2.5275133379215,-2.65381260752515,-2.52360799138015,-2.0897522178448,-2.0897522178448,-2.0897522178448,-2.0897522178448,-2.0897522178448,-2.0897522178448,-2.0897522178448,-2.0897522178448,-2.0897522178448,-2.0897522178448,-2.0897522178448,-2.0897522178448,-2.0897522178448,-2.0897522178448,-2.0897522178448,-2.0897522178448,-2.0897522178448,-2.0897522178448,-2.0897522178448,-2.0897522178448,-2.0897522178448,3.35234456164037,3.1332080067234,2.91407145180644,2.69493489688947,2.47579834197251,2.25666178705553,2.03733518820512,1.82125327601642,1.62622716836748,1.44887971898221,1.22024726113366,0.838111449060426,0.259500892308925,-0.46330653584903,-1.23379571151211,-1.95535964665767,-2.53686674779281,-2.92378035436764,-3.14275838691211,-3.27931140831332,-3.27931140831332,-3.27931140831332,-3.27931140831332,-3.27931140831332,-3.27931140831332,-3.27931140831332,-3.27931140831332,-3.27931140831332,-3.27931140831332,-3.27931140831332,-3.27931140831332,-3.27931140831332,-3.27931140831332,-3.27931140831332,-3.27931140831332,-3.27931140831332,-3.27931140831332,-3.27931140831332,-3.27931140831332,-3.27931140831332,1,1,1,1,1,1,1,1,1,1,1,1,1,1,1,1,1,1,1,1,1,1,1,1,1,1,1,1,1,1,1,1,1,1,1,1,1,1,1,1
1.00909456811228,0.387972377608391,0.501108094412297,-1.39016300887039,-0.331869228987953,-1.36159583566191,2.1405706961544,0.179585855044424,-1.40281947906046,-1.21612662851818,-0.489790935024956,-1.11505423727178,2.03112769583551,0.782006208201343,2.82998552495298,0.861550137883082,1.93428974667913,0.189617784936509,0.33561563416872,-1.3673535222389,0.157869646135179,0.528946098285815,-1.50341142902678,-0.562051047048854,-0.92362679265192,-1.33384097489003,1.06293782349336,-2.28319205018646,1.05545193122407,1.4010283592454,-1.65898532261911,0.354977645611697,-0.338922872244735,1.53534710158506,0.879687657279122,-2.30702831550055,-0.244259899827135,-0.0266474904973837,0.436661631098902,0.911370155173907,0.799941792774463,0.772732603256026,0.745523413737589,0.718314224219149,0.691105034700708,0.663895845182271,0.63668665566383,0.609477466145394,0.582268276626955,0.555059087108514,0.527849897590077,0.500640708071638,0.473431518553198,0.446222329034759,0.419013139516323,0.391803949997882,0.364594760479442,0.337385570961004,0.310176381442567,0.282967191924127,0.282967191924127,0.282967191924127,0.282967191924127,0.282967191924127,0.282967191924127,0.282967191924127,0.282967191924127,0.282967191924127,0.282967191924127,0.282967191924127,0.282967191924127,0.282967191924127,0.282967191924127,0.282967191924127,0.282967191924127,0.282967191924127,0.282967191924127,0.282967191924127,0.282967191924127,0.282967191924127,14.7898556724825,11.22992377691,8.24122762338784,5.7787927860281,3.79764483894281,2.25280935624397,1.09931191204362,0.292178080453779,-0.213566564413542,-0.462896448446324,-0.500785997532544,-0.372209637560172,-0.122141794417193,0.204443106008402,0.562570637828649,0.907266375155567,1.19355589210117,1.37646476277748,1.41101856129651,1.2522428617703,1.2522428617703,1.2522428617703,1.2522428617703,1.2522428617703,1.2522428617703,1.2522428617703,1.2522428617703,1.2522428617703,1.2522428617703,1.2522428617703,1.2522428617703,1.2522428617703,1.2522428617703,1.2522428617703,1.2522428617703,1.2522428617703,1.2522428617703,1.2522428617703,1.2522428617703,1.2522428617703,1.86297575306617,1.68986388512856,1.51675201719094,1.34364014925333,1.17052828131572,0.997416413378106,0.822826757571573,0.641494538013207,0.458023713390943,0.292459854130923,0.17460457845187,0.128327148023269,0.15332530644584,0.228870726583636,0.33821433647484,0.475288653326883,0.62956852429909,0.786937103670981,0.944539678069328,1.10560255592913,1.10560255592913,1.10560255592913,1.10560255592913,1.10560255592913,1.10560255592913,1.10560255592913,1.10560255592913,1.10560255592913,1.10560255592913,1.10560255592913,1.10560255592913,1.10560255592913,1.10560255592913,1.10560255592913,1.10560255592913,1.10560255592913,1.10560255592913,1.10560255592913,1.10560255592913,1.10560255592913,1,1,1,1,1,1,1,1,1,1,1,1,1,1,1,1,1,1,1,1,1,1,1,1,1,1,1,1,1,1,1,1,1,1,1,1,1,1,1,1
-0.942794099668353,1.29338570666044,2.05662456794761,2.02878416606359,-2.45930060077009,0.4297409233716,2.08483693659622,1.59583709242707,0.551595094490324,-2.01527016238638,-0.315652814375712,-0.854059547416139,0.463493358265552,0.163631493703937,0.672981400943433,1.34923016046816,-0.727880923447374,-0.365286747048115,1.39676876545925,-0.373234217245813,1.60239718360923,0.128552293594225,1.65356037450261,-0.747011548079396,0.480718815861499,0.398734334843191,1.28549369958379,1.73647581128555,-0.98462384089841,-0.828566968926404,-1.06019771633611,2.60974790186313,-1.85159325086002,2.38422701831008,0.882226389971228,-0.953957920293309,0.597826779320492,0.709639213904941,1.327560550571,3.06921890524325,0.44718938698777,0.513070659615366,0.578951932242967,0.644833204870565,0.710714477498163,0.776595750125763,0.842477022753362,0.908358295380959,0.974239568008558,1.04012084063616,1.10600211326376,1.17188338589135,1.23776465851895,1.30364593114655,1.36952720377415,1.43540847640175,1.50128974902935,1.56717102165695,1.63305229428455,1.69893356691214,1.69893356691214,1.69893356691214,1.69893356691214,1.69893356691214,1.69893356691214,1.69893356691214,1.69893356691214,1.69893356691214,1.69893356691214,1.69893356691214,1.69893356691214,1.69893356691214,1.69893356691214,1.69893356691214,1.69893356691214,1.69893356691214,1.69893356691214,1.69893356691214,1.69893356691214,1.69893356691214,-0.983029363672702,-0.725544730434265,-0.464755423599046,-0.204040489385262,0.053221025988873,0.30365007630515,0.543867615345345,0.770494596891236,0.980151974724622,1.16946070262729,1.33504173438101,1.47351602376757,1.58150452456876,1.65562819056637,1.69250797554217,1.68876483327796,1.6410197175555,1.54589358215661,1.40000738086305,1.19998206745661,1.19998206745661,1.19998206745661,1.19998206745661,1.19998206745661,1.19998206745661,1.19998206745661,1.19998206745661,1.19998206745661,1.19998206745661,1.19998206745661,1.19998206745661,1.19998206745661,1.19998206745661,1.19998206745661,1.19998206745661,1.19998206745661,1.19998206745661,1.19998206745661,1.19998206745661,1.19998206745661,0.453848169857389,0.518819282073524,0.583790394289666,0.648761506505801,0.713732618721943,0.77870373093808,0.843680286050548,0.908690643342942,0.973782729297374,1.03904623016578,1.10457078966962,1.17035724829435,1.23634032362895,1.30248350057417,1.36878148725142,1.43521325618827,1.50175079501769,1.5683638770594,1.6350001400358,1.70162182622576,1.70162182622576,1.70162182622576,1.70162182622576,1.70162182622576,1.70162182622576,1.70162182622576,1.70162182622576,1.70162182622576,1.70162182622576,1.70162182622576,1.70162182622576,1.70162182622576,1.70162182622576,1.70162182622576,1.70162182622576,1.70162182622576,1.70162182622576,1.70162182622576,1.70162182622576,1.70162182622576,1,1,1,1,1,1,1,1,1,1,1,1,1,1,1,1,1,1,1,1,1,1,1,1,1,1,1,1,1,1,1,1,1,1,1,1,1,1,1,1
0.0704144511103246,0.624144275483264,1.20422840188425,1.26616083849091,0.876566797545109,0.446925698267208,1.11590565702808,1.9940929386409,3.29808102346768,0.902505504274528,1.27782039012281,1.89477098689665,-0.762429292513202,0.957459700996903,-1.3736670449741,-0.991970505042959,0.478809472889466,0.109609105576221,-1.87900983103512,-0.9173320351659,0.908362373129288,0.45614337650162,-2.67101144680435,-0.448223214298359,-0.418571098601662,1.58108844162732,-4.13633595753712,0.606784866825327,1.2357525022408,2.7608042398778,-2.37852726473172,2.58367691394219,-0.979852080341297,-1.39696107600952,2.15688836377351,0.854315464264175,-0.00949327665334998,-0.190553669512203,-0.279159032317414,0.764114872522395,1.58025161616783,1.46187156040616,1.34349150464449,1.22511144888282,1.10673139312115,0.988351337359485,0.869971281597816,0.751591225836147,0.63321117007448,0.514831114312811,0.396451058551142,0.278071002789472,0.159690947027805,0.0413108912661357,-0.0770691644955335,-0.195449220257201,-0.313829276018872,-0.432209331780539,-0.55058938754221,-0.66896944330388,-0.66896944330388,-0.66896944330388,-0.66896944330388,-0.66896944330388,-0.66896944330388,-0.66896944330388,-0.66896944330388,-0.66896944330388,-0.66896944330388,-0.66896944330388,-0.66896944330388,-0.66896944330388,-0.66896944330388,-0.66896944330388,-0.66896944330388,-0.66896944330388,-0.66896944330388,-0.66896944330388,-0.66896944330388,-0.66896944330388,-11.6357804131528,-8.45672087234428,-5.82068585430284,-3.68248519410699,-1.99692872683521,-0.718826287565993,0.197012288622193,0.795777166650865,1.12265851144154,1.22284648791573,1.14153126099497,0.923902995600766,0.615151856654654,0.260468009078132,-0.0949583822072775,-0.405937152280057,-0.627278136218672,-0.713791169101578,-0.620286086007342,-0.301572722014392,-0.301572722014392,-0.301572722014392,-0.301572722014392,-0.301572722014392,-0.301572722014392,-0.301572722014392,-0.301572722014392,-0.301572722014392,-0.301572722014392,-0.301572722014392,-0.301572722014392,-0.301572722014392,-0.301572722014392,-0.301572722014392,-0.301572722014392,-0.301572722014392,-0.301572722014392,-0.301572722014392,-0.301572722014392,-0.301572722014392,-3.73490113176244,-3.07139988053685,-2.40789862931128,-1.7443973780857,-1.08089612686011,-0.417394875634535,0.233857251652679,0.805423267716264,1.1969873239924,1.33342070763302,1.21740163683418,0.924519835366066,0.539734974497881,0.115767008812311,-0.299940253621823,-0.632570969473418,-0.802549349661957,-0.771639893739879,-0.564610631366936,-0.259978351616594,-0.259978351616594,-0.259978351616594,-0.259978351616594,-0.259978351616594,-0.259978351616594,-0.259978351616594,-0.259978351616594,-0.259978351616594,-0.259978351616594,-0.259978351616594,-0.259978351616594,-0.259978351616594,-0.259978351616594,-0.259978351616594,-0.259978351616594,-0.259978351616594,-0.259978351616594,-0.259978351616594,-0.259978351616594,-0.259978351616594,1,1,1,1,1,1,1,1,1,1,1,1,1,1,1,1,1,1,1,1,1,1,1,1,1,1,1,1,1,1,1,1,1,1,1,1,1,1,1,1
3.56122797039235,0.43943498399444,1.1418846278693,1.49244006253174,2.26992612874648,-0.72847214173157,0.188540820251138,1.04715179749374,1.97244450515703,0.62697091165983,-1.10839722447636,0.98658798647546,1.5510955027565,1.0423361654892,1.91943867391015,1.8999123554902,-0.65467079188684,0.93298222859076,0.465945782866568,0.923117020301666,2.0786746824167,-0.366357510212127,-0.549933455215795,0.124019513961777,-1.08081535275061,0.262707565330929,-0.750688732314719,0.640712064660839,2.24541000766658,0.609778255711223,0.508510091672024,-2.2252182682949,-2.12000835196124,1.08737611697853,-0.212456155851225,0.523155843507034,0.501377644455125,-1.16504781886673,1.74071871475905,-1.24437603561274,-0.872604041347436,-0.793464921176096,-0.714325801004759,-0.63518668083342,-0.556047560662082,-0.476908440490742,-0.397769320319404,-0.318630200148066,-0.239491079976727,-0.160351959805389,-0.0812128396340484,-0.00207371946271095,0.0770654007086264,0.156204520879967,0.235343641051305,0.314482761222644,0.393621881393983,0.472761001565321,0.55190012173666,0.631039241907997,0.631039241907997,0.631039241907997,0.631039241907997,0.631039241907997,0.631039241907997,0.631039241907997,0.631039241907997,0.631039241907997,0.631039241907997,0.631039241907997,0.631039241907997,0.631039241907997,0.631039241907997,0.631039241907997,0.631039241907997,0.631039241907997,0.631039241907997,0.631039241907997,0.631039241907997,0.631039241907997,8.79352345802415,6.04572577139276,3.84343649824197,2.13450879068854,0.866795800849227,-0.0118493191592091,-0.553573417220015,-0.81052334121643,-0.834845939031695,-0.67868805854906,-0.394196547651758,-0.0335182542230363,0.351199973853857,0.707811288695687,0.984168842419209,1.1281257871412,1.08753527497839,0.810250458047532,0.244124488465403,-0.662989481651236,-0.662989481651236,-0.662989481651236,-0.662989481651236,-0.662989481651236,-0.662989481651236,-0.662989481651236,-0.662989481651236,-0.662989481651236,-0.662989481651236,-0.662989481651236,-0.662989481651236,-0.662989481651236,-0.662989481651236,-0.662989481651236,-0.662989481651236,-0.662989481651236,-0.662989481651236,-0.662989481651236,-0.662989481651236,-0.662989481651236,-1.17015593542021,-1.05180481504922,-0.933453694678244,-0.815102574307264,-0.696751453936286,-0.578400333565306,-0.460402707998136,-0.344565134499033,-0.233118378553687,-0.127860444296241,-0.0298197318698588,0.0608526776026785,0.144413802357215,0.220734301862361,0.289109604114522,0.34894191599637,0.400733557259692,0.446590919139545,0.48948429869958,0.531608471010506,0.531608471010506,0.531608471010506,0.531608471010506,0.531608471010506,0.531608471010506,0.531608471010506,0.531608471010506,0.531608471010506,0.531608471010506,0.531608471010506,0.531608471010506,0.531608471010506,0.531608471010506,0.531608471010506,0.531608471010506,0.531608471010506,0.531608471010506,0.531608471010506,0.531608471010506,0.531608471010506,1,1,1,1,1,1,1,1,1,1,1,1,1,1,1,1,1,1,1,1,1,1,1,1,1,1,1,1,1,1,1,1,1,1,1,1,1,1,1,1
1.49710106385495,0.948866489318283,0.2463040205822,-0.874856880792887,-0.747460575181604,-0.273544519065052,-0.876056018028741,-1.91674324908709,0.195360837612885,1.96286531795885,-2.8621017089649,0.0710430675088976,0.559921268150678,1.23050703827133,1.50006781245558,-0.013450725080741,2.17560909949873,1.49621975107282,-1.23156109984335,1.47858282278849,0.884407692805564,2.0208086923122,-0.702225781960568,0.971092031670945,0.226118323085231,1.31090376458397,1.8765572356082,1.7825810623893,0.438696183975132,0.224711670890718,1.11467316382,1.11113791362005,-1.51670963170444,1.34051313067129,1.50900091256274,-0.759735578095377,0.564840505424463,1.85414752112654,-2.07670154135088,0.742459005612462,-3.60903318599805,-3.28903943474253,-2.96904568348701,-2.64905193223149,-2.32905818097597,-2.00906442972045,-1.68907067846493,-1.3690769272094,-1.04908317595388,-0.729089424698362,-0.409095673442842,-0.0891019221873233,0.230891829068197,0.550885580323721,0.870879331579241,1.19087308283476,1.51086683409028,1.83086058534581,2.15085433660133,2.47084808785685,2.47084808785685,2.47084808785685,2.47084808785685,2.47084808785685,2.47084808785685,2.47084808785685,2.47084808785685,2.47084808785685,2.47084808785685,2.47084808785685,2.47084808785685,2.47084808785685,2.47084808785685,2.47084808785685,2.47084808785685,2.47084808785685,2.47084808785685,2.47084808785685,2.47084808785685,2.47084808785685,24.8103049557463,17.4725040289511,11.4966161887058,6.76140230485316,3.14562324723579,0.528039885696444,-1.21258690992218,-2.19749626977736,-2.54792732402639,-2.38511920282659,-1.83031103633522,-1.00474195470961,-0.0296510881069789,0.973722433315315,1.88413947940001,2.58036091998976,2.94114762492739,2.84526046405549,2.17146030721683,0.798508024254119,0.798508024254119,0.798508024254119,0.798508024254119,0.798508024254119,0.798508024254119,0.798508024254119,0.798508024254119,0.798508024254119,0.798508024254119,0.798508024254119,0.798508024254119,0.798508024254119,0.798508024254119,0.798508024254119,0.798508024254119,0.798508024254119,0.798508024254119,0.798508024254119,0.798508024254119,0.798508024254119,2.11393894046113,1.50376736309676,0.893595785732398,0.283424208368054,-0.326747368996298,-0.936918946360662,-1.50837045456293,-1.86557295370966,-1.88530394303636,-1.55194283199503,-0.948069633679721,-0.248594738414754,0.409961122839608,1.02097650443983,1.56851249837058,1.93503316827392,2.05246620043504,1.98775576671781,1.82469798268243,1.60887455632101,1.60887455632101,1.60887455632101,1.60887455632101,1.60887455632101,1.60887455632101,1.60887455632101,1.60887455632101,1.60887455632101,1.60887455632101,1.60887455632101,1.60887455632101,1.60887455632101,1.60887455632101,1.60887455632101,1.60887455632101,1.60887455632101,1.60887455632101,1.60887455632101,1.60887455632101,1.60887455632101,1,1,1,1,1,1,1,0,1,1,1,1,1,1,1,1,1,1,1,1,1,1,1,1,1,1,1,1,1,1,1,1,1,1,1,1,1,1,1,1
0.10191484022734,-0.233877809093187,-0.671596328431659,0.800926766446551,-0.372352871509842,-0.511508771815694,-0.771450646157213,-0.263547633960634,-0.409727220716,-1.12716035898849,-4.37945317914723,1.89705495426293,1.40251834397232,-1.29743815506259,-0.259966030210624,-0.595950315422415,-1.64569219997426,-1.37786623223362,-0.938592917512239,1.8064303780696,2.06232764757206,0.831494394754742,-1.23254511546596,1.62897944684368,0.0696503554387515,-0.553008514285931,-0.348599679475088,-0.573588187814078,-0.673486386101997,0.413912867729611,-1.94121966371632,0.467227690211558,0.0892734328246174,0.843720855308009,-0.0702681507193184,-0.247852559864343,1.04763078960858,0.89573807767883,1.2922983575793,-0.246704009499712,-3.13140967966263,-2.88195861978032,-2.63250755989801,-2.38305650001571,-2.1336054401334,-1.8841543802511,-1.63470332036879,-1.38525226048648,-1.13580120060417,-0.886350140721868,-0.636899080839562,-0.387448020957255,-0.137996961074949,0.111454098807357,0.360905158689663,0.610356218571972,0.859807278454277,1.10925833833658,1.35870939821889,1.6081604581012,1.6081604581012,1.6081604581012,1.6081604581012,1.6081604581012,1.6081604581012,1.6081604581012,1.6081604581012,1.6081604581012,1.6081604581012,1.6081604581012,1.6081604581012,1.6081604581012,1.6081604581012,1.6081604581012,1.6081604581012,1.6081604581012,1.6081604581012,1.6081604581012,1.6081604581012,1.6081604581012,16.9519058526373,11.4270920404496,6.9961024385543,3.55632362669749,1.00514218462536,-0.760055307915934,-1.84188227118019,-2.34295212542126,-2.36587829089298,-2.01327418784916,-1.38775323654365,-0.59192885723027,0.27158552983715,1.10017650440478,1.79123064621879,2.24213453502536,2.35027475057062,2.01303787260079,1.127810480862,-0.408020844899548,-0.408020844899548,-0.408020844899548,-0.408020844899548,-0.408020844899548,-0.408020844899548,-0.408020844899548,-0.408020844899548,-0.408020844899548,-0.408020844899548,-0.408020844899548,-0.408020844899548,-0.408020844899548,-0.408020844899548,-0.408020844899548,-0.408020844899548,-0.408020844899548,-0.408020844899548,-0.408020844899548,-0.408020844899548,-0.408020844899548,-1.26001480464277,-1.3276318634445,-1.39524892224622,-1.46286598104795,-1.53048303984968,-1.59810009865141,-1.66067450818463,-1.68903106230968,-1.62907705457,-1.41224960859629,-1.00634602111109,-0.468069172533607,0.0888073243270391,0.574366272997962,0.948190155613917,1.19855898186436,1.33863986950738,1.40384487483459,1.42832437630884,1.43447615890308,1.43447615890308,1.43447615890308,1.43447615890308,1.43447615890308,1.43447615890308,1.43447615890308,1.43447615890308,1.43447615890308,1.43447615890308,1.43447615890308,1.43447615890308,1.43447615890308,1.43447615890308,1.43447615890308,1.43447615890308,1.43447615890308,1.43447615890308,1.43447615890308,1.43447615890308,1.43447615890308,1,1,1,1,1,1,1,1,1,1,1,1,1,1,1,1,1,1,1,1,1,1,1,1,1,1,1,1,1,1,1,1,1,1,1,1,1,1,1,1
1.53798038014282,0.835479504603156,-4.32109305502506,-0.943719463420954,-1.42074408952607,0.0778387607545135,-1.28430742314466,-2.39283788849163,-1.32613399565937,-0.122848545542317,0.553202641283947,-0.457418872434621,0.504993520294674,0.00675392359282334,2.72291336278711,0.208334115799033,0.418944416992881,-0.902168245397251,-2.49181873622177,1.71962637147237,1.40097907122442,1.21121064466198,-0.0136703060556691,-0.955529729780917,-0.787576004067263,0.84167755193579,-0.286383766383961,1.018110883757,0.380733598345202,1.7528060950318,0.821468330923416,-2.51625227450605,0.390442527787354,2.38000080659425,-0.454000539472725,-1.19213226630192,0.0733424364960893,0.908905987020495,1.69745113199527,0.147744098546875,-0.618955675386921,-0.715121497853502,-0.811287320320082,-0.907453142786659,-1.00361896525324,-1.09978478771982,-1.1959506101864,-1.29211643265298,-1.38828225511955,-1.48444807758613,-1.58061390005271,-1.67677972251929,-1.77294554498587,-1.86911136745245,-1.96527718991903,-2.06144301238561,-2.15760883485219,-2.25377465731877,-2.34994047978534,-2.44610630225193,-2.44610630225193,-2.44610630225193,-2.44610630225193,-2.44610630225193,-2.44610630225193,-2.44610630225193,-2.44610630225193,-2.44610630225193,-2.44610630225193,-2.44610630225193,-2.44610630225193,-2.44610630225193,-2.44610630225193,-2.44610630225193,-2.44610630225193,-2.44610630225193,-2.44610630225193,-2.44610630225193,-2.44610630225193,-2.44610630225193,-2.51746591333286,-1.98981292864864,-1.59305154755333,-1.31390021113436,-1.13907736047916,-1.05530143667517,-1.0492908808098,-1.10776413397048,-1.21743963724465,-1.36503583171972,-1.53727115848315,-1.72086405862234,-1.90253297322471,-2.06899634337771,-2.20697261016876,-2.30318021468528,-2.34433759801472,-2.31716320124448,-2.20837546546204,-2.00469283175474,-2.00469283175474,-2.00469283175474,-2.00469283175474,-2.00469283175474,-2.00469283175474,-2.00469283175474,-2.00469283175474,-2.00469283175474,-2.00469283175474,-2.00469283175474,-2.00469283175474,-2.00469283175474,-2.00469283175474,-2.00469283175474,-2.00469283175474,-2.00469283175474,-2.00469283175474,-2.00469283175474,-2.00469283175474,-2.00469283175474,-1.61106101950057,-1.53499500364402,-1.45892898778748,-1.38286297193094,-1.30679695607439,-1.23073094021785,-1.15933405370931,-1.12575828984768,-1.19568845484098,-1.37984290209825,-1.60299795601302,-1.7936575609847,-1.93299925427875,-2.02216321993088,-2.08011556924595,-2.14610680595109,-2.22331127570651,-2.26305052502552,-2.23559422340113,-2.16547799824482,-2.16547799824482,-2.16547799824482,-2.16547799824482,-2.16547799824482,-2.16547799824482,-2.16547799824482,-2.16547799824482,-2.16547799824482,-2.16547799824482,-2.16547799824482,-2.16547799824482,-2.16547799824482,-2.16547799824482,-2.16547799824482,-2.16547799824482,-2.16547799824482,-2.16547799824482,-2.16547799824482,-2.16547799824482,-2.16547799824482,1,1,1,1,1,1,1,1,1,1,1,1,1,1,1,1,1,1,1,1,1,1,1,1,1,1,1,1,1,1,1,1,1,1,1,1,1,1,1,1
0.168147991429649,1.86106467847899,0.475063075743355,-0.154296873735162,-1.08985699960692,1.57875603975195,0.348084946091946,-0.653059024490027,-0.031493629839682,1.35920363391437,0.405227329324484,0.749808079244294,0.957243384453305,-1.03210836465881,-2.83603965715798,0.885224164182501,-2.85273081627186,-0.150480399692588,0.441917632625994,0.541764990052251,-2.34656670159738,-0.119117185487603,-2.73103538754385,1.05569745008536,0.702246634621932,1.09666392112179,2.30438157337269,-0.409202718724019,1.24341019331636,1.90725511447173,1.10069408744445,1.7942228824864,0.838700902853146,-2.1124748799081,0.148229232753952,-0.824031070075804,0.639527020326369,-0.198895001093073,0.766388850619686,-0.945980057138382,2.21476626521865,1.97624079082936,1.73771531644007,1.49918984205078,1.26066436766149,1.0221388932722,0.783613418882908,0.545087944493616,0.306562470104323,0.0680369957150351,-0.170488478674256,-0.409013953063546,-0.647539427452839,-0.886064901842131,-1.12459037623142,-1.36311585062071,-1.60164132501,-1.84016679939929,-2.07869227378859,-2.31721774817788,-2.31721774817788,-2.31721774817788,-2.31721774817788,-2.31721774817788,-2.31721774817788,-2.31721774817788,-2.31721774817788,-2.31721774817788,-2.31721774817788,-2.31721774817788,-2.31721774817788,-2.31721774817788,-2.31721774817788,-2.31721774817788,-2.31721774817788,-2.31721774817788,-2.31721774817788,-2.31721774817788,-2.31721774817788,-2.31721774817788,0.791799063455008,1.35469958393005,1.68758079897988,1.81879218465719,1.7766832170146,1.5896033721048,1.28590212598045,0.893928954694195,0.442033334298715,-0.0414352591533298,-0.528127349609287,-0.98969346101649,-1.39778411732229,-1.724049842474,-1.94014116041896,-2.01770859510453,-1.92840267047805,-1.64387391048684,-1.13577283907821,-0.375749980199577,-0.375749980199577,-0.375749980199577,-0.375749980199577,-0.375749980199577,-0.375749980199577,-0.375749980199577,-0.375749980199577,-0.375749980199577,-0.375749980199577,-0.375749980199577,-0.375749980199577,-0.375749980199577,-0.375749980199577,-0.375749980199577,-0.375749980199577,-0.375749980199577,-0.375749980199577,-0.375749980199577,-0.375749980199577,-0.375749980199577,3.62588825683335,3.19568165089635,2.76547504495935,2.33526843902235,1.90506183308535,1.47485522714835,1.04800087744086,0.640194860337006,0.263742806006968,-0.0812568055410843,-0.401381329325813,-0.700208007092888,-0.972946319140359,-1.2069216265674,-1.38759368376349,-1.50851106360529,-1.57728861760169,-1.61066302494266,-1.62471514057048,-1.63079269099706,-1.63079269099706,-1.63079269099706,-1.63079269099706,-1.63079269099706,-1.63079269099706,-1.63079269099706,-1.63079269099706,-1.63079269099706,-1.63079269099706,-1.63079269099706,-1.63079269099706,-1.63079269099706,-1.63079269099706,-1.63079269099706,-1.63079269099706,-1.63079269099706,-1.63079269099706,-1.63079269099706,-1.63079269099706,-1.63079269099706,1,1,1,1,1,1,1,1,1,1,1,1,1,1,1,1,1,1,1,1,1,1,1,1,1,1,1,1,1,1,1,1,1,1,1,1,1,1,1,1
-1.37791513149074,-1.32990768678736,0.183340265606878,-0.362075452499433,0.240502555970507,1.56606799853283,1.25966916813032,0.0450381263659025,-1.51138471174663,-0.197407239092735,0.0418145307981188,-1.27892217999586,-0.064538134016809,-2.32524349750393,-1.51706115804894,-1.30915961318046,1.56961335728361,-2.05897339092388,0.175318147819151,2.05656720675218,2.84705354156099,-1.51134928430566,-0.124402856125013,0.363638745725964,0.153873803258946,3.35488215340331,0.024452552259886,3.02550780827704,0.576018247401727,-1.03103866506665,1.05617836465057,-1.08735066123769,0.867632002624545,-1.54886663622871,0.463840354780318,-0.820524796994508,0.401565943620239,-0.108918455727522,0.0388575688479484,0.770435279001731,1.38832300550095,1.21449478178351,1.04066655806607,0.866838334348639,0.693010110631201,0.519181886913763,0.345353663196327,0.171525439478891,-0.00230278423854635,-0.176131007955981,-0.34995923167342,-0.523787455390856,-0.697615679108292,-0.871443902825726,-1.04527212654316,-1.2191003502606,-1.39292857397804,-1.56675679769547,-1.74058502141291,-1.91441324513035,-1.91441324513035,-1.91441324513035,-1.91441324513035,-1.91441324513035,-1.91441324513035,-1.91441324513035,-1.91441324513035,-1.91441324513035,-1.91441324513035,-1.91441324513035,-1.91441324513035,-1.91441324513035,-1.91441324513035,-1.91441324513035,-1.91441324513035,-1.91441324513035,-1.91441324513035,-1.91441324513035,-1.91441324513035,-1.91441324513035,28.8627876514743,22.2862170868067,16.6389642942761,11.8574556698782,7.8781176096085,4.63737650946274,2.07165876543656,0.117390773525553,-1.28900107027458,-2.21109036996821,-2.71245072955971,-2.85665575305343,-2.70727904445372,-2.32789420776493,-1.78207484699144,-1.13339456613757,-0.445426969207725,0.218254339793814,0.794075756862558,1.21846367799433,1.21846367799433,1.21846367799433,1.21846367799433,1.21846367799433,1.21846367799433,1.21846367799433,1.21846367799433,1.21846367799433,1.21846367799433,1.21846367799433,1.21846367799433,1.21846367799433,1.21846367799433,1.21846367799433,1.21846367799433,1.21846367799433,1.21846367799433,1.21846367799433,1.21846367799433,1.21846367799433,7.31621951067269,6.30621180573913,5.29620410080554,4.28619639587196,3.27618869093839,2.2661809860048,1.27843929212218,0.420098312630355,-0.221174996805296,-0.682218340816998,-1.0980617130089,-1.56383597907418,-2.04638474661621,-2.4108777954985,-2.5014404547057,-2.23058623810804,-1.60953167489438,-0.673488400013646,0.558777895983011,1.99273180435096,1.99273180435096,1.99273180435096,1.99273180435096,1.99273180435096,1.99273180435096,1.99273180435096,1.99273180435096,1.99273180435096,1.99273180435096,1.99273180435096,1.99273180435096,1.99273180435096,1.99273180435096,1.99273180435096,1.99273180435096,1.99273180435096,1.99273180435096,1.99273180435096,1.99273180435096,1.99273180435096,0,0,0,0,0,0,1,1,1,1,1,1,1,1,1,1,1,1,1,1,1,1,1,1,1,1,1,1,1,1,1,1,1,1,1,1,1,1,1,1
-1.19926277748236,0.153557804832051,1.10762995318885,-0.845407192853692,-0.307679020030615,1.83065780736011,-1.03828527637419,0.403853103597427,-0.865950237385567,0.554375276853792,0.627756194670551,1.36052268740092,0.273877729438105,1.91365409183646,0.780315584964342,1.70291596112234,-1.00439830359881,1.03232699217438,2.16973293533385,1.72285841253136,-0.780313351430596,2.68900561557304,-0.623390893124403,-0.0879431273729896,-1.37435333819011,-1.90494759313833,-0.0733386774706251,1.34667310361014,1.30400870090871,1.81058242038075,-2.59670715648532,-0.410183561844203,1.9570156917145,-1.80496329643138,2.22998945663198,-1.20474826418563,-0.0119786871184449,0.662916744975215,-0.224209591753027,-0.574565516507128,1.49224391961693,1.5415297039051,1.59081548819328,1.64010127248145,1.68938705676962,1.73867284105779,1.78795862534596,1.83724440963413,1.8865301939223,1.93581597821047,1.98510176249864,2.03438754678681,2.08367333107498,2.13295911536315,2.18224489965132,2.23153068393949,2.28081646822766,2.33010225251583,2.37938803680401,2.42867382109218,2.42867382109218,2.42867382109218,2.42867382109218,2.42867382109218,2.42867382109218,2.42867382109218,2.42867382109218,2.42867382109218,2.42867382109218,2.42867382109218,2.42867382109218,2.42867382109218,2.42867382109218,2.42867382109218,2.42867382109218,2.42867382109218,2.42867382109218,2.42867382109218,2.42867382109218,2.42867382109218,-3.1980144315519,-1.43971397027478,-0.0848027457679777,0.912305580204711,1.5971973458795,2.01545888949259,2.21267654928017,2.23443666347849,2.12632557032372,1.93392960805207,1.70283511489977,1.47862842910301,1.30689588889796,1.23322383252088,1.30319859820796,1.5624065241954,2.05643394871941,2.83086721001619,3.93129264632196,5.40329659587292,5.40329659587292,5.40329659587292,5.40329659587292,5.40329659587292,5.40329659587292,5.40329659587292,5.40329659587292,5.40329659587292,5.40329659587292,5.40329659587292,5.40329659587292,5.40329659587292,5.40329659587292,5.40329659587292,5.40329659587292,5.40329659587292,5.40329659587292,5.40329659587292,5.40329659587292,5.40329659587292,8.0332227554775,7.14808839392948,6.26295403238147,5.37781967083346,4.49268530928545,3.60755094773744,2.74010566071053,1.97357536922439,1.3819737389337,1.00485353996202,0.845924065033977,0.865846664776901,1.01972399902167,1.29047191694195,1.65802555086017,2.09376334116123,2.61560831323011,3.27640136655362,4.07650323924352,4.94949221185507,4.94949221185507,4.94949221185507,4.94949221185507,4.94949221185507,4.94949221185507,4.94949221185507,4.94949221185507,4.94949221185507,4.94949221185507,4.94949221185507,4.94949221185507,4.94949221185507,4.94949221185507,4.94949221185507,4.94949221185507,4.94949221185507,4.94949221185507,4.94949221185507,4.94949221185507,4.94949221185507,1,1,1,1,1,1,1,1,1,1,1,1,1,1,1,1,1,1,0,0,0,0,0,0,0,0,0,0,0,0,0,0,0,0,0,0,0,0,0,0
-2.28420279306607,-0.569998595630766,1.3761930483243,-0.827768411596933,-0.916036026087641,0.826459601499711,-2.23859164797334,1.84593090331347,0.701721587377756,-0.151789260014921,-0.667926064948261,-2.24347464851793,-0.683226659249465,1.14185792984502,0.392491141207616,-0.192117832880479,0.435605961238087,-0.23350224623737,-1.10761541532415,0.0984662374705021,-0.526395402328196,1.48255022085877,0.829510831807534,-0.846366026196606,-1.61566421296516,0.127847049839202,-0.563739301831369,0.864897860177404,-0.93508641382482,-1.36025962150624,-0.933634833461715,1.62908471362327,-2.53952920228239,2.70682702996324,0.508728435914309,0.897161463641428,1.39857479697474,-1.70270593959475,2.17334125256211,0.362033885763212,4.61469271411165,4.3833887557935,4.15208479747535,3.9207808391572,3.68947688083905,3.4581729225209,3.22686896420276,2.99556500588461,2.76426104756646,2.53295708924831,2.30165313093016,2.07034917261201,1.83904521429386,1.60774125597571,1.37643729765757,1.14513333933942,0.913829381021268,0.682525422703119,0.45122146438497,0.219917506066821,0.219917506066821,0.219917506066821,0.219917506066821,0.219917506066821,0.219917506066821,0.219917506066821,0.219917506066821,0.219917506066821,0.219917506066821,0.219917506066821,0.219917506066821,0.219917506066821,0.219917506066821,0.219917506066821,0.219917506066821,0.219917506066821,0.219917506066821,0.219917506066821,0.219917506066821,0.219917506066821,-14.0063899959779,-9.27180003436942,-5.42082484703756,-2.37410966745812,-0.0522997291068821,1.62395973454037,2.73402349000786,3.35724630381979,3.57298294250038,3.46058817257387,3.09941676056446,2.56882347299636,1.9481630763938,1.31679033728097,0.754060022182129,0.339326897621454,0.151945730123195,0.27127128621154,0.776658332410747,1.747461635245,1.747461635245,1.747461635245,1.747461635245,1.747461635245,1.747461635245,1.747461635245,1.747461635245,1.747461635245,1.747461635245,1.747461635245,1.747461635245,1.747461635245,1.747461635245,1.747461635245,1.747461635245,1.747461635245,1.747461635245,1.747461635245,1.747461635245,1.747461635245,2.82507728642485,2.83405441786474,2.84303154930464,2.85200868074454,2.86098581218443,2.86996294362432,2.87729123580211,2.87174498822843,2.82881017849537,2.72563066804715,2.55672689219667,2.33446349234477,2.08145366983006,1.81686361844751,1.5422099676881,1.24877078838128,0.938979680314841,0.624900040464691,0.310230286818568,-0.00752295473408182,-0.00752295473408182,-0.00752295473408182,-0.00752295473408182,-0.00752295473408182,-0.00752295473408182,-0.00752295473408182,-0.00752295473408182,-0.00752295473408182,-0.00752295473408182,-0.00752295473408182,-0.00752295473408182,-0.00752295473408182,-0.00752295473408182,-0.00752295473408182,-0.00752295473408182,-0.00752295473408182,-0.00752295473408182,-0.00752295473408182,-0.00752295473408182,-0.00752295473408182,1,1,1,1,1,1,1,0,0,0,1,1,1,1,1,1,1,1,1,1,1,1,1,1,1,1,1,1,1,1,1,1,1,1,1,1,1,1,1,1
-1.02690719958132,-1.17133367392396,-0.878048485299361,-0.237511406373808,-0.0173986281800627,-0.278928048556139,0.598632325456919,-1.73821113516661,-1.96195214302421,0.134238595563124,-1.01172993907986,-1.43253229562626,-0.736571278132427,-2.06962709668973,-1.15750717302369,-0.291622277375755,1.01735268061073,-0.665205938860177,0.492639876379135,-0.198086026455783,1.43377704907561,-1.8126465938318,0.075138201237694,0.245164189603534,1.47044243819834,0.848965395044281,-2.60412167106685,-1.23153468318293,-1.60240474989778,0.847314038109868,3.20295381279115,-0.705373096152732,-0.970470690775407,1.14457532046734,1.78313656171018,-1.0802141914129,0.820369421571662,-0.87558321453675,1.79833401278539,-0.799491667800535,-0.484065376971257,-0.513387546428065,-0.542709715884873,-0.57203188534168,-0.601354054798488,-0.630676224255295,-0.659998393712104,-0.689320563168911,-0.718642732625717,-0.747964902082527,-0.777287071539332,-0.806609240996139,-0.835931410452948,-0.865253579909753,-0.894575749366565,-0.92389791882337,-0.953220088280174,-0.982542257736988,-1.01186442719379,-1.0411865966506,-1.0411865966506,-1.0411865966506,-1.0411865966506,-1.0411865966506,-1.0411865966506,-1.0411865966506,-1.0411865966506,-1.0411865966506,-1.0411865966506,-1.0411865966506,-1.0411865966506,-1.0411865966506,-1.0411865966506,-1.0411865966506,-1.0411865966506,-1.0411865966506,-1.0411865966506,-1.0411865966506,-1.0411865966506,-1.0411865966506,-13.7919709331125,-9.75210121061484,-6.54032951051874,-4.07336748584026,-2.26792678959547,-1.04071907480041,-0.30845599447115,0.0121507983762701,0.00438965072577169,-0.248451090438676,-0.663083078133159,-1.15621796537371,-1.64456740517639,-2.04484305055726,-2.2737565545324,-2.24801957011781,-1.8843437503296,-1.09944074818378,0.189977783303558,2.06720019111636,2.06720019111636,2.06720019111636,2.06720019111636,2.06720019111636,2.06720019111636,2.06720019111636,2.06720019111636,2.06720019111636,2.06720019111636,2.06720019111636,2.06720019111636,2.06720019111636,2.06720019111636,2.06720019111636,2.06720019111636,2.06720019111636,2.06720019111636,2.06720019111636,2.06720019111636,2.06720019111636,0.25423819883828,0.130450911234974,0.00666362363166684,-0.117123663971642,-0.240910951574947,-0.364698239178256,-0.489275811903758,-0.616912695740929,-0.743715054702957,-0.863805038883854,-0.972423012337062,-1.06070215428406,-1.11750158139466,-1.13563350424628,-1.10944088229939,-1.03507903101508,-0.920257052733852,-0.783085665629114,-0.637553644579199,-0.489028212234921,-0.489028212234921,-0.489028212234921,-0.489028212234921,-0.489028212234921,-0.489028212234921,-0.489028212234921,-0.489028212234921,-0.489028212234921,-0.489028212234921,-0.489028212234921,-0.489028212234921,-0.489028212234921,-0.489028212234921,-0.489028212234921,-0.489028212234921,-0.489028212234921,-0.489028212234921,-0.489028212234921,-0.489028212234921,-0.489028212234921,1,1,1,1,1,1,1,1,1,1,1,1,1,1,1,1,1,1,1,1,1,1,1,1,1,1,1,1,1,1,1,1,1,1,1,1,1,1,1,1
1.4356019814556,-0.157994256313765,1.98142942939565,3.47527130864612,0.0832811564700906,-2.28194917574535,-1.58886000443881,-1.79936438157675,1.20248335665903,0.232150676513683,1.59259482156059,1.33346861990411,0.0394992824706915,-0.62965958917224,0.0481647368953748,1.99504731786446,1.76741751936155,-0.402285527268569,-1.46005337746355,0.487040448263816,-0.347578314863176,-0.652858761767224,0.441496572878277,1.87397837137382,1.62237064625693,-1.9653336069835,-1.6097756538555,0.513757169880423,0.506605547813022,0.997574810880261,-0.0563472448501177,0.93354332731011,1.95752427329232,-2.79986870156881,0.714778837752887,1.20234514892423,-0.623281597339931,-1.21900812603917,-0.857878806081663,-0.493827975315927,-2.86780038871699,-2.71162564960059,-2.55545091048418,-2.39927617136778,-2.24310143225138,-2.08692669313497,-1.93075195401857,-1.77457721490217,-1.61840247578576,-1.46222773666936,-1.30605299755296,-1.14987825843656,-0.99370351932015,-0.837528780203746,-0.681354041087342,-0.52517930197094,-0.369004562854538,-0.212829823738135,-0.0566550846217293,0.0995196544946726,0.0995196544946726,0.0995196544946726,0.0995196544946726,0.0995196544946726,0.0995196544946726,0.0995196544946726,0.0995196544946726,0.0995196544946726,0.0995196544946726,0.0995196544946726,0.0995196544946726,0.0995196544946726,0.0995196544946726,0.0995196544946726,0.0995196544946726,0.0995196544946726,0.0995196544946726,0.0995196544946726,0.0995196544946726,0.0995196544946726,-21.049111704025,-17.6103723666983,-14.4436635605978,-11.5511595913729,-8.9350347646735,-6.59746338614908,-4.54061976144934,-2.76667819622392,-1.27781299612249,-0.0761984667946844,0.835991086109846,1.45658135694145,1.78339804005049,1.81426682978729,1.54701342050222,0.979463506545624,0.109442782267861,-1.06522305798074,-2.54670831984981,-4.33718730898899,-4.33718730898899,-4.33718730898899,-4.33718730898899,-4.33718730898899,-4.33718730898899,-4.33718730898899,-4.33718730898899,-4.33718730898899,-4.33718730898899,-4.33718730898899,-4.33718730898899,-4.33718730898899,-4.33718730898899,-4.33718730898899,-4.33718730898899,-4.33718730898899,-4.33718730898899,-4.33718730898899,-4.33718730898899,-4.33718730898899,-11.6705032788865,-10.4125774145333,-9.1546515501801,-7.89672568582689,-6.63879982147369,-5.38087395712048,-4.11091727203369,-2.78521223444404,-1.4349808678855,-0.200544926948069,0.734801349077323,1.23997499354747,1.31022032332489,1.07710460693885,0.712472908366395,0.283363180592389,-0.279525366593848,-1.05163704089671,-1.99908004220678,-3.02178753521529,-3.02178753521529,-3.02178753521529,-3.02178753521529,-3.02178753521529,-3.02178753521529,-3.02178753521529,-3.02178753521529,-3.02178753521529,-3.02178753521529,-3.02178753521529,-3.02178753521529,-3.02178753521529,-3.02178753521529,-3.02178753521529,-3.02178753521529,-3.02178753521529,-3.02178753521529,-3.02178753521529,-3.02178753521529,-3.02178753521529,1,1,1,1,1,1,1,1,1,1,1,1,1,1,1,1,1,1,1,1,1,1,1,1,1,1,1,1,1,1,1,1,1,1,1,1,1,1,1,1
2.65721361260093,-1.29994430086669,0.521730802765521,-0.133533308062875,0.187083625363593,-0.164316660265591,0.533414709986706,1.91178852395698,-1.88847471897858,1.37391553510689,2.37720746173158,-1.6782761512257,-1.41440981344343,2.24579484403855,-0.490094640271627,0.503234842909364,-1.48337873583315,-0.509684971683653,-0.484075649069331,-0.717192723344922,-0.045451342177012,-3.42251832791529,-0.12364221815351,-0.959906170322171,0.0713836949178628,0.776762243501464,-1.86676365623997,-1.433182918528,-0.238620760763965,4.40718660731346,-1.22744536587023,-0.531710605132218,1.52265639793491,2.09303680689077,0.133090385594679,0.734237600071737,1.34511364880153,-1.11722560272257,-2.22277004247083,-2.01278874943472,2.46268495553172,2.25527810965253,2.04787126377335,1.84046441789416,1.63305757201498,1.42565072613579,1.2182438802566,1.01083703437742,0.803430188498234,0.596023342619047,0.388616496739862,0.18120965086068,-0.0261971950185078,-0.233604040897692,-0.441010886776876,-0.648417732656064,-0.855824578535248,-1.06323142441443,-1.27063827029362,-1.4780451161728,-1.4780451161728,-1.4780451161728,-1.4780451161728,-1.4780451161728,-1.4780451161728,-1.4780451161728,-1.4780451161728,-1.4780451161728,-1.4780451161728,-1.4780451161728,-1.4780451161728,-1.4780451161728,-1.4780451161728,-1.4780451161728,-1.4780451161728,-1.4780451161728,-1.4780451161728,-1.4780451161728,-1.4780451161728,-1.4780451161728,11.5179217563609,8.54327302335738,6.12458874856087,4.20702529464089,2.73573902426697,1.65588630010864,0.912623484835443,0.451106941116899,0.216493031622541,0.153938119021911,0.208598565984529,0.325630735179926,0.450190989277637,0.527435690947206,0.502521202858153,0.320603887680022,-0.0731598919176779,-0.733613773265393,-1.71560139369359,-3.07396639053278,-3.07396639053278,-3.07396639053278,-3.07396639053278,-3.07396639053278,-3.07396639053278,-3.07396639053278,-3.07396639053278,-3.07396639053278,-3.07396639053278,-3.07396639053278,-3.07396639053278,-3.07396639053278,-3.07396639053278,-3.07396639053278,-3.07396639053278,-3.07396639053278,-3.07396639053278,-3.07396639053278,-3.07396639053278,-3.07396639053278,1.7859109624167,1.64992274092314,1.51393451942957,1.37794629793601,1.24195807644244,1.10596985494888,0.969970015438834,0.833520498692893,0.697001498567532,0.571233996508949,0.470656928797933,0.388578705937096,0.295430341588988,0.163801577732192,-0.0218714958314177,-0.277641950158225,-0.622398949126458,-1.06372172540168,-1.58615249196703,-2.15268817671906,-2.15268817671906,-2.15268817671906,-2.15268817671906,-2.15268817671906,-2.15268817671906,-2.15268817671906,-2.15268817671906,-2.15268817671906,-2.15268817671906,-2.15268817671906,-2.15268817671906,-2.15268817671906,-2.15268817671906,-2.15268817671906,-2.15268817671906,-2.15268817671906,-2.15268817671906,-2.15268817671906,-2.15268817671906,-2.15268817671906,1,1,1,1,1,1,1,1,1,1,1,1,1,1,1,1,1,1,1,1,1,1,1,1,1,1,1,1,1,1,1,1,1,1,1,1,1,1,1,1
1.91643819896073,-0.324680321713268,1.36442727918488,-1.63443713872606,-0.165725157325202,-0.255233609311853,-0.0448296696271928,0.468714993789695,-1.02259992441059,-0.691377151892876,0.305290545153914,-0.622057950178514,-1.18244031362519,-1.16348670135827,2.69433006970956,1.19258624844542,-0.556715978043496,-1.9154262797806,0.448172697518782,0.397088203868281,-2.11498020780186,-0.176470146863114,-0.145557954722053,0.4776983181529,-0.128855708387459,-2.19712802976197,1.17793204033162,-0.254783334667174,0.878429635106651,-0.676714930400285,-0.103090897959968,2.06701232995692,0.258608177620603,-1.3398683429147,-1.82313541282568,-2.1236042137413,-2.13232606164386,2.18785586317927,-1.07178845644998,-0.747791967551388,0.798688187194901,0.718141637991573,0.637595088788243,0.557048539584914,0.476501990381585,0.395955441178256,0.315408891974926,0.234862342771596,0.154315793568269,0.0737692443649411,-0.00677730483839056,-0.0873238540417187,-0.167870403245049,-0.248416952448375,-0.328963501651705,-0.409510050855037,-0.490056600058363,-0.570603149261693,-0.651149698465021,-0.731696247668351,-0.731696247668351,-0.731696247668351,-0.731696247668351,-0.731696247668351,-0.731696247668351,-0.731696247668351,-0.731696247668351,-0.731696247668351,-0.731696247668351,-0.731696247668351,-0.731696247668351,-0.731696247668351,-0.731696247668351,-0.731696247668351,-0.731696247668351,-0.731696247668351,-0.731696247668351,-0.731696247668351,-0.731696247668351,-0.731696247668351,-31.3043799353428,-22.8101510154753,-15.8359014533653,-10.2461187649051,-5.90529046598717,-2.677904072504,-0.42844710034803,0.978592934588303,1.67872851641255,1.80747212923223,1.50033625715493,0.892833384288195,0.120475994739513,-0.681223427383468,-1.37675239797325,-1.83059843292228,-1.90724904812303,-1.47119175946794,-0.386914082849415,1.48109646584002,1.48109646584002,1.48109646584002,1.48109646584002,1.48109646584002,1.48109646584002,1.48109646584002,1.48109646584002,1.48109646584002,1.48109646584002,1.48109646584002,1.48109646584002,1.48109646584002,1.48109646584002,1.48109646584002,1.48109646584002,1.48109646584002,1.48109646584002,1.48109646584002,1.48109646584002,1.48109646584002,-1.83513228776643,-1.56396198556592,-1.2927916833654,-1.02162138116488,-0.750451078964366,-0.479280776763848,-0.211702472204294,0.0369015834673547,0.256385160678979,0.42931106322232,0.523852776079016,0.522090738813381,0.435749603907269,0.284102745377583,0.0781383050636268,-0.168289743858381,-0.433045049122848,-0.698584132987042,-0.960090079155968,-1.21968068341294,-1.21968068341294,-1.21968068341294,-1.21968068341294,-1.21968068341294,-1.21968068341294,-1.21968068341294,-1.21968068341294,-1.21968068341294,-1.21968068341294,-1.21968068341294,-1.21968068341294,-1.21968068341294,-1.21968068341294,-1.21968068341294,-1.21968068341294,-1.21968068341294,-1.21968068341294,-1.21968068341294,-1.21968068341294,-1.21968068341294,1,1,1,1,1,1,1,1,1,1,1,1,1,1,1,1,1,1,1,1,1,1,1,1,1,1,1,1,1,1,1,1,1,1,1,1,1,1,1,1
-1.39721440380436,0.411046121566957,1.53592097248549,-1.92435324185508,-1.86237044360539,2.30207127854297,0.255574064429521,-0.252618619357216,0.963157763413495,-1.39287536295416,0.557045829263792,-0.366621818370692,-0.908301082271739,-0.295235461490343,-1.70206424445057,4.73467667607048,3.09905862598265,-0.718924316414546,-0.165925074761386,0.592993036473995,2.00766105648028,0.312186562898846,-1.60519153450308,2.30312719610113,-3.23989452544208,-0.767231238234423,-1.33771736831319,-1.62369790957306,-0.74516428103869,-0.219978426670981,0.457522305828038,0.630806591584442,-0.0841139946306839,-1.14756356519394,-2.03313221267693,-3.39842566608686,-0.670238891367489,0.380212845553189,2.65909836862621,1.21078837085113,-0.016547043922972,0.0269771116371125,0.0705012671971952,0.114025422757279,0.157549578317364,0.201073733877447,0.244597889437532,0.288122044997616,0.331646200557698,0.375170356117783,0.418694511677867,0.46221866723795,0.505742822798034,0.549266978358119,0.592791133918201,0.636315289478285,0.67983944503837,0.723363600598454,0.766887756158539,0.810411911718623,0.810411911718623,0.810411911718623,0.810411911718623,0.810411911718623,0.810411911718623,0.810411911718623,0.810411911718623,0.810411911718623,0.810411911718623,0.810411911718623,0.810411911718623,0.810411911718623,0.810411911718623,0.810411911718623,0.810411911718623,0.810411911718623,0.810411911718623,0.810411911718623,0.810411911718623,0.810411911718623,8.86676222938041,6.9664913924459,5.31130240697575,3.88911347771646,2.68784280941455,1.69540860681654,0.899729074668913,0.288722417718189,-0.14969315928912,-0.427599451606504,-0.557078254487474,-0.550211363185502,-0.419080572954078,-0.175767679046709,0.167645523283118,0.599077238781913,1.10644567219619,1.67766902827246,2.30066551175722,2.96335332739697,2.96335332739697,2.96335332739697,2.96335332739697,2.96335332739697,2.96335332739697,2.96335332739697,2.96335332739697,2.96335332739697,2.96335332739697,2.96335332739697,2.96335332739697,2.96335332739697,2.96335332739697,2.96335332739697,2.96335332739697,2.96335332739697,2.96335332739697,2.96335332739697,2.96335332739697,2.96335332739697,5.04672772165298,4.35433739088162,3.66194706011023,2.96955672933885,2.27716639856748,1.58477606779609,0.909871916805809,0.334746493039058,-0.0751221420543633,-0.320498519950396,-0.435630981808094,-0.439218028901355,-0.337200704900727,-0.144533645224568,0.125600459565986,0.473692461577375,0.905050079087436,1.43274184102355,2.07184895738852,2.79390587492497,2.79390587492497,2.79390587492497,2.79390587492497,2.79390587492497,2.79390587492497,2.79390587492497,2.79390587492497,2.79390587492497,2.79390587492497,2.79390587492497,2.79390587492497,2.79390587492497,2.79390587492497,2.79390587492497,2.79390587492497,2.79390587492497,2.79390587492497,2.79390587492497,2.79390587492497,2.79390587492497,1,1,1,1,1,1,1,1,1,1,1,1,1,1,1,1,1,1,1,1,1,1,1,1,1,1,1,1,1,1,1,1,1,1,1,1,1,1,1,1
0.78635342480153,2.39110098212691,-1.51139671716466,1.74892854462459,-0.0421023279178634,-1.0430830061163,3.41036371837746,-2.00557611447331,-0.190895419639554,-2.31032457043848,0.327220706244333,-1.63064891539633,-3.85086273603972,-0.252113420400157,-0.358408226718495,0.928179809870006,0.468423107352956,0.959987657023866,-1.50707754186224,-0.738786715846409,-0.414161077983538,1.23767888496516,-0.740341498034118,-0.507914915989414,-0.935271724648439,-0.95947606178515,-1.37628281084833,-0.20745770196093,-0.553652298629606,-1.26418018855693,-0.285128466438023,-1.94637891817391,-0.685126992624348,2.1858059248639,-0.424379098343037,-4.05072126024049,0.539464563875928,2.38746681357591,0.775960631837686,-0.193114832754082,1.72621351184063,1.64059094874891,1.55496838565719,1.46934582256547,1.38372325947375,1.29810069638203,1.21247813329031,1.12685557019859,1.04123300710687,0.955610444015146,0.869987880923425,0.784365317831703,0.698742754739982,0.613120191648262,0.527497628556544,0.441875065464821,0.356252502373097,0.270629939281379,0.185007376189658,0.0993848130979398,0.0993848130979398,0.0993848130979398,0.0993848130979398,0.0993848130979398,0.0993848130979398,0.0993848130979398,0.0993848130979398,0.0993848130979398,0.0993848130979398,0.0993848130979398,0.0993848130979398,0.0993848130979398,0.0993848130979398,0.0993848130979398,0.0993848130979398,0.0993848130979398,0.0993848130979398,0.0993848130979398,0.0993848130979398,0.0993848130979398,23.7358586768111,17.9226869141725,13.0737374384524,9.10897460449826,5.94836276715743,3.51186628127742,1.71944950170568,0.491076783289675,-0.25328751912312,-0.59367905068528,-0.610133456549338,-0.38268638186781,0.00862652820671883,0.483769628521744,0.962707273924726,1.36540381926311,1.61182361938434,1.6219310291359,1.31569040336521,0.613066096919805,0.613066096919805,0.613066096919805,0.613066096919805,0.613066096919805,0.613066096919805,0.613066096919805,0.613066096919805,0.613066096919805,0.613066096919805,0.613066096919805,0.613066096919805,0.613066096919805,0.613066096919805,0.613066096919805,0.613066096919805,0.613066096919805,0.613066096919805,0.613066096919805,0.613066096919805,0.613066096919805,6.57009537942334,5.7987514979265,5.02740761642966,4.25606373493281,3.48471985343596,2.71337597193913,1.92515725222642,1.08202472850964,0.319518132702349,-0.197886944465594,-0.45894017481862,-0.502817852822353,-0.321995540258692,0.0674556282218859,0.598857881019386,1.17279304830259,1.61437585123423,1.7276077252253,1.4753732796457,1.0139530036901,1.0139530036901,1.0139530036901,1.0139530036901,1.0139530036901,1.0139530036901,1.0139530036901,1.0139530036901,1.0139530036901,1.0139530036901,1.0139530036901,1.0139530036901,1.0139530036901,1.0139530036901,1.0139530036901,1.0139530036901,1.0139530036901,1.0139530036901,1.0139530036901,1.0139530036901,1.0139530036901,1,1,1,1,1,1,1,1,1,1,1,1,1,1,1,1,1,1,1,1,1,1,1,1,1,1,1,1,1,1,1,1,1,1,1,1,1,1,1,1
0.0451351106311915,0.656759079875771,-0.550651728285628,-0.665912482084519,1.19871568069633,-0.665059782251906,1.32868481768643,2.64382102808982,0.908834283725144,0.927796429792554,-0.921159950964215,-1.28104904957121,-0.280522305045448,-0.102131376782662,1.60146698889844,2.89666506541847,-1.0920670185983,-0.305230025915389,-2.46327168390812,-0.737143339648318,0.291079375956704,0.0158205829343316,0.581443529914496,1.32550128081563,-1.50689315345819,0.757049050727975,2.12473260477313,0.931178031138524,-2.88738740339621,-0.724073226651429,0.126400494789905,1.34527831264753,-0.291731779343513,-0.648290555071455,1.84318787251008,1.5615635796952,1.79547505686567,-1.90634846003236,0.76979673938315,-1.15744882079342,3.44423769744162,3.2546235754478,3.06500945345399,2.87539533146018,2.68578120946637,2.49616708747255,2.30655296547874,2.11693884348493,1.92732472149111,1.7377105994973,1.54809647750349,1.35848235550968,1.16886823351586,0.979254111522051,0.789639989528236,0.600025867534423,0.41041174554061,0.220797623546797,0.0311835015529844,-0.158430620440827,-0.158430620440827,-0.158430620440827,-0.158430620440827,-0.158430620440827,-0.158430620440827,-0.158430620440827,-0.158430620440827,-0.158430620440827,-0.158430620440827,-0.158430620440827,-0.158430620440827,-0.158430620440827,-0.158430620440827,-0.158430620440827,-0.158430620440827,-0.158430620440827,-0.158430620440827,-0.158430620440827,-0.158430620440827,-0.158430620440827,14.0102262641952,10.1438206687258,7.09535413279757,4.77814048804079,3.10549356608574,1.99072719856264,1.3471552171018,1.08809145333343,1.1268497388878,1.37674390539517,1.75108778448582,2.16319520778996,2.5263800069379,2.75395601355986,2.75923705928618,2.45553697574702,1.75616959457261,0.574448747393356,-1.17631173416059,-3.58279801845895,-3.58279801845895,-3.58279801845895,-3.58279801845895,-3.58279801845895,-3.58279801845895,-3.58279801845895,-3.58279801845895,-3.58279801845895,-3.58279801845895,-3.58279801845895,-3.58279801845895,-3.58279801845895,-3.58279801845895,-3.58279801845895,-3.58279801845895,-3.58279801845895,-3.58279801845895,-3.58279801845895,-3.58279801845895,-3.58279801845895,2.94157815556251,2.78549937021479,2.62942058486709,2.47334179951936,2.31726301417165,2.16118422882393,1.98979189540962,1.75213637048758,1.49113463307159,1.29501468199224,1.2363427361429,1.39001829650128,1.73579060681816,2.07471008102944,2.19029820043262,1.99666686001899,1.45661074600262,0.548047238970559,-0.633132333080116,-1.91914114774032,-1.91914114774032,-1.91914114774032,-1.91914114774032,-1.91914114774032,-1.91914114774032,-1.91914114774032,-1.91914114774032,-1.91914114774032,-1.91914114774032,-1.91914114774032,-1.91914114774032,-1.91914114774032,-1.91914114774032,-1.91914114774032,-1.91914114774032,-1.91914114774032,-1.91914114774032,-1.91914114774032,-1.91914114774032,-1.91914114774032,1,1,1,1,1,1,1,1,1,1,1,1,1,1,1,1,1,1,1,1,1,1,1,1,1,1,1,1,1,1,1,1,1,1,1,1,1,1,1,1
-2.35425091589117,-0.99768920648298,-2.32268081664711,-0.792567863810595,1.42950759293087,1.76887373624515,1.51639676231344,-0.465723485744968,-0.927567763975937,1.02391109245673,-1.8026004358791,-0.27261072990178,-0.287684752481045,-1.30349724665222,-2.37510934253555,-2.63409875607728,0.124898940572328,-3.20484988131371,-1.49193159694459,2.49328852319628,2.70398020914739,-0.810149813103564,1.2260918028615,0.823286167014651,-0.76811986435575,0.0214948424963541,0.518943223179148,0.274899239563261,-0.586633785932108,0.181919449066067,0.283075119451279,-0.573302046194714,-1.4138309746963,-0.118642119937086,1.03702673416307,0.768786418665211,-0.909099038565612,3.20162694930862,0.809724494814414,-1.95053049138936,6.45854922342873,6.02833733107779,5.59812543872686,5.16791354637592,4.73770165402498,4.30748976167405,3.87727786932311,3.44706597697217,3.01685408462124,2.5866421922703,2.15643029991937,1.72621840756843,1.29600651521749,0.865794622866558,0.435582730515621,0.00537083816468353,-0.424841054186253,-0.855052946537189,-1.28526483888812,-1.71547673123906,-1.71547673123906,-1.71547673123906,-1.71547673123906,-1.71547673123906,-1.71547673123906,-1.71547673123906,-1.71547673123906,-1.71547673123906,-1.71547673123906,-1.71547673123906,-1.71547673123906,-1.71547673123906,-1.71547673123906,-1.71547673123906,-1.71547673123906,-1.71547673123906,-1.71547673123906,-1.71547673123906,-1.71547673123906,-1.71547673123906,16.7734903923503,13.3977437111269,10.5712651508811,8.24348292044357,6.36382522864506,4.88172028431631,3.74659629628807,2.90788147339108,2.31500402445609,1.91739215831382,1.66447408379504,1.50567800973048,1.39043214495089,1.26816469828701,1.08830387856958,0.800277894629355,0.353514955297067,-0.302556730596534,-1.21850895422072,-2.44491350674473,-2.44491350674473,-2.44491350674473,-2.44491350674473,-2.44491350674473,-2.44491350674473,-2.44491350674473,-2.44491350674473,-2.44491350674473,-2.44491350674473,-2.44491350674473,-2.44491350674473,-2.44491350674473,-2.44491350674473,-2.44491350674473,-2.44491350674473,-2.44491350674473,-2.44491350674473,-2.44491350674473,-2.44491350674473,-2.44491350674473,7.04017330684102,6.45991927784283,5.87966524884463,5.29941121984643,4.71915719084824,4.13890316185004,3.56745210493568,3.04941953204388,2.63295010649867,2.32958141211194,2.11597089654659,1.95123528259149,1.76237298639666,1.45773583272639,1.00054086413214,0.42878842751778,-0.208631399447404,-0.874560141507166,-1.52174868757372,-2.12980463099514,-2.12980463099514,-2.12980463099514,-2.12980463099514,-2.12980463099514,-2.12980463099514,-2.12980463099514,-2.12980463099514,-2.12980463099514,-2.12980463099514,-2.12980463099514,-2.12980463099514,-2.12980463099514,-2.12980463099514,-2.12980463099514,-2.12980463099514,-2.12980463099514,-2.12980463099514,-2.12980463099514,-2.12980463099514,-2.12980463099514,0,0,0,0,0,0,0,0,1,1,1,1,1,1,1,1,1,1,1,1,1,1,1,1,1,1,1,1,1,1,1,1,1,1,1,1,1,1,1,1
-0.921247694969511,-1.98484833002431,0.997858543886867,-1.87555016335754,-0.484498574019245,-0.841746518664286,2.23558183351905,0.20470535354325,-2.68819686830147,0.594191852292976,-0.949598631781924,1.38939797051999,-2.23108635301293,-4.94386148762504,-1.47546299232718,-0.564023777646728,0.212065417711313,0.822569228746479,2.71392304870787,2.50563286647697,0.553607031362693,1.64185912381265,-2.42214195807596,-0.493198113424903,0.283681062191365,0.396701660657085,-1.71867354147021,-1.93969348087911,-0.677326321390863,2.01351490851925,-1.22484756464266,-1.41005236517505,-1.6726580825475,0.0121582635808988,0.892590090228431,-0.16678057204304,0.208813676948724,0.637440061644357,0.334337608448584,-0.253804375825995,-0.107095841229506,-0.0825055157762247,-0.0579151903229445,-0.0333248648696598,-0.00873453941638047,0.0158557860369015,0.0404461114901817,0.065036436943462,0.0896267623967439,0.114217087850026,0.138807413303308,0.16339773875659,0.18798806420987,0.21257838966315,0.237168715116432,0.261759040569714,0.286349366022995,0.310939691476278,0.335530016929557,0.360120342382839,0.360120342382839,0.360120342382839,0.360120342382839,0.360120342382839,0.360120342382839,0.360120342382839,0.360120342382839,0.360120342382839,0.360120342382839,0.360120342382839,0.360120342382839,0.360120342382839,0.360120342382839,0.360120342382839,0.360120342382839,0.360120342382839,0.360120342382839,0.360120342382839,0.360120342382839,0.360120342382839,-18.081389773372,-13.256015569913,-9.28136631152719,-6.08156966267985,-3.58075328783608,-1.70304485146101,-0.37257201801974,0.486537548022584,0.950156182200848,1.0941562200499,0.994409997104633,0.726789848899919,0.367168110970647,-0.0085828811483637,-0.324590791922144,-0.504983285815905,-0.473888027294793,-0.155432680823846,0.52625508913175,1.6470476181069,1.6470476181069,1.6470476181069,1.6470476181069,1.6470476181069,1.6470476181069,1.6470476181069,1.6470476181069,1.6470476181069,1.6470476181069,1.6470476181069,1.6470476181069,1.6470476181069,1.6470476181069,1.6470476181069,1.6470476181069,1.6470476181069,1.6470476181069,1.6470476181069,1.6470476181069,1.6470476181069,-0.10838897608862,-0.0836348876024786,-0.0588807991163334,-0.0341267106301908,-0.00937262214404821,0.0153814663420944,0.0401367445099083,0.0648974506489868,0.0896588862942576,0.114400386612658,0.139096789738497,0.163738537105754,0.188333918834569,0.212890746837715,0.237407149297789,0.261884774290049,0.28633849444021,0.310784382098461,0.335227132350269,0.359666380541048,0.359666380541048,0.359666380541048,0.359666380541048,0.359666380541048,0.359666380541048,0.359666380541048,0.359666380541048,0.359666380541048,0.359666380541048,0.359666380541048,0.359666380541048,0.359666380541048,0.359666380541048,0.359666380541048,0.359666380541048,0.359666380541048,0.359666380541048,0.359666380541048,0.359666380541048,0.359666380541048,1,1,1,1,1,1,1,1,1,1,1,1,1,1,1,1,1,1,1,1,1,1,1,1,1,1,1,1,1,1,1,1,1,1,1,1,1,1,1,1
-1.043654180737,2.24152913190654,-0.174521563119122,-0.917992017468014,1.57324804238522,-0.145100306540314,1.49259647019668,-1.4981465233464,-1.71523064966236,-0.504422672112472,0.57864083283534,2.60775015051191,1.64325700719729,-0.915353399177961,-2.00286420848572,1.70612304269551,-1.48980172326113,-0.0853834257140527,-1.12107497221588,0.502817459495724,-0.131252935512906,-0.321306720566279,-0.565423971801318,1.70848499450097,-2.56917405430999,-0.295730820647179,-0.95254351824617,0.294309459807689,-0.177495766591658,-0.358518515865356,-0.472018720796095,-1.44640455546478,-0.531619846187869,-0.438086034474651,-1.18959564313114,0.183424134146186,-0.773490597622583,-2.18769140190991,0.947271162206849,-2.31923560717604,-0.508949764161896,-0.568854163845679,-0.628758563529463,-0.688662963213247,-0.74856736289703,-0.808471762580815,-0.868376162264599,-0.928280561948381,-0.988184961632166,-1.04808936131595,-1.10799376099973,-1.16789816068352,-1.2278025603673,-1.28770696005109,-1.34761135973487,-1.40751575941865,-1.46742015910244,-1.52732455878622,-1.58722895847001,-1.64713335815379,-1.64713335815379,-1.64713335815379,-1.64713335815379,-1.64713335815379,-1.64713335815379,-1.64713335815379,-1.64713335815379,-1.64713335815379,-1.64713335815379,-1.64713335815379,-1.64713335815379,-1.64713335815379,-1.64713335815379,-1.64713335815379,-1.64713335815379,-1.64713335815379,-1.64713335815379,-1.64713335815379,-1.64713335815379,-1.64713335815379,16.7473843613869,12.3667954244162,8.68345717891692,5.64215864543217,3.18768884450504,1.26483679667862,-0.181608477503962,-1.20685795749963,-1.86612262276527,-2.21461345275776,-2.30754142693404,-2.20011752475097,-1.94755272566548,-1.60505800913444,-1.22784435461474,-0.871122741563306,-0.590104149437051,-0.439999557692833,-0.476019945787527,-0.75337629317808,-0.75337629317808,-0.75337629317808,-0.75337629317808,-0.75337629317808,-0.75337629317808,-0.75337629317808,-0.75337629317808,-0.75337629317808,-0.75337629317808,-0.75337629317808,-0.75337629317808,-0.75337629317808,-0.75337629317808,-0.75337629317808,-0.75337629317808,-0.75337629317808,-0.75337629317808,-0.75337629317808,-0.75337629317808,-0.75337629317808,5.65422699522028,4.67621397590144,3.69820095658262,2.72018793726379,1.74217491794497,0.764161898626138,-0.198142039269849,-1.05755997076645,-1.68456110692292,-1.99583827848797,-2.02581653420182,-1.89349062484295,-1.7048894560638,-1.52171700782799,-1.39272548361493,-1.32919922410784,-1.25054961810428,-1.03782243906362,-0.655840990613616,-0.174846412728503,-0.174846412728503,-0.174846412728503,-0.174846412728503,-0.174846412728503,-0.174846412728503,-0.174846412728503,-0.174846412728503,-0.174846412728503,-0.174846412728503,-0.174846412728503,-0.174846412728503,-0.174846412728503,-0.174846412728503,-0.174846412728503,-0.174846412728503,-0.174846412728503,-0.174846412728503,-0.174846412728503,-0.174846412728503,-0.174846412728503,1,1,1,1,1,1,1,1,0,0,1,1,1,1,1,1,1,1,1,1,1,1,1,1,1,1,1,1,1,1,1,1,1,1,1,1,1,1,1,1
-2.38569654757143,-1.09351635075526,1.05660818460555,-0.155825597792987,0.682035878756709,0.518047310962174,1.69261174899133,0.646196383139328,-1.5407779673968,-0.521436654453803,0.145057735319586,-0.77650032287861,-1.64575595820682,-0.536303461731276,3.35025301905333,-0.226066734370264,1.11409475410042,-1.80869681131594,0.680075679927395,-1.09082754496777,0.987977514508604,-0.808498014014885,-0.807238560503137,1.42379040564646,-0.402430911800471,-0.765892740679346,0.538834859703261,1.60230632171974,3.40108210267356,-0.0819019456933479,0.0272332864249414,-0.368147717309961,0.0678608409789465,0.279211271942744,0.7652475162656,-1.36753537339036,-1.09937351193581,0.216586921911787,-1.50225004371036,0.691104370720373,0.182057213768329,0.180712963610238,0.179368713452143,0.178024463294051,0.176680213135958,0.175335962977865,0.173991712819772,0.172647462661679,0.171303212503588,0.169958962345495,0.168614712187402,0.167270462029308,0.165926211871216,0.164581961713123,0.163237711555031,0.161893461396936,0.160549211238845,0.159204961080752,0.157860710922659,0.156516460764564,0.156516460764564,0.156516460764564,0.156516460764564,0.156516460764564,0.156516460764564,0.156516460764564,0.156516460764564,0.156516460764564,0.156516460764564,0.156516460764564,0.156516460764564,0.156516460764564,0.156516460764564,0.156516460764564,0.156516460764564,0.156516460764564,0.156516460764564,0.156516460764564,0.156516460764564,0.156516460764564,16.7887812827106,11.9153626095903,8.00654502877626,4.96637508283687,2.69889931434031,1.1081642658548,0.0982164799485741,-0.426897500810153,-0.563131133853163,-0.406437876612195,-0.0527711865190685,0.40191547899445,0.8616686624966,1.23053490655563,1.41256075373973,1.31179274661709,0.832277427756022,-0.121938660275339,-1.64680897490866,-3.83828697357586,-3.83828697357586,-3.83828697357586,-3.83828697357586,-3.83828697357586,-3.83828697357586,-3.83828697357586,-3.83828697357586,-3.83828697357586,-3.83828697357586,-3.83828697357586,-3.83828697357586,-3.83828697357586,-3.83828697357586,-3.83828697357586,-3.83828697357586,-3.83828697357586,-3.83828697357586,-3.83828697357586,-3.83828697357586,-3.83828697357586,1.73002412399254,1.45429751654782,1.17857090910317,0.902844301658425,0.627117694213711,0.351391086768981,0.0558286604294729,-0.284620704757332,-0.431530186536094,-0.21836770922604,0.135519297105926,0.405867952103838,0.716604686978039,1.17436842512062,1.46221642630753,1.13748676256538,0.114773812580513,-1.39940100869571,-3.22892820199931,-5.24642991086019,-5.24642991086019,-5.24642991086019,-5.24642991086019,-5.24642991086019,-5.24642991086019,-5.24642991086019,-5.24642991086019,-5.24642991086019,-5.24642991086019,-5.24642991086019,-5.24642991086019,-5.24642991086019,-5.24642991086019,-5.24642991086019,-5.24642991086019,-5.24642991086019,-5.24642991086019,-5.24642991086019,-5.24642991086019,-5.24642991086019,1,1,1,1,1,1,1,1,1,1,1,1,1,1,1,1,1,1,1,1,1,1,1,1,1,1,1,1,1,1,1,1,1,1,1,1,1,1,1,1
-2.28035473659601,-1.35152699042861,0.145336808717881,-2.50957788218212,-0.2071374898993,-0.208640006347222,1.04461783124799,0.381514688224092,-1.7058386570546,0.363823080636939,0.158092432829317,1.97709772377468,0.480344490329571,1.61349418630113,-0.241314520166188,-1.44171549471817,0.862447041874692,-2.26428574317793,-1.44085220795614,-1.31351847006743,0.43130478022767,-0.294812968594172,1.03801495726891,-1.39461597715061,3.56294776682729,-0.388559454597013,-0.862318924115263,0.458002001081905,-1.09366168848397,2.8146438118063,-2.38999717387171,1.37178177379021,3.13781057265659,0.915029578445091,-0.0664575790116206,1.1413607839189,1.64471079427306,-1.72478655895328,-2.40559279613672,0.769922323438335,1.65116744156708,1.39598552917999,1.14080361679289,0.885621704405798,0.630439792018703,0.375257879631607,0.120075967244514,-0.135105945142582,-0.390287857529675,-0.645469769916772,-0.900651682303867,-1.15583359469096,-1.41101550707806,-1.66619741946515,-1.92137933185225,-2.17656124423934,-2.43174315662644,-2.68692506901353,-2.94210698140063,-3.19728889378772,-3.19728889378772,-3.19728889378772,-3.19728889378772,-3.19728889378772,-3.19728889378772,-3.19728889378772,-3.19728889378772,-3.19728889378772,-3.19728889378772,-3.19728889378772,-3.19728889378772,-3.19728889378772,-3.19728889378772,-3.19728889378772,-3.19728889378772,-3.19728889378772,-3.19728889378772,-3.19728889378772,-3.19728889378772,-3.19728889378772,-19.8406716561683,-14.4724943429821,-10.0775995011827,-6.57110922979177,-3.86814562783071,-1.88383079432106,-0.533286828284345,0.268364171257925,0.606000105284249,0.564498874773076,0.228738380702927,-0.316403475947698,-0.986048794200363,-1.69531967307654,-2.35933821159779,-2.89322650878556,-3.21210666366141,-3.23110077524682,-2.86533094256336,-2.02991926463255,-2.02991926463255,-2.02991926463255,-2.02991926463255,-2.02991926463255,-2.02991926463255,-2.02991926463255,-2.02991926463255,-2.02991926463255,-2.02991926463255,-2.02991926463255,-2.02991926463255,-2.02991926463255,-2.02991926463255,-2.02991926463255,-2.02991926463255,-2.02991926463255,-2.02991926463255,-2.02991926463255,-2.02991926463255,-2.02991926463255,0.220767982763771,0.166693459663227,0.112618936562692,0.0585444134621484,0.00446989036160783,-0.0496046327389275,-0.110840479903143,-0.208545545241137,-0.349764547400049,-0.52499406706729,-0.736481019302431,-0.987332016112109,-1.26043121683903,-1.53214099413452,-1.79613946011195,-2.06018741139293,-2.330569150642,-2.60988425021649,-2.90048026081903,-3.20025348042241,-3.20025348042241,-3.20025348042241,-3.20025348042241,-3.20025348042241,-3.20025348042241,-3.20025348042241,-3.20025348042241,-3.20025348042241,-3.20025348042241,-3.20025348042241,-3.20025348042241,-3.20025348042241,-3.20025348042241,-3.20025348042241,-3.20025348042241,-3.20025348042241,-3.20025348042241,-3.20025348042241,-3.20025348042241,-3.20025348042241,1,1,1,1,1,1,1,1,1,1,1,1,1,1,1,1,1,1,1,1,1,1,1,1,1,1,1,1,1,1,1,1,1,1,1,1,1,1,1,1
0.0353303529676441,1.1738343443986,-0.0989413319221537,-1.3456080676135,1.06684282575397,-2.3943159582735,-1.93649904245706,0.409672207932344,-1.333028893221,-1.76490503660178,0.686918662277357,0.563018274821884,0.622653300817475,-0.410315112482751,-0.261055669905973,2.91180998842611,-0.558165493248307,-0.718882328973663,-0.858134294770755,-2.14458202350737,2.22399131647513,0.420346283754551,2.32103316347595,-0.0885601349533083,-1.65288319976304,-0.319926032759899,1.07740067102945,-0.67437025870408,-0.159784069408486,0.695455503194815,1.18817421959531,-0.299526464496477,-0.269912476829573,-1.62150699914855,-1.73810916592691,0.895611703729687,0.503593011208105,-2.48241627402915,-0.608344179146613,2.42245503755623,-1.9901335273567,-1.76695633156016,-1.54377913576361,-1.32060193996706,-1.09742474417051,-0.874247548373966,-0.651070352577419,-0.427893156780872,-0.204715960984323,0.0184612348122215,0.241638430608772,0.464815626405317,0.687992822201865,0.911170017998412,1.13434721379496,1.35752440959151,1.58070160538805,1.8038788011846,2.02705599698115,2.2502331927777,2.2502331927777,2.2502331927777,2.2502331927777,2.2502331927777,2.2502331927777,2.2502331927777,2.2502331927777,2.2502331927777,2.2502331927777,2.2502331927777,2.2502331927777,2.2502331927777,2.2502331927777,2.2502331927777,2.2502331927777,2.2502331927777,2.2502331927777,2.2502331927777,2.2502331927777,2.2502331927777,-0.685346555542082,-2.03163022541283,-2.86505303710036,-3.2505993847935,-3.25325366268104,-2.9380002649518,-2.3698235857946,-1.61370801939825,-0.734637959951575,0.202402198356639,1.13242806133756,1.99045523480239,2.71149932456227,3.23057593642845,3.48270067621209,3.40288914972436,2.92615696277648,1.9875197211796,0.521993030744932,-1.53540750271634,-1.53540750271634,-1.53540750271634,-1.53540750271634,-1.53540750271634,-1.53540750271634,-1.53540750271634,-1.53540750271634,-1.53540750271634,-1.53540750271634,-1.53540750271634,-1.53540750271634,-1.53540750271634,-1.53540750271634,-1.53540750271634,-1.53540750271634,-1.53540750271634,-1.53540750271634,-1.53540750271634,-1.53540750271634,-1.53540750271634,-8.69832849414441,-7.61428209282971,-6.53023569151496,-5.44618929020025,-4.36214288888554,-3.27809648757083,-2.20338687677814,-1.18516122479543,-0.277931135896045,0.489923555825774,1.14704420626738,1.75208321989575,2.29666260891574,2.67677992963113,2.80767079165285,2.7071292040723,2.39789410957646,1.798095710862,0.823864101699881,-0.421542345858878,-0.421542345858878,-0.421542345858878,-0.421542345858878,-0.421542345858878,-0.421542345858878,-0.421542345858878,-0.421542345858878,-0.421542345858878,-0.421542345858878,-0.421542345858878,-0.421542345858878,-0.421542345858878,-0.421542345858878,-0.421542345858878,-0.421542345858878,-0.421542345858878,-0.421542345858878,-0.421542345858878,-0.421542345858878,-0.421542345858878,1,1,1,1,1,1,1,1,1,1,1,1,1,0,1,1,1,1,1,1,1,1,1,1,1,1,1,1,1,1,1,1,1,1,1,1,1,1,1,1
0.140631426273294,-1.24512042411145,-2.96268768326975,0.697550099236561,1.02250145420578,-0.793683955839673,0.750152355932425,1.1993306966294,1.02801239588178,-0.0434201463978123,0.125909647218686,-1.28354106815558,-1.08994089424984,-3.04274353912766,-0.537305315880689,-0.321170031213409,-0.465378916353838,2.43115704672829,0.380303716758968,-0.751476272922973,-0.387821401106102,2.72215849579161,2.18671567941345,0.376320367795971,1.10960346712322,1.32174039717486,-1.10176577305248,-0.315603362481554,0.351258012600415,-0.624621908766525,2.66685548875025,1.9870142656064,-2.72408553182892,-0.491848064375159,0.0106314125397624,1.76941295139234,1.23908601681461,-0.902306105891805,0.134063482753776,1.32410342272083,0.576670924837513,0.423512592648781,0.270354260460048,0.117195928271316,-0.0359624039174156,-0.189120736106147,-0.342279068294879,-0.495437400483612,-0.648595732672343,-0.801754064861075,-0.954912397049807,-1.10807072923854,-1.26122906142727,-1.414387393616,-1.56754572580474,-1.72070405799347,-1.8738623901822,-2.02702072237093,-2.18017905455966,-2.3333373867484,-2.3333373867484,-2.3333373867484,-2.3333373867484,-2.3333373867484,-2.3333373867484,-2.3333373867484,-2.3333373867484,-2.3333373867484,-2.3333373867484,-2.3333373867484,-2.3333373867484,-2.3333373867484,-2.3333373867484,-2.3333373867484,-2.3333373867484,-2.3333373867484,-2.3333373867484,-2.3333373867484,-2.3333373867484,-2.3333373867484,-25.9452145104083,-18.6900182104842,-12.820404535392,-8.20603771639254,-4.71658198474716,-2.22170157171698,-0.591060708563147,0.305676373453171,0.598845443070818,0.418782269028629,-0.104177379934544,-0.839697735079863,-1.65744302766848,-2.42707748896156,-3.01826535022024,-3.30067084270571,-3.14395819767915,-2.41779164640164,-0.991835420134402,1.26424624986144,1.26424624986144,1.26424624986144,1.26424624986144,1.26424624986144,1.26424624986144,1.26424624986144,1.26424624986144,1.26424624986144,1.26424624986144,1.26424624986144,1.26424624986144,1.26424624986144,1.26424624986144,1.26424624986144,1.26424624986144,1.26424624986144,1.26424624986144,1.26424624986144,1.26424624986144,1.26424624986144,2.2103672247859,1.84155709405059,1.47274696331525,1.10393683257992,0.735126701844593,0.366316571109262,0.0104444738264888,-0.279773155432276,-0.507338745460554,-0.765731222621627,-1.1235640602914,-1.53205223987435,-1.91996598620755,-2.27068711512183,-2.51893083788617,-2.52822252512438,-2.2615992320331,-1.82722511959952,-1.32414820722192,-0.786516705232163,-0.786516705232163,-0.786516705232163,-0.786516705232163,-0.786516705232163,-0.786516705232163,-0.786516705232163,-0.786516705232163,-0.786516705232163,-0.786516705232163,-0.786516705232163,-0.786516705232163,-0.786516705232163,-0.786516705232163,-0.786516705232163,-0.786516705232163,-0.786516705232163,-0.786516705232163,-0.786516705232163,-0.786516705232163,-0.786516705232163,1,1,1,1,1,1,1,1,1,1,1,1,1,1,0,1,1,1,1,1,1,1,1,1,1,1,1,1,1,1,1,1,1,1,1,1,1,1,1,1
2.14617067819358,3.10715472684244,-1.90533964933818,1.0660323426752,0.361801457823995,2.32425513785265,-0.253939604828993,-1.00022492769666,-1.45200982986225,0.373439332887672,0.0480242181843362,1.71389279132603,-0.416506495066438,0.776174345688123,0.179507725152614,-1.72191574985462,0.602078334891763,0.148704286489274,0.909104897237169,-0.129162010961824,3.46268007853943,-2.44703529142057,-0.298108793018377,-1.19946003983904,-0.00616363614248527,-1.65344585753146,0.924003381294536,-2.1972340532436,-0.0931447142528192,-2.45762657924548,-0.126842703731432,2.15043115393443,0.0488450374373812,-1.7409985874468,1.17947253684611,-0.70683429574223,0.550712802444675,-2.44690495687475,-0.587159058421264,-1.16392471324794,-0.989066960740694,-0.856741749629971,-0.724416538519246,-0.592091327408522,-0.459766116297798,-0.327440905187074,-0.195115694076349,-0.0627904829656263,0.0695347281450989,0.201859939255824,0.334185150366547,0.466510361477273,0.598835572587996,0.731160783698719,0.863485994809444,0.995811205920168,1.12813641703089,1.26046162814161,1.39278683925234,1.52511205036307,1.52511205036307,1.52511205036307,1.52511205036307,1.52511205036307,1.52511205036307,1.52511205036307,1.52511205036307,1.52511205036307,1.52511205036307,1.52511205036307,1.52511205036307,1.52511205036307,1.52511205036307,1.52511205036307,1.52511205036307,1.52511205036307,1.52511205036307,1.52511205036307,1.52511205036307,1.52511205036307,8.39360085713553,5.37149161214428,3.03992220773142,1.32579242872275,0.156002059944074,-0.542549113778789,-0.842961307620034,-0.818334736753854,-0.541769616354443,-0.086366161595981,0.474775412347325,1.06855489030131,1.62187205709175,2.06162669754447,2.31471859648527,2.30804753873998,1.9685133091344,1.22301569249431,-0.00154552635442329,-1.77827056258603,-1.77827056258603,-1.77827056258603,-1.77827056258603,-1.77827056258603,-1.77827056258603,-1.77827056258603,-1.77827056258603,-1.77827056258603,-1.77827056258603,-1.77827056258603,-1.77827056258603,-1.77827056258603,-1.77827056258603,-1.77827056258603,-1.77827056258603,-1.77827056258603,-1.77827056258603,-1.77827056258603,-1.77827056258603,-1.77827056258603,-1.39111017413309,-1.21783292658544,-1.04455567903779,-0.871278431490141,-0.698001183942496,-0.52472393639485,-0.349288475096934,-0.162173014033101,0.0428462560183061,0.267962380913664,0.505746672559738,0.729046281202853,0.904886275244577,1.01917828041116,1.07754777542118,1.09455865279606,1.09142551680712,1.08675565632981,1.08337156878004,1.07703463418558,1.07703463418558,1.07703463418558,1.07703463418558,1.07703463418558,1.07703463418558,1.07703463418558,1.07703463418558,1.07703463418558,1.07703463418558,1.07703463418558,1.07703463418558,1.07703463418558,1.07703463418558,1.07703463418558,1.07703463418558,1.07703463418558,1.07703463418558,1.07703463418558,1.07703463418558,1.07703463418558,1,1,1,1,1,1,1,1,1,1,1,1,1,1,1,1,1,1,1,1,1,1,1,1,1,1,1,1,1,1,1,1,1,1,1,1,1,1,1,1
-0.803071563875362,0.363000264742355,-0.00971134324036527,0.332720418471139,0.963608091311277,0.351275668059394,-1.38818779513504,-1.37934276473873,-0.679887555524903,-0.0509449123380783,0.595866439104572,0.50766621470701,3.06301956825132,0.803912276854868,0.871777854803252,-0.348708478464708,0.424489226390216,-0.809266281412356,-0.836918513510339,-0.126582257672968,0.0953193197551094,-1.94427989597104,0.267611108937242,3.48003662576418,1.72006631978061,-0.0860609745410787,-0.251529974090296,-0.421196152483251,0.630905455567309,-1.01032929913415,0.714164050852528,1.70779469280058,0.642503593766612,0.106242159705547,0.610611746724601,-1.2141605231145,0.14632556768832,-2.39173880125667,1.39693892480035,1.70524282503901,-1.18049062910246,-1.06825824012493,-0.956025851147391,-0.843793462169859,-0.731561073192323,-0.619328684214788,-0.507096295237252,-0.394863906259719,-0.282631517282184,-0.17039912830465,-0.0581667393271132,0.0540656496504219,0.166298038627957,0.278530427605491,0.390762816583026,0.502995205560561,0.615227594538096,0.727459983515629,0.839692372493163,0.951924761470698,0.951924761470698,0.951924761470698,0.951924761470698,0.951924761470698,0.951924761470698,0.951924761470698,0.951924761470698,0.951924761470698,0.951924761470698,0.951924761470698,0.951924761470698,0.951924761470698,0.951924761470698,0.951924761470698,0.951924761470698,0.951924761470698,0.951924761470698,0.951924761470698,0.951924761470698,0.951924761470698,-21.2819053437456,-16.6699563113771,-12.6848147503242,-9.28519941966868,-6.429829078492,-4.07742248587579,-2.18669840090166,-0.716375582651208,0.374827209793967,1.12819121735227,1.5849976809421,1.78652784148186,1.77406293988994,1.58888421708474,1.27227291398467,0.865510271508111,0.409877530573496,-0.0533440679007953,-0.482873282996362,-0.83742887379481,-0.83742887379481,-0.83742887379481,-0.83742887379481,-0.83742887379481,-0.83742887379481,-0.83742887379481,-0.83742887379481,-0.83742887379481,-0.83742887379481,-0.83742887379481,-0.83742887379481,-0.83742887379481,-0.83742887379481,-0.83742887379481,-0.83742887379481,-0.83742887379481,-0.83742887379481,-0.83742887379481,-0.83742887379481,-0.83742887379481,-7.3320747578452,-6.42352832839465,-5.5149818989441,-4.60643546949355,-3.697889040043,-2.78934261059245,-1.88415592434614,-1.0018507627531,-0.177866553371651,0.542317213118334,1.11094362754872,1.49335936260737,1.68440645357781,1.7007178803902,1.55053958541927,1.22520176315287,0.729917579313456,0.108537021272923,-0.575517847887825,-1.27676693406477,-1.27676693406477,-1.27676693406477,-1.27676693406477,-1.27676693406477,-1.27676693406477,-1.27676693406477,-1.27676693406477,-1.27676693406477,-1.27676693406477,-1.27676693406477,-1.27676693406477,-1.27676693406477,-1.27676693406477,-1.27676693406477,-1.27676693406477,-1.27676693406477,-1.27676693406477,-1.27676693406477,-1.27676693406477,-1.27676693406477,1,1,1,1,1,1,1,1,1,1,1,1,1,1,1,1,1,1,1,1,1,1,1,1,1,1,1,1,1,1,1,1,1,1,1,1,1,1,1,1
0.474144409406397,0.622804502032248,1.9956507303524,1.0927838665866,-2.75492510228356,-1.25582833479688,-1.55239539893049,1.21568173776199,-0.776348072340468,-1.44974273092386,1.87555058743317,0.554280858787031,1.40950973329821,-1.1456149355825,1.59690974647424,0.616755091493696,0.666774399112921,-0.640312003563858,-1.05137627908813,-1.4790770824313,0.37177264187275,0.369020547685956,-0.614585414206228,-1.13118958310448,0.136747192928507,-1.04313550422818,1.57521484020977,-0.809135319060394,-0.193839962613676,-0.689210054508759,0.978765300588345,-3.80200734631826,1.96183441755366,1.01397960183599,-1.61980126781751,1.24706677567681,1.87896121528081,-0.569395656017022,-0.617955325362169,3.20284955348058,-1.3106926342536,-1.24462347788941,-1.17855432152523,-1.11248516516105,-1.04641600879686,-0.980346852432676,-0.91427769606849,-0.848208539704306,-0.782139383340121,-0.716070226975937,-0.650001070611752,-0.583931914247568,-0.517862757883384,-0.451793601519197,-0.385724445155015,-0.31965528879083,-0.253586132426644,-0.18751697606246,-0.121447819698277,-0.0553786633340927,-0.0553786633340927,-0.0553786633340927,-0.0553786633340927,-0.0553786633340927,-0.0553786633340927,-0.0553786633340927,-0.0553786633340927,-0.0553786633340927,-0.0553786633340927,-0.0553786633340927,-0.0553786633340927,-0.0553786633340927,-0.0553786633340927,-0.0553786633340927,-0.0553786633340927,-0.0553786633340927,-0.0553786633340927,-0.0553786633340927,-0.0553786633340927,-0.0553786633340927,10.8577554918845,7.06604441444889,4.08391556592919,1.82796148986898,0.214774729811918,-0.839052170698364,-1.41692666811823,-1.60225621890404,-1.47844827951214,-1.12891030639891,-0.63704975602068,-0.0862740848338515,0.440009250705243,0.858392794140235,1.08546908901479,1.0378306788725,0.632070107257048,-0.215220082287965,-1.58744734621886,-3.56801914099202,-3.56801914099202,-3.56801914099202,-3.56801914099202,-3.56801914099202,-3.56801914099202,-3.56801914099202,-3.56801914099202,-3.56801914099202,-3.56801914099202,-3.56801914099202,-3.56801914099202,-3.56801914099202,-3.56801914099202,-3.56801914099202,-3.56801914099202,-3.56801914099202,-3.56801914099202,-3.56801914099202,-3.56801914099202,-3.56801914099202,-4.83686974117774,-4.30731719199315,-3.77776464280856,-3.24821209362397,-2.71865954443938,-2.18910699525478,-1.65769412721644,-1.12197787361049,-0.61073686085131,-0.181636067732274,0.10975134516778,0.238980106286345,0.228044042545491,0.131439392810812,-0.00402252201008046,-0.161664187114136,-0.340863901310568,-0.541993684842952,-0.765399194869183,-1.00503149321566,-1.00503149321566,-1.00503149321566,-1.00503149321566,-1.00503149321566,-1.00503149321566,-1.00503149321566,-1.00503149321566,-1.00503149321566,-1.00503149321566,-1.00503149321566,-1.00503149321566,-1.00503149321566,-1.00503149321566,-1.00503149321566,-1.00503149321566,-1.00503149321566,-1.00503149321566,-1.00503149321566,-1.00503149321566,-1.00503149321566,1,1,1,1,1,1,1,1,1,1,1,1,1,1,1,1,1,1,1,1,1,1,1,1,1,1,1,1,1,1,1,1,1,1,1,1,1,1,1,1
-2.2163919348366,-0.804413719329013,0.290306871003269,1.04533086774725,-1.48991884864351,0.879249610959582,-2.37955988243374,1.14293670511363,-1.32231996606271,-2.66100330731204,-1.29427069517743,0.883462814702273,2.8099918563917,0.444962894955369,0.139950381792772,0.248958237152815,0.982065463746292,0.286113572564068,-3.50097872886546,2.08517578358256,-0.3672521237837,3.30369743441141,1.73752201887386,-0.785209742867579,-2.92276535263106,-0.760315798165996,-2.97680481458439,-1.4344153045961,-0.117286701531098,0.849958645162699,2.53528205949836,0.381284058715671,-2.12554858625987,1.2129794712026,0.627413872415847,-0.865435770284812,-0.621628430631075,-1.04569215772447,-1.86814729759567,-1.14625798114803,0.719354040640763,0.716115782026074,0.712877523411383,0.709639264796694,0.706401006182006,0.703162747567317,0.699924488952627,0.696686230337939,0.693447971723248,0.690209713108558,0.68697145449387,0.683733195879183,0.680494937264491,0.677256678649803,0.674018420035114,0.670780161420426,0.667541902805736,0.664303644191046,0.661065385576359,0.657827126961669,0.657827126961669,0.657827126961669,0.657827126961669,0.657827126961669,0.657827126961669,0.657827126961669,0.657827126961669,0.657827126961669,0.657827126961669,0.657827126961669,0.657827126961669,0.657827126961669,0.657827126961669,0.657827126961669,0.657827126961669,0.657827126961669,0.657827126961669,0.657827126961669,0.657827126961669,0.657827126961669,15.4542661024527,10.7094968157561,6.96236660006429,4.11070637004327,2.05234704035897,0.685119525677326,-0.0931452593357065,-0.384616400014165,-0.291462981692129,0.0841459102963658,0.640041190617255,1.2740537739365,1.88401457492004,2.36775450823383,2.62310448854385,2.54789543051595,2.03995824881614,0.997123858110394,-0.682776826935356,-3.10191289165521,-3.10191289165521,-3.10191289165521,-3.10191289165521,-3.10191289165521,-3.10191289165521,-3.10191289165521,-3.10191289165521,-3.10191289165521,-3.10191289165521,-3.10191289165521,-3.10191289165521,-3.10191289165521,-3.10191289165521,-3.10191289165521,-3.10191289165521,-3.10191289165521,-3.10191289165521,-3.10191289165521,-3.10191289165521,-3.10191289165521,3.76461000653044,3.24089911491934,2.71718822330823,2.19347733169713,1.66976644008602,1.14605554847491,0.640029707920757,0.235146136837363,0.0150968267262233,0.0631599310794346,0.409915637283527,0.917397934127397,1.33616933799277,1.52023390075468,1.48790468718484,1.28607494830992,0.933944234826884,0.50371415457278,0.115904570638509,-0.190871648827123,-0.190871648827123,-0.190871648827123,-0.190871648827123,-0.190871648827123,-0.190871648827123,-0.190871648827123,-0.190871648827123,-0.190871648827123,-0.190871648827123,-0.190871648827123,-0.190871648827123,-0.190871648827123,-0.190871648827123,-0.190871648827123,-0.190871648827123,-0.190871648827123,-0.190871648827123,-0.190871648827123,-0.190871648827123,-0.190871648827123,1,1,1,1,1,1,1,1,1,1,1,1,1,1,1,1,1,1,1,1,1,1,1,1,1,1,1,1,1,1,1,1,1,1,1,1,1,1,1,1
-1.89437715642351,-2.40932341271076,0.431796239623575,0.791414912619105,0.642971949729731,-2.35639728649935,1.29547112406882,0.516807166705693,-0.411251765166517,3.11654740496171,0.345550874028424,-0.375996262158903,-0.412406299951098,0.120752693444974,-2.13106722513212,-2.00091386752565,0.0246441332777767,-0.756937924358857,-1.90873406948491,0.595139711379518,-0.162443035667227,1.14265077971516,0.798368724206755,-1.10500122964012,0.289332960419102,-2.48147810584731,0.267728791464775,0.890815541379558,-0.497215969069158,-1.22259325045385,0.183564739766618,1.29630075287791,0.0908217260289064,2.22307907065988,-1.15631464280303,-1.69504634750175,1.08259967782071,0.385260062389587,1.31939790426784,1.36090509809958,2.77233676605763,2.56087525574981,2.34941374544198,2.13795223513416,1.92649072482634,1.71502921451852,1.50356770421069,1.29210619390287,1.08064468359505,0.869183173287224,0.657721662979402,0.446260152671579,0.234798642363755,0.0233371320559321,-0.18812437825189,-0.399585888559713,-0.611047398867536,-0.822508909175358,-1.03397041948318,-1.245431929791,-1.245431929791,-1.245431929791,-1.245431929791,-1.245431929791,-1.245431929791,-1.245431929791,-1.245431929791,-1.245431929791,-1.245431929791,-1.245431929791,-1.245431929791,-1.245431929791,-1.245431929791,-1.245431929791,-1.245431929791,-1.245431929791,-1.245431929791,-1.245431929791,-1.245431929791,-1.245431929791,-13.8854485917904,-9.73357815884976,-6.3438967776332,-3.64894271158998,-1.58125422416937,-0.0733695788206186,0.942172961007018,1.53283513186427,1.76607867030187,1.70936531287057,1.43015679612111,0.995914856604232,0.474101230870639,-0.0678223445288797,-0.562394133043613,-0.942152398122804,-1.13963540321572,-1.08738141177166,-0.717928687239828,0.0361845069304731,0.0361845069304731,0.0361845069304731,0.0361845069304731,0.0361845069304731,0.0361845069304731,0.0361845069304731,0.0361845069304731,0.0361845069304731,0.0361845069304731,0.0361845069304731,0.0361845069304731,0.0361845069304731,0.0361845069304731,0.0361845069304731,0.0361845069304731,0.0361845069304731,0.0361845069304731,0.0361845069304731,0.0361845069304731,0.0361845069304731,-2.08905462023965,-1.58793270962319,-1.08681079900671,-0.585688888390257,-0.0845669777738092,0.416554932842657,0.900112109426564,1.31044431463772,1.67600047219563,1.90377797559578,1.73400829928362,1.10053346035086,0.240128263639166,-0.608828966726715,-1.31630653604581,-1.72096385788013,-1.67162603484494,-1.17198699509406,-0.351406126599505,0.627342264065527,0.627342264065527,0.627342264065527,0.627342264065527,0.627342264065527,0.627342264065527,0.627342264065527,0.627342264065527,0.627342264065527,0.627342264065527,0.627342264065527,0.627342264065527,0.627342264065527,0.627342264065527,0.627342264065527,0.627342264065527,0.627342264065527,0.627342264065527,0.627342264065527,0.627342264065527,0.627342264065527,1,1,1,1,1,1,1,1,1,0,1,1,1,1,1,1,1,1,1,1,1,1,1,1,1,1,1,1,1,1,1,1,1,1,1,1,1,1,1,1
0.901769553161162,-1.4783841727287,0.729157987322694,-0.0378579326540356,2.47521271672013,0.0633828402721539,2.03638708939128,2.17770236926614,-1.95894174452045,-0.0760283337227925,-0.511567251981122,-0.0295467059473591,-1.19203401172661,-1.92312047419663,1.956140306575,-2.83069267164859,1.64837941946615,-2.26714166983574,-0.264832353055423,0.594197059592107,0.82900718486577,-3.22427645989063,2.22222216879965,1.17758236543505,0.265454662022849,-0.306747906766667,-1.53794832586774,0.372204658327352,-0.564611354444583,0.643097240203474,-2.31531388832354,-0.36998709007449,-0.85985665159774,2.90814770074029,-0.273896133710258,-0.0497251151318334,2.55585345915325,-0.194313130993807,0.168903913141637,-1.08637426396746,4.03987827679242,3.68322861344863,3.32657895010483,2.96992928676104,2.61327962341725,2.25662996007346,1.89998029672967,1.54333063338588,1.18668097004209,0.830031306698295,0.473381643354504,0.116731980010714,-0.239917683333077,-0.596567346676869,-0.95321701002066,-1.30986667336445,-1.66651633670824,-2.02316600005203,-2.37981566339583,-2.73646532673962,-2.73646532673962,-2.73646532673962,-2.73646532673962,-2.73646532673962,-2.73646532673962,-2.73646532673962,-2.73646532673962,-2.73646532673962,-2.73646532673962,-2.73646532673962,-2.73646532673962,-2.73646532673962,-2.73646532673962,-2.73646532673962,-2.73646532673962,-2.73646532673962,-2.73646532673962,-2.73646532673962,-2.73646532673962,-2.73646532673962,-16.7563103455179,-11.5497415554679,-7.33855317305973,-4.03233079380841,-1.54066001322883,0.226873573164101,1.36068436985543,1.95118678133028,2.08879521207372,1.86392406657081,1.36698774930661,0.688400664766261,-0.0814227825652001,-0.852068188202708,-1.53312114766119,-2.03416725645549,-2.26479211010061,-2.13458130411139,-1.55312043400293,-0.429995095289966,-0.429995095289966,-0.429995095289966,-0.429995095289966,-0.429995095289966,-0.429995095289966,-0.429995095289966,-0.429995095289966,-0.429995095289966,-0.429995095289966,-0.429995095289966,-0.429995095289966,-0.429995095289966,-0.429995095289966,-0.429995095289966,-0.429995095289966,-0.429995095289966,-0.429995095289966,-0.429995095289966,-0.429995095289966,-0.429995095289966,0.11978334417837,0.331278084712181,0.542772825245997,0.754267565779791,0.965762306313604,1.17725704684741,1.37414615558663,1.49015021444306,1.47701661483505,1.31659520349673,1.00504276397579,0.567116628270853,0.0564169615843078,-0.469959650651585,-0.955074125799683,-1.34157019344541,-1.60990211717011,-1.80624942194543,-1.99971379857879,-2.21653556638663,-2.21653556638663,-2.21653556638663,-2.21653556638663,-2.21653556638663,-2.21653556638663,-2.21653556638663,-2.21653556638663,-2.21653556638663,-2.21653556638663,-2.21653556638663,-2.21653556638663,-2.21653556638663,-2.21653556638663,-2.21653556638663,-2.21653556638663,-2.21653556638663,-2.21653556638663,-2.21653556638663,-2.21653556638663,-2.21653556638663,1,1,1,1,1,1,1,1,1,1,1,1,1,1,1,1,1,1,1,1,1,1,1,1,1,1,1,1,1,1,1,1,1,1,1,1,1,1,1,1
2.30145608159105,-0.482934146542663,1.14453802288779,0.0980515948416656,0.517803106505782,-0.136515313256775,0.0917328368993733,-0.626956631127289,-0.560356091495118,0.0572826827499888,1.87786387836221,-0.00191535110073815,-0.819560104178587,-0.21108300763848,0.418085675679162,-2.17920344656309,2.50198350238126,-0.939868906841816,0.0920278086653976,-1.4687031506646,-1.38450677229587,0.26248935397158,0.204373924751508,-0.543402088678354,-0.236107547341632,-0.628707124351273,-1.96516043665312,-1.15203596178495,1.2370394262572,0.72406249806934,0.765934888652913,-0.346530871566834,-1.93516484281058,2.44542261467721,-1.57844501393461,1.20548649305711,0.756948329548518,-1.96051543558436,0.538381254802504,-0.288997885441406,2.00618585336003,1.76180488806229,1.51742392276455,1.27304295746682,1.02866199216908,0.784281026871342,0.539900061573608,0.29551909627587,0.0511381309781349,-0.193242834319603,-0.437623799617342,-0.682004764915078,-0.926385730212814,-1.17076669551055,-1.41514766080829,-1.65952862610603,-1.90390959140376,-2.1482905567015,-2.39267152199923,-2.63705248729697,-2.63705248729697,-2.63705248729697,-2.63705248729697,-2.63705248729697,-2.63705248729697,-2.63705248729697,-2.63705248729697,-2.63705248729697,-2.63705248729697,-2.63705248729697,-2.63705248729697,-2.63705248729697,-2.63705248729697,-2.63705248729697,-2.63705248729697,-2.63705248729697,-2.63705248729697,-2.63705248729697,-2.63705248729697,-2.63705248729697,12.0517209055806,9.01291841988345,6.4872017137577,4.42775210448264,2.78775090933758,1.52037944560181,0.578819030554607,-0.0837490185247205,-0.514143384356894,-0.759182749662601,-0.865685797162572,-0.880471209577486,-0.850357669628085,-0.822163860035044,-0.842708463519104,-0.958810162800932,-1.21728764060127,-1.66495957964082,-2.34864466264027,-3.31516157232035,-3.31516157232035,-3.31516157232035,-3.31516157232035,-3.31516157232035,-3.31516157232035,-3.31516157232035,-3.31516157232035,-3.31516157232035,-3.31516157232035,-3.31516157232035,-3.31516157232035,-3.31516157232035,-3.31516157232035,-3.31516157232035,-3.31516157232035,-3.31516157232035,-3.31516157232035,-3.31516157232035,-3.31516157232035,-3.31516157232035,0.24106861051493,0.204299099632364,0.167529588749801,0.130760077867234,0.0939905669846706,0.057221056102108,0.0229715612816204,0.00299492040208271,0.00458692520306059,0.0156119389896254,0.00154312306266746,-0.0822070934607808,-0.270957187922836,-0.575326300603761,-0.977376417300883,-1.44156267375721,-1.93237394866619,-2.42490998821212,-2.90702384188237,-3.37950871695612,-3.37950871695612,-3.37950871695612,-3.37950871695612,-3.37950871695612,-3.37950871695612,-3.37950871695612,-3.37950871695612,-3.37950871695612,-3.37950871695612,-3.37950871695612,-3.37950871695612,-3.37950871695612,-3.37950871695612,-3.37950871695612,-3.37950871695612,-3.37950871695612,-3.37950871695612,-3.37950871695612,-3.37950871695612,-3.37950871695612,1,1,1,1,1,1,1,1,1,1,1,1,1,1,1,1,1,1,1,1,1,1,1,1,1,1,1,1,1,1,1,1,1,1,1,1,1,1,1,1
-1.89450867645965,-1.4237488024955,-0.634357610638474,-0.0505600135902515,1.61460981005339,-2.43883155250872,0.211566890041852,0.922087224689303,-0.155863678793613,0.608062077746457,-2.37295146054648,-1.8305859519418,2.43513878141336,-1.225586661794,-0.165685244529044,-2.39658131675606,-1.37079123714433,0.081535135654125,-0.38587384880001,0.664528192653021,0.352642049139357,0.717514816877955,0.474611614901701,-0.112945850871291,-0.232652243870595,1.20350311832692,0.644889700860153,-1.03938564172399,-0.0415129362815136,2.75317795466533,1.82760765481708,2.15306342554141,-1.37233476181411,0.371913295628175,-0.696267098381798,-0.0220198947357222,1.61440211379494,0.994000823875048,-1.97406509466982,-2.11919088162413,3.57638232962087,3.1871507894273,2.79791924923373,2.40868770904016,2.01945616884659,1.63022462865302,1.24099308845945,0.851761548265879,0.462530008072306,0.0732984678787396,-0.315933072314833,-0.705164612508403,-1.09439615270197,-1.48362769289554,-1.87285923308911,-2.26209077328268,-2.65132231347625,-3.04055385366983,-3.42978539386339,-3.81901693405696,-3.81901693405696,-3.81901693405696,-3.81901693405696,-3.81901693405696,-3.81901693405696,-3.81901693405696,-3.81901693405696,-3.81901693405696,-3.81901693405696,-3.81901693405696,-3.81901693405696,-3.81901693405696,-3.81901693405696,-3.81901693405696,-3.81901693405696,-3.81901693405696,-3.81901693405696,-3.81901693405696,-3.81901693405696,-3.81901693405696,17.4666027224773,13.7216160178214,10.4920556737312,7.73949074101782,5.42549027049205,3.51162331296487,1.95945891924722,0.730566140150042,-0.213485973515748,-0.911128370939188,-1.40079200130936,-1.72090781381532,-1.90990675764612,-2.00621978199086,-2.04827783603855,-2.07451186897828,-2.12335282999912,-2.23323166829013,-2.44257933304035,-2.78982677343888,-2.78982677343888,-2.78982677343888,-2.78982677343888,-2.78982677343888,-2.78982677343888,-2.78982677343888,-2.78982677343888,-2.78982677343888,-2.78982677343888,-2.78982677343888,-2.78982677343888,-2.78982677343888,-2.78982677343888,-2.78982677343888,-2.78982677343888,-2.78982677343888,-2.78982677343888,-2.78982677343888,-2.78982677343888,-2.78982677343888,5.88836030924359,5.19642082193695,4.50448133463031,3.81254184732368,3.12060236001705,2.42866287271041,1.72996922705846,1.00418285625637,0.285374691636804,-0.355695547491065,-0.87532955058505,-1.27689498415364,-1.59952981596629,-1.88912341088154,-2.15738056583398,-2.38464057956006,-2.5621488621669,-2.69195224640403,-2.76415369834954,-2.78700118743423,-2.78700118743423,-2.78700118743423,-2.78700118743423,-2.78700118743423,-2.78700118743423,-2.78700118743423,-2.78700118743423,-2.78700118743423,-2.78700118743423,-2.78700118743423,-2.78700118743423,-2.78700118743423,-2.78700118743423,-2.78700118743423,-2.78700118743423,-2.78700118743423,-2.78700118743423,-2.78700118743423,-2.78700118743423,-2.78700118743423,1,1,1,1,1,1,1,1,1,1,1,1,1,1,1,1,1,1,1,1,1,1,1,1,1,1,1,1,1,1,1,1,1,1,1,1,1,1,1,1
-2.13347461893823,-0.814866451347834,-1.91776974620854,1.70872539978404,-0.640116193108589,-2.60322520191411,-1.06066734412978,0.74789331502395,-3.60537893254394,1.4455450186642,1.16346181784047,-1.10063904918414,0.0859470418275432,0.861679030373406,0.230592425474359,2.60599282200055,-0.704928453649677,0.737211811712136,1.31339581875347,0.717080024699865,-1.39653384455572,0.420191049154404,-1.93514315504291,0.440435334948692,0.271497451485253,-0.751400050648483,-0.43807954836606,-0.36888679229156,-2.06384672891801,0.396538909028004,0.410231149791064,-0.780147226830257,-2.30701479110555,-0.0980051862299387,-2.16878435723574,1.35302282718041,-3.12938023362141,-0.702051340265117,2.02836508132688,-1.09757987635362,-1.25260551197664,-1.24349804879671,-1.23439058561679,-1.22528312243687,-1.21617565925694,-1.20706819607702,-1.19796073289709,-1.18885326971717,-1.17974580653725,-1.17063834335732,-1.1615308801774,-1.15242341699747,-1.14331595381755,-1.13420849063762,-1.1251010274577,-1.11599356427778,-1.10688610109785,-1.09777863791793,-1.088671174738,-1.07956371155808,-1.07956371155808,-1.07956371155808,-1.07956371155808,-1.07956371155808,-1.07956371155808,-1.07956371155808,-1.07956371155808,-1.07956371155808,-1.07956371155808,-1.07956371155808,-1.07956371155808,-1.07956371155808,-1.07956371155808,-1.07956371155808,-1.07956371155808,-1.07956371155808,-1.07956371155808,-1.07956371155808,-1.07956371155808,-1.07956371155808,12.3374174516987,8.14606010672825,4.80819474328998,2.23888685599513,0.353201939454895,-0.933794511719508,-1.70703700291688,-2.05146003952603,-2.05199812693574,-1.79358577053481,-1.36115747571204,-0.839647747856231,-0.31399109235617,0.130877985399335,0.410024980021486,0.438515386121503,0.13141469831057,-0.596211588800092,-1.82929798059931,-3.65277898247584,-3.65277898247584,-3.65277898247584,-3.65277898247584,-3.65277898247584,-3.65277898247584,-3.65277898247584,-3.65277898247584,-3.65277898247584,-3.65277898247584,-3.65277898247584,-3.65277898247584,-3.65277898247584,-3.65277898247584,-3.65277898247584,-3.65277898247584,-3.65277898247584,-3.65277898247584,-3.65277898247584,-3.65277898247584,-3.65277898247584,-4.87777826426771,-4.38604859138392,-3.89431891850012,-3.40258924561633,-2.91085957273253,-2.41912989984873,-1.9317291666769,-1.46993379804032,-1.05764393283043,-0.718914020312885,-0.482151197345413,-0.366801930079847,-0.365670305309154,-0.455726050406531,-0.624032534346885,-0.864113988144354,-1.15110333725096,-1.44563369604717,-1.72447332102345,-1.99050768539294,-1.99050768539294,-1.99050768539294,-1.99050768539294,-1.99050768539294,-1.99050768539294,-1.99050768539294,-1.99050768539294,-1.99050768539294,-1.99050768539294,-1.99050768539294,-1.99050768539294,-1.99050768539294,-1.99050768539294,-1.99050768539294,-1.99050768539294,-1.99050768539294,-1.99050768539294,-1.99050768539294,-1.99050768539294,-1.99050768539294,1,1,1,1,1,1,1,1,1,1,1,1,1,1,1,1,1,1,1,1,1,1,1,1,1,1,1,1,1,1,1,1,1,1,1,1,1,1,1,1
-1.92616962195134,-2.56480432458441,-0.415513013909084,0.3644615926373,-0.115440099203083,-2.8541927424733,0.568372273151687,0.688814405517025,2.70916774183576,-1.6647835279685,1.97837790587572,0.804882221048906,0.351456501643945,2.74760891801339,1.32309944427932,-0.729696745633285,0.0807024619834475,0.0364319426472068,0.00579299890013374,0.889393014646579,0.529211305214915,1.94700516444224,0.338013428364738,-1.93428962070801,-0.818153481427986,0.0920872593245523,0.506123711825415,0.880061999345385,-1.22707626947725,0.709897682206849,-1.57387627698822,0.259774362150962,-0.859824735799366,-0.489921344489957,1.90683542598106,0.539216334796622,-1.78613251355667,1.54866530415442,-0.248722062605003,1.22710369139381,2.35592081761395,2.22689656215952,2.0978723067051,1.96884805125068,1.83982379579625,1.71079954034183,1.58177528488741,1.45275102943299,1.32372677397857,1.19470251852414,1.06567826306972,0.936654007615294,0.807629752160873,0.678605496706449,0.549581241252026,0.420556985797603,0.291532730343182,0.162508474888758,0.033484219434337,-0.0955400360200862,-0.0955400360200862,-0.0955400360200862,-0.0955400360200862,-0.0955400360200862,-0.0955400360200862,-0.0955400360200862,-0.0955400360200862,-0.0955400360200862,-0.0955400360200862,-0.0955400360200862,-0.0955400360200862,-0.0955400360200862,-0.0955400360200862,-0.0955400360200862,-0.0955400360200862,-0.0955400360200862,-0.0955400360200862,-0.0955400360200862,-0.0955400360200862,-0.0955400360200862,-10.9398406827935,-7.68527304076155,-4.99801534800002,-2.8300799715564,-1.13347927847816,0.139774364187244,1.03766858939235,1.60819103008968,1.8993293192318,1.95907108977123,1.8354039746605,1.57631560685216,1.22979361929876,0.843825644952824,0.466399316766877,0.145502267693479,-0.0708778693148595,-0.134753461305561,0.00186312467389804,0.386959521576008,0.386959521576008,0.386959521576008,0.386959521576008,0.386959521576008,0.386959521576008,0.386959521576008,0.386959521576008,0.386959521576008,0.386959521576008,0.386959521576008,0.386959521576008,0.386959521576008,0.386959521576008,0.386959521576008,0.386959521576008,0.386959521576008,0.386959521576008,0.386959521576008,0.386959521576008,0.386959521576008,1.13045073959407,1.18760528712588,1.2447598346577,1.30191438218952,1.35906892972134,1.41622347725315,1.4613814012573,1.4488692300601,1.38253673650109,1.28721982041314,1.15016945948939,0.959064706691226,0.748354678425073,0.567080735974141,0.446852423573363,0.424227398978223,0.544098109948699,0.813328410152446,1.18137818028716,1.58492422582496,1.58492422582496,1.58492422582496,1.58492422582496,1.58492422582496,1.58492422582496,1.58492422582496,1.58492422582496,1.58492422582496,1.58492422582496,1.58492422582496,1.58492422582496,1.58492422582496,1.58492422582496,1.58492422582496,1.58492422582496,1.58492422582496,1.58492422582496,1.58492422582496,1.58492422582496,1.58492422582496,1,1,1,1,1,1,1,1,1,1,1,1,1,1,1,1,1,1,1,1,1,1,1,1,1,1,1,1,1,1,1,1,1,1,1,1,1,1,1,1
-0.488439659238254,-0.475646576914272,-0.277001724280328,2.4068103922033,-1.93259706318071,-0.505530350228856,-0.388915199060418,2.31251821550545,-1.17089588402334,-2.14925496109149,0.0510501168848201,0.933587926841753,1.2695333856202,0.0177285879130817,0.13606993483093,0.243654873502734,0.184758324357846,-0.535628868557094,-0.520561163385731,-1.71150506286989,-1.37170116725943,-1.0741151567219,-0.614222027420233,-0.968254794134673,-2.86572318084935,0.198325157833654,-0.354282350716645,0.596244089233473,-0.515580052659613,2.71142640782924,0.152661778898032,-2.20184664542352,0.499879356663993,-1.54757730037478,-0.813056997437286,-0.313092469992798,-1.00807465080454,1.98899399538518,-1.11204176607766,0.427001496985506,-0.976265395958651,-1.0849810703617,-1.19369674476474,-1.30241241916778,-1.41112809357083,-1.51984376797387,-1.62855944237692,-1.73727511677996,-1.84599079118301,-1.95470646558605,-2.0634221399891,-2.17213781439214,-2.28085348879518,-2.38956916319823,-2.49828483760127,-2.60700051200432,-2.71571618640736,-2.8244318608104,-2.93314753521345,-3.04186320961649,-3.04186320961649,-3.04186320961649,-3.04186320961649,-3.04186320961649,-3.04186320961649,-3.04186320961649,-3.04186320961649,-3.04186320961649,-3.04186320961649,-3.04186320961649,-3.04186320961649,-3.04186320961649,-3.04186320961649,-3.04186320961649,-3.04186320961649,-3.04186320961649,-3.04186320961649,-3.04186320961649,-3.04186320961649,-3.04186320961649,12.9693554909996,9.43453991608301,6.44585591417727,3.96008530084241,1.93400989163846,0.324411502125466,-0.911928052136514,-1.81822695558743,-2.43770339266725,-2.81357554781593,-2.98906160547339,-3.00737975007961,-2.91174816607454,-2.74538503789812,-2.55150854999033,-2.3733368867911,-2.25408823274038,-2.23698077227813,-2.36523268984431,-2.68206216987886,-2.68206216987886,-2.68206216987886,-2.68206216987886,-2.68206216987886,-2.68206216987886,-2.68206216987886,-2.68206216987886,-2.68206216987886,-2.68206216987886,-2.68206216987886,-2.68206216987886,-2.68206216987886,-2.68206216987886,-2.68206216987886,-2.68206216987886,-2.68206216987886,-2.68206216987886,-2.68206216987886,-2.68206216987886,-2.68206216987886,-0.270413706670712,-0.49753704447027,-0.724660382269834,-0.951783720069391,-1.17890705786896,-1.40603039566851,-1.63227998546019,-1.85327346261332,-2.06334248602847,-2.25522415033382,-2.42201603043961,-2.56351392041567,-2.68665322004563,-2.79616218117514,-2.88835564061929,-2.95714415256969,-3.00236214695221,-3.02920974921631,-3.04356780449739,-3.05134950419425,-3.05134950419425,-3.05134950419425,-3.05134950419425,-3.05134950419425,-3.05134950419425,-3.05134950419425,-3.05134950419425,-3.05134950419425,-3.05134950419425,-3.05134950419425,-3.05134950419425,-3.05134950419425,-3.05134950419425,-3.05134950419425,-3.05134950419425,-3.05134950419425,-3.05134950419425,-3.05134950419425,-3.05134950419425,-3.05134950419425,1,1,1,1,1,1,1,1,1,1,1,1,1,1,1,1,1,1,1,1,1,1,1,1,1,1,1,1,1,1,1,1,1,1,1,1,1,1,1,1
2.03001711196055,2.08322510237505,-0.177808866787517,-0.230746657317009,1.9465311537332,0.947726113621369,-0.945636696385008,-0.261383161953377,0.300152020771538,-0.18415158997457,1.66257018503279,-0.821017048513246,-1.28613150307122,2.05598618170139,-1.00139907107053,0.856958562894659,0.263488797046419,1.74082308293543,0.970490826703299,0.641819200729325,0.644157819605562,1.47998438772333,0.953469555834243,1.73812572778259,0.288218301760253,-0.573670328806191,-2.12610826392077,-1.21341396794462,0.320278329350037,-2.07764356639021,-1.01586399778204,3.35269403587955,2.20914584969663,3.1041606847076,-1.65981007961621,-0.584901779738169,0.586030385008602,1.38283458542601,1.94965707415563,-0.760326404975382,0.429173604849804,0.441224548556844,0.453275492263884,0.465326435970923,0.477377379677961,0.489428323384999,0.501479267092037,0.513530210799077,0.525581154506115,0.537632098213153,0.549683041920192,0.561733985627233,0.57378492933427,0.585835873041312,0.59788681674835,0.609937760455388,0.621988704162426,0.634039647869466,0.646090591576503,0.658141535283544,0.658141535283544,0.658141535283544,0.658141535283544,0.658141535283544,0.658141535283544,0.658141535283544,0.658141535283544,0.658141535283544,0.658141535283544,0.658141535283544,0.658141535283544,0.658141535283544,0.658141535283544,0.658141535283544,0.658141535283544,0.658141535283544,0.658141535283544,0.658141535283544,0.658141535283544,0.658141535283544,7.89518448410701,6.34719161829857,4.98623780310303,3.80385509353973,2.79157554462802,1.94093121138726,1.2434541488368,0.690676411995996,0.274130055884202,-0.014652864479249,-0.18414029407497,-0.242800177883641,-0.199100460885878,-0.0615090880623583,0.161505995606293,0.461476845139414,0.829935515556373,1.25841406187651,1.73844453911918,2.26155900230373,2.26155900230373,2.26155900230373,2.26155900230373,2.26155900230373,2.26155900230373,2.26155900230373,2.26155900230373,2.26155900230373,2.26155900230373,2.26155900230373,2.26155900230373,2.26155900230373,2.26155900230373,2.26155900230373,2.26155900230373,2.26155900230373,2.26155900230373,2.26155900230373,2.26155900230373,2.26155900230373,2.67364341746596,2.38666717827032,2.09969093907467,1.81271469987903,1.52573846068338,1.23876222148774,0.954438721886561,0.685713637699545,0.44632476963665,0.247312560601557,0.0988897892758551,0.0105828109333608,-0.00859004115941531,0.0496872299085016,0.188505218983888,0.401436783707563,0.676298755839374,1.00189888909786,1.36676616633212,1.75335385660864,1.75335385660864,1.75335385660864,1.75335385660864,1.75335385660864,1.75335385660864,1.75335385660864,1.75335385660864,1.75335385660864,1.75335385660864,1.75335385660864,1.75335385660864,1.75335385660864,1.75335385660864,1.75335385660864,1.75335385660864,1.75335385660864,1.75335385660864,1.75335385660864,1.75335385660864,1.75335385660864,1,1,1,1,1,1,1,1,1,1,1,1,1,1,1,1,1,1,1,1,1,1,1,1,1,1,1,1,1,1,1,1,1,1,1,1,1,1,1,1
-0.314696015175706,0.566686031127442,-1.5112737617497,-0.156095240476392,-2.24304786754615,0.715333667107394,-1.3260692915819,1.06433416498452,0.0845874770259432,-1.06227668676259,0.133881817285021,0.0817777347229853,-1.87221049143575,-2.87649765845972,0.435963097993653,1.26398364553622,0.525228936125718,-1.22015353889887,-1.1195445913008,1.42535941694163,1.38481641779591,0.131620143802122,-1.1585376542978,-1.61663209035561,0.317809373639157,-1.22467956223484,0.145603391115724,0.108043295088091,-0.0694084212421266,-0.732309806594275,-1.55983195769756,0.549682073413756,-1.34531250044084,1.27326945132762,0.47595764431969,-1.02097801806889,0.728871847628163,3.30110453664808,0.991618584178877,1.67314878457102,-2.77635326164132,-2.68727781074572,-2.59820235985012,-2.50912690895452,-2.42005145805892,-2.33097600716332,-2.24190055626772,-2.15282510537211,-2.06374965447651,-1.97467420358091,-1.88559875268531,-1.79652330178971,-1.70744785089411,-1.61837239999851,-1.52929694910291,-1.4402214982073,-1.3511460473117,-1.2620705964161,-1.1729951455205,-1.0839196946249,-1.0839196946249,-1.0839196946249,-1.0839196946249,-1.0839196946249,-1.0839196946249,-1.0839196946249,-1.0839196946249,-1.0839196946249,-1.0839196946249,-1.0839196946249,-1.0839196946249,-1.0839196946249,-1.0839196946249,-1.0839196946249,-1.0839196946249,-1.0839196946249,-1.0839196946249,-1.0839196946249,-1.0839196946249,-1.0839196946249,-7.62279057997842,-6.07347796754579,-4.82779974121835,-3.85383467410358,-3.11966153930894,-2.5933591099419,-2.24300615910992,-2.03668145992047,-1.94246378548102,-1.92843190889903,-1.96266460328198,-2.01324064173732,-2.04823879737252,-2.03573784329505,-1.94381655261239,-1.74055369843198,-1.39402805386132,-0.872318392007834,-0.143503485979007,0.824337891117645,0.824337891117645,0.824337891117645,0.824337891117645,0.824337891117645,0.824337891117645,0.824337891117645,0.824337891117645,0.824337891117645,0.824337891117645,0.824337891117645,0.824337891117645,0.824337891117645,0.824337891117645,0.824337891117645,0.824337891117645,0.824337891117645,0.824337891117645,0.824337891117645,0.824337891117645,0.824337891117645,-1.77904708537136,-1.80162670035338,-1.82420631533539,-1.84678593031739,-1.8693655452994,-1.89194516028141,-1.9214218886193,-1.98809934416743,-2.09361673713833,-2.15870281434898,-2.11235548604853,-2.03025894708665,-2.05822046513821,-2.19536780713833,-2.26830510831039,-2.10007473737316,-1.60474852865304,-0.763631151527706,0.375245792243762,1.68092463488481,1.68092463488481,1.68092463488481,1.68092463488481,1.68092463488481,1.68092463488481,1.68092463488481,1.68092463488481,1.68092463488481,1.68092463488481,1.68092463488481,1.68092463488481,1.68092463488481,1.68092463488481,1.68092463488481,1.68092463488481,1.68092463488481,1.68092463488481,1.68092463488481,1.68092463488481,1.68092463488481,1,1,1,1,1,1,1,1,0,0,1,1,1,1,1,1,1,1,1,1,1,1,1,1,1,1,1,1,1,1,1,1,1,1,1,1,1,1,1,1
-1.68213960224909,-3.18888039948304,-1.70839095600976,3.46842753342232,-0.922141077738374,2.93543717345067,-1.10660473862129,-0.0751859870839775,-0.917726624420625,-4.46918801164908,-2.1331088968174,1.26917303620663,-2.12827340536336,0.0559428426214073,-1.26439510129367,1.22043387351258,0.648964418336407,-0.553357498664001,-0.522462267673749,-2.5395439188461,0.138902751475058,0.168103858232927,-2.14790387735485,-0.912314789212429,1.83938068444993,-1.27646298991806,1.35734689179016,-0.590076752272873,1.34098871251311,-1.7576816968131,-0.806876276098007,-3.57553638709188,1.4852067587675,-1.17279149685227,-2.17172818115039,-2.12053222447139,-0.663874361974816,-1.70197454201125,-2.39041545086801,1.48451591278643,1.03047450789823,0.774925046740094,0.519375585581954,0.263826124423814,0.00827666326567389,-0.247272797892466,-0.502822259050605,-0.758371720208745,-1.01392118136688,-1.26947064252502,-1.52502010368316,-1.7805695648413,-2.03611902599944,-2.29166848715758,-2.54721794831572,-2.80276740947386,-3.058316870632,-3.31386633179014,-3.56941579294828,-3.82496525410642,-3.82496525410642,-3.82496525410642,-3.82496525410642,-3.82496525410642,-3.82496525410642,-3.82496525410642,-3.82496525410642,-3.82496525410642,-3.82496525410642,-3.82496525410642,-3.82496525410642,-3.82496525410642,-3.82496525410642,-3.82496525410642,-3.82496525410642,-3.82496525410642,-3.82496525410642,-3.82496525410642,-3.82496525410642,-3.82496525410642,37.7833599622813,27.5440234206171,19.0960409865554,12.2788826014595,6.932018206693,2.89491774361925,0.00705115360175057,-1.89211162199607,-2.96310064181076,-3.36644596447886,-3.26267764863693,-2.81232575292155,-2.17592033596923,-1.51399145641651,-0.987069172899977,-0.755683544056167,-0.980364628521629,-1.82164248493293,-3.44004717192657,-5.99610874813918,-5.99610874813918,-5.99610874813918,-5.99610874813918,-5.99610874813918,-5.99610874813918,-5.99610874813918,-5.99610874813918,-5.99610874813918,-5.99610874813918,-5.99610874813918,-5.99610874813918,-5.99610874813918,-5.99610874813918,-5.99610874813918,-5.99610874813918,-5.99610874813918,-5.99610874813918,-5.99610874813918,-5.99610874813918,-5.99610874813918,5.56076486884769,4.62906993360911,3.69737499837056,2.76568006313199,1.83398512789343,0.902290192654865,-0.0188813098215581,-0.872188667340152,-1.57254017721245,-2.04792885877056,-2.28724988486187,-2.35358756063563,-2.33769108304493,-2.31493213114755,-2.34571032000607,-2.46360948881583,-2.64771098289772,-2.85225326025273,-3.06265497286248,-3.28421400650192,-3.28421400650192,-3.28421400650192,-3.28421400650192,-3.28421400650192,-3.28421400650192,-3.28421400650192,-3.28421400650192,-3.28421400650192,-3.28421400650192,-3.28421400650192,-3.28421400650192,-3.28421400650192,-3.28421400650192,-3.28421400650192,-3.28421400650192,-3.28421400650192,-3.28421400650192,-3.28421400650192,-3.28421400650192,-3.28421400650192,1,1,1,1,1,1,1,1,1,0,1,1,1,1,1,1,1,1,0,0,0,0,0,0,0,0,0,0,0,0,0,0,0,0,0,0,0,0,0,0
1.62293671921261,1.03562080736556,0.250243238430695,-1.64571921629217,-0.108239750324575,0.472397769597689,1.70814924531951,0.836482502167646,-0.0696136564183867,0.687500863061896,2.20207302174449,0.0906184636443559,-1.03636624494658,2.41229570855105,1.18560505020288,-1.15830131926248,-1.74779877106477,-2.17984284932263,1.47134787975711,0.801480021348281,0.767928660820321,-0.306445506163358,-1.22824265654081,1.87581761465529,-1.06003273097848,0.343298448563422,1.34261549425129,1.19006996578735,-1.31754367617452,-0.505038122419272,1.30510749582644,-0.283280056296892,1.5668057664201,0.536597856481283,-0.0456922819941994,0.417916862196629,1.80478377241089,-0.0788634677078601,-0.697718071232353,-0.807772204138997,4.16283144594013,3.89242244681463,3.62201344768913,3.35160444856363,3.08119544943813,2.81078645031263,2.54037745118713,2.26996845206163,1.99955945293613,1.72915045381062,1.45874145468512,1.18833245555962,0.917923456434124,0.647514457308622,0.377105458183124,0.106696459057625,-0.163712540067877,-0.434121539193379,-0.704530538318878,-0.97493953744438,-0.97493953744438,-0.97493953744438,-0.97493953744438,-0.97493953744438,-0.97493953744438,-0.97493953744438,-0.97493953744438,-0.97493953744438,-0.97493953744438,-0.97493953744438,-0.97493953744438,-0.97493953744438,-0.97493953744438,-0.97493953744438,-0.97493953744438,-0.97493953744438,-0.97493953744438,-0.97493953744438,-0.97493953744438,-0.97493953744438,-7.01545514390028,-4.03782480255409,-1.68450932159791,0.104134859904287,1.38775130288856,2.22598356829094,2.67847521704746,2.80486981009417,2.66481090836712,2.31794207280235,1.82390686433587,1.24234884390378,0.632911572442049,0.0552386108867857,-0.431026479826,-0.766240138760281,-0.89075880497999,-0.744938917549117,-0.269136915531567,0.596290762008643,0.596290762008643,0.596290762008643,0.596290762008643,0.596290762008643,0.596290762008643,0.596290762008643,0.596290762008643,0.596290762008643,0.596290762008643,0.596290762008643,0.596290762008643,0.596290762008643,0.596290762008643,0.596290762008643,0.596290762008643,0.596290762008643,0.596290762008643,0.596290762008643,0.596290762008643,0.596290762008643,4.16410381397827,3.89352776777406,3.62295172156985,3.35237567536564,3.08179962916143,2.81122358295722,2.54064477141207,2.27005471695828,1.99946820474232,1.72892221648647,1.45844587855829,1.18803908294738,0.917678324332815,0.647340043800961,0.37701633643724,0.106707269947021,-0.163593542080411,-0.43389551621911,-0.704200006373247,-0.974503925594361,-0.974503925594361,-0.974503925594361,-0.974503925594361,-0.974503925594361,-0.974503925594361,-0.974503925594361,-0.974503925594361,-0.974503925594361,-0.974503925594361,-0.974503925594361,-0.974503925594361,-0.974503925594361,-0.974503925594361,-0.974503925594361,-0.974503925594361,-0.974503925594361,-0.974503925594361,-0.974503925594361,-0.974503925594361,-0.974503925594361,1,1,1,1,1,1,1,1,1,1,1,1,1,1,1,1,1,1,1,1,1,1,1,1,1,1,1,1,1,1,1,1,1,1,1,1,1,1,1,1
-2.15541355600753,-1.08666846878014,1.80435356497388,-2.61286091301251,1.28523960349675,1.22257107352355,1.69590549901671,-0.722824250043731,2.91611665178794,0.877840095315065,0.24207737529753,-0.73657403059342,0.335089319989345,0.0503125906999138,1.46142949018279,0.957112958223199,2.63116686999633,0.532123704707905,-0.587149044614254,0.300867530010272,-1.95754985205037,-0.698819924318016,-2.08944758759574,0.207074627273188,1.53971343932846,1.12203028020311,1.0317704913674,0.841790394160979,-1.71604014813539,1.72707994178181,-0.441872725628734,2.41249593513427,2.198173724462,-2.41520631855853,0.920841297717717,-0.00175635619407011,2.70462341974573,0.161373124864868,-0.0630504675474892,-0.00758006277803069,1.78123418532688,1.69933429096365,1.61743439660042,1.53553450223719,1.45363460787396,1.37173471351072,1.28983481914749,1.20793492478426,1.12603503042103,1.0441351360578,0.96223524169457,0.880335347331338,0.798435452968103,0.716535558604875,0.634635664241644,0.55273576987841,0.470835875515183,0.388935981151951,0.307036086788719,0.225136192425484,0.225136192425484,0.225136192425484,0.225136192425484,0.225136192425484,0.225136192425484,0.225136192425484,0.225136192425484,0.225136192425484,0.225136192425484,0.225136192425484,0.225136192425484,0.225136192425484,0.225136192425484,0.225136192425484,0.225136192425484,0.225136192425484,0.225136192425484,0.225136192425484,0.225136192425484,0.225136192425484,17.8991033130811,13.7418944043064,10.2539333510523,7.38069450032706,5.06765219913861,3.26028079449502,1.90405463340436,0.944448062874704,0.326935429914098,-0.00300891846940488,-0.0999106352677437,-0.0182953734728457,0.18731121392333,0.462383473928844,0.752395753551761,1.00282239980015,1.15913775968204,1.16681618020552,0.971332008378623,0.518159591209434,0.518159591209434,0.518159591209434,0.518159591209434,0.518159591209434,0.518159591209434,0.518159591209434,0.518159591209434,0.518159591209434,0.518159591209434,0.518159591209434,0.518159591209434,0.518159591209434,0.518159591209434,0.518159591209434,0.518159591209434,0.518159591209434,0.518159591209434,0.518159591209434,0.518159591209434,0.518159591209434,2.55535982719677,2.36541543360792,2.17547104001907,1.98552664643022,1.79558225284137,1.60563785925252,1.41669831818224,1.23417992156828,1.06587668128987,0.918501663755343,0.795177951255239,0.695881937967302,0.62046990968245,0.569647255789345,0.542021631447044,0.532135974938623,0.532724699736775,0.537769152152118,0.543515379616407,0.548654409727812,0.548654409727812,0.548654409727812,0.548654409727812,0.548654409727812,0.548654409727812,0.548654409727812,0.548654409727812,0.548654409727812,0.548654409727812,0.548654409727812,0.548654409727812,0.548654409727812,0.548654409727812,0.548654409727812,0.548654409727812,0.548654409727812,0.548654409727812,0.548654409727812,0.548654409727812,0.548654409727812,1,1,1,1,1,1,1,1,1,1,1,1,1,1,1,1,1,1,1,1,1,1,1,1,1,1,1,1,1,1,1,1,1,1,1,1,1,1,1,1
-1.35752660043921,-0.591495190046611,0.149081517437651,-1.46288390997881,-2.14488689105378,-2.38629238318033,1.37147103639591,1.24332718889584,0.459307772783028,-2.22274337118453,-1.21147666965504,-1.45560401615086,1.0463034085872,-1.31581001262113,-1.71435446267908,-1.26073429190396,-0.136476050132014,-0.28901533115544,-0.147511335405644,-0.379222109529598,3.47968811623241,0.50256879335115,0.384851857586128,1.73135185333478,-1.20194287546343,-0.982776566470582,1.89023597364141,-1.854473582428,-3.21583861011208,1.31714689933246,-2.08988743134558,0.958928803044115,0.516644109609453,0.590263629610208,0.411084062886987,-0.770955912699268,-0.627804214349677,-1.85262858897624,-0.983502026009626,-0.0618526857825117,0.0828510708284345,0.0505105246296056,0.0181699784307785,-0.0141705677680486,-0.0465111139668757,-0.0788516601657037,-0.11119220636453,-0.143532752563358,-0.175873298762186,-0.208213844961012,-0.24055439115984,-0.272894937358666,-0.305235483557494,-0.33757602975632,-0.36991657595515,-0.402257122153976,-0.434597668352803,-0.466938214551629,-0.499278760750457,-0.531619306949286,-0.531619306949286,-0.531619306949286,-0.531619306949286,-0.531619306949286,-0.531619306949286,-0.531619306949286,-0.531619306949286,-0.531619306949286,-0.531619306949286,-0.531619306949286,-0.531619306949286,-0.531619306949286,-0.531619306949286,-0.531619306949286,-0.531619306949286,-0.531619306949286,-0.531619306949286,-0.531619306949286,-0.531619306949286,-0.531619306949286,16.5546285892176,12.3150467276797,8.77619346852612,5.88019622932808,3.56918242765675,1.78527948108329,0.470614807178908,-0.432684176485227,-0.982490052337916,-1.236675402808,-1.25311281032429,-1.08967485731559,-0.804234126210757,-0.454663199438565,-0.0988346594278475,0.20537891139257,0.400104930593882,0.427470815747236,0.229603984423882,-0.251368145805094,-0.251368145805094,-0.251368145805094,-0.251368145805094,-0.251368145805094,-0.251368145805094,-0.251368145805094,-0.251368145805094,-0.251368145805094,-0.251368145805094,-0.251368145805094,-0.251368145805094,-0.251368145805094,-0.251368145805094,-0.251368145805094,-0.251368145805094,-0.251368145805094,-0.251368145805094,-0.251368145805094,-0.251368145805094,-0.251368145805094,2.20463468129279,1.88927630587493,1.57391793045708,1.25855955503923,0.943201179621367,0.627842804203512,0.315197559544286,0.0162880034436466,-0.263229053925917,-0.508080227036455,-0.688764570306912,-0.788372083194275,-0.809459143046654,-0.755178682594213,-0.630814352423286,-0.455630544623322,-0.25104482310052,-0.0281889284922077,0.204604791333878,0.4393336296779,0.4393336296779,0.4393336296779,0.4393336296779,0.4393336296779,0.4393336296779,0.4393336296779,0.4393336296779,0.4393336296779,0.4393336296779,0.4393336296779,0.4393336296779,0.4393336296779,0.4393336296779,0.4393336296779,0.4393336296779,0.4393336296779,0.4393336296779,0.4393336296779,0.4393336296779,0.4393336296779,1,1,1,1,1,1,1,1,1,1,1,1,1,1,1,1,1,1,1,1,1,1,1,1,1,1,1,1,1,1,1,1,1,1,1,1,1,1,1,1
0.908710494448145,0.675146506063488,1.29189587321497,-1.42110653771479,0.812202425397279,-0.509698278355984,2.15425919189697,1.53667942026361,-1.81740048231697,1.28835276594769,-1.91052151832213,-0.0814247485028243,0.835155304066168,0.370723488864376,-0.436094842543227,-1.42418269714676,-2.09213922476035,0.782962363195745,0.188400449510429,-0.203643618965899,-2.31735622622345,1.07785878750174,-1.52863453685994,2.60650405279727,-0.225140389184279,0.524545689907237,0.445248255860374,-2.47781195543563,-0.937112218521134,0.556326081565851,1.8807354189189,-1.14514821279564,1.87482616223957,-1.48006236700799,-1.63913083227889,0.777257577921326,-2.7437744353633,0.0825776936277034,2.80228234656852,-2.74120023944396,3.67672693229307,3.31510991574258,2.95349289919209,2.5918758826416,2.23025886609111,1.86864184954063,1.50702483299014,1.14540781643965,0.783790799889163,0.422173783338677,0.060556766788185,-0.301060249762303,-0.662677266312791,-1.02429428286328,-1.38591129941377,-1.74752831596425,-2.10914533251474,-2.47076234906523,-2.83237936561572,-3.19399638216621,-3.19399638216621,-3.19399638216621,-3.19399638216621,-3.19399638216621,-3.19399638216621,-3.19399638216621,-3.19399638216621,-3.19399638216621,-3.19399638216621,-3.19399638216621,-3.19399638216621,-3.19399638216621,-3.19399638216621,-3.19399638216621,-3.19399638216621,-3.19399638216621,-3.19399638216621,-3.19399638216621,-3.19399638216621,-3.19399638216621,36.820825403417,27.6175763438455,19.9654870439513,13.7290270241689,8.77266580493295,4.96087290667787,2.15811784983826,0.22887015484863,-0.962400657856431,-1.55122506784243,-1.67313355467484,-1.46365659791904,-1.05832467714059,-0.592668271904866,-0.202217861777385,-0.0225039263235871,-0.189056945108945,-0.83740739769884,-2.10308576365889,-4.12162252255441,-4.12162252255441,-4.12162252255441,-4.12162252255441,-4.12162252255441,-4.12162252255441,-4.12162252255441,-4.12162252255441,-4.12162252255441,-4.12162252255441,-4.12162252255441,-4.12162252255441,-4.12162252255441,-4.12162252255441,-4.12162252255441,-4.12162252255441,-4.12162252255441,-4.12162252255441,-4.12162252255441,-4.12162252255441,-4.12162252255441,5.85757941705307,5.17772612234523,4.49787282763739,3.81801953292956,3.13816623822171,2.45831294351387,1.77832354354528,1.10605918780489,0.486706705257198,-0.0203557847585962,-0.391991493922506,-0.652924922747262,-0.846250735009281,-1.00987068810704,-1.17612798809709,-1.37358607398809,-1.62186792501626,-1.92904133522107,-2.29030481431848,-2.68421973686545,-2.68421973686545,-2.68421973686545,-2.68421973686545,-2.68421973686545,-2.68421973686545,-2.68421973686545,-2.68421973686545,-2.68421973686545,-2.68421973686545,-2.68421973686545,-2.68421973686545,-2.68421973686545,-2.68421973686545,-2.68421973686545,-2.68421973686545,-2.68421973686545,-2.68421973686545,-2.68421973686545,-2.68421973686545,-2.68421973686545,1,1,1,1,1,1,1,1,1,1,1,1,1,1,1,1,1,1,1,1,1,1,1,1,1,1,1,1,1,1,1,1,1,1,1,1,1,1,1,1
-0.130364200493363,-0.270386124516562,-2.47060497535183,0.159572023120463,1.66154835864949,1.9522957376839,-0.302692283516638,0.123227830717518,-1.03756953288231,-0.311634683449618,-2.17093643177707,-0.693423297568367,0.791290265401283,1.00583775237588,0.833034937138198,0.325993977378127,-0.0624402674673643,-1.60011453221547,2.01982289851213,1.74476997015373,-0.0540681289178835,-0.199392610939089,0.634348996245015,-0.926686942669342,0.580888422379553,2.29143223075367,0.783789319268406,2.68142166337654,-2.14103525170049,-1.81896024045081,-0.903423287680464,2.74095193781165,0.285375282965244,0.754545073322047,0.684855664956878,-2.4273127526539,-2.19046478257157,2.17607578642408,0.912660669208499,-1.21326930049762,-1.47752651205971,-1.3182225124967,-1.15891851293369,-0.999614513370685,-0.84031051380768,-0.681006514244672,-0.521702514681666,-0.36239851511866,-0.203094515555653,-0.0437905159926473,0.115513483570361,0.274817483133365,0.434121482696373,0.593425482259379,0.752729481822387,0.912033481385395,1.0713374809484,1.23064148051141,1.38994548007441,1.54924947963742,1.54924947963742,1.54924947963742,1.54924947963742,1.54924947963742,1.54924947963742,1.54924947963742,1.54924947963742,1.54924947963742,1.54924947963742,1.54924947963742,1.54924947963742,1.54924947963742,1.54924947963742,1.54924947963742,1.54924947963742,1.54924947963742,1.54924947963742,1.54924947963742,1.54924947963742,1.54924947963742,29.1877584301592,20.9801259899045,14.2792470124472,8.94981489228962,4.85652302393401,1.86406480188263,-0.162866379362244,-1.35957712529835,-1.86137404142342,-1.80356373323518,-1.32145280623138,-0.55034786590973,0.374444482232022,1.31761763269616,2.14386497998492,2.71787991860061,2.90435584304547,2.56798614782176,1.57346422743177,-0.214516523622232,-0.214516523622232,-0.214516523622232,-0.214516523622232,-0.214516523622232,-0.214516523622232,-0.214516523622232,-0.214516523622232,-0.214516523622232,-0.214516523622232,-0.214516523622232,-0.214516523622232,-0.214516523622232,-0.214516523622232,-0.214516523622232,-0.214516523622232,-0.214516523622232,-0.214516523622232,-0.214516523622232,-0.214516523622232,-0.214516523622232,0.49719432443277,0.37964003895945,0.262085753486133,0.144531468012812,0.0269771825394916,-0.0905771029338283,-0.203182128315698,-0.289315033618411,-0.336318415254183,-0.336457339897803,-0.276440709844326,-0.149750377276794,0.0371634364676563,0.275760457780015,0.557545956503816,0.869883904133967,1.20282484180981,1.55299191951549,1.91561860484276,2.28308899730841,2.28308899730841,2.28308899730841,2.28308899730841,2.28308899730841,2.28308899730841,2.28308899730841,2.28308899730841,2.28308899730841,2.28308899730841,2.28308899730841,2.28308899730841,2.28308899730841,2.28308899730841,2.28308899730841,2.28308899730841,2.28308899730841,2.28308899730841,2.28308899730841,2.28308899730841,2.28308899730841,1,1,1,1,1,1,1,1,1,1,1,1,1,1,1,1,1,1,1,1,1,1,1,1,1,1,1,1,1,1,1,1,1,1,1,1,1,1,1,1
2.12212255980977,-0.337663181656959,2.69241605133357,-1.09837799533093,0.529708029453341,-1.72728154697661,-0.744302248577697,0.324795703756367,2.55278047276534,-1.74319269372612,-1.86172087011854,-1.29739432688019,1.04568977511489,-1.71234423819325,-0.72820603598749,0.765658721837843,-0.125835778927609,-1.02576519192918,-0.117271670742856,-2.84542950655792,-0.339382621876096,1.71720452983798,2.04661372833376,-1.24627707259372,2.60984404285223,0.557529654435651,-1.2737077993193,1.70472435795801,0.549073552643677,0.830935410858396,-2.34210918493478,0.474640456491162,-0.282227185492099,0.323720995798148,-0.613303408436227,-1.10240551642006,0.320977753742937,-1.58030800436843,-1.23239034843507,1.07988403833595,3.19918779318197,2.86886874438326,2.53854969558455,2.20823064678584,1.87791159798713,1.54759254918842,1.21727350038971,0.886954451590999,0.556635402792288,0.226316353993576,-0.104002694805132,-0.434321743603842,-0.764640792402552,-1.09495984120126,-1.42527888999997,-1.75559793879868,-2.0859169875974,-2.41623603639611,-2.74655508519482,-3.07687413399353,-3.07687413399353,-3.07687413399353,-3.07687413399353,-3.07687413399353,-3.07687413399353,-3.07687413399353,-3.07687413399353,-3.07687413399353,-3.07687413399353,-3.07687413399353,-3.07687413399353,-3.07687413399353,-3.07687413399353,-3.07687413399353,-3.07687413399353,-3.07687413399353,-3.07687413399353,-3.07687413399353,-3.07687413399353,-3.07687413399353,-17.9889404603505,-12.5179907260842,-8.10426325518806,-4.65073456751135,-2.06038118290345,-0.236179621213749,0.918893597708448,1.50186195401377,1.60974892785288,1.3395779993764,0.788372648734967,0.0531563560792137,-0.769047398440119,-1.58121513467248,-2.28632337246713,-2.78734863167348,-2.9872674321409,-2.78905629371874,-2.09569173625626,-0.810150279602977,-0.810150279602977,-0.810150279602977,-0.810150279602977,-0.810150279602977,-0.810150279602977,-0.810150279602977,-0.810150279602977,-0.810150279602977,-0.810150279602977,-0.810150279602977,-0.810150279602977,-0.810150279602977,-0.810150279602977,-0.810150279602977,-0.810150279602977,-0.810150279602977,-0.810150279602977,-0.810150279602977,-0.810150279602977,-0.810150279602977,-1.60431059208101,-1.21947331672697,-0.834636041372952,-0.449798766018929,-0.0649614906648788,0.319875784689152,0.720001360828315,1.12511564144871,1.23319253999446,0.92268835869482,0.503209061551283,0.145451457104045,-0.355877891605614,-1.10527803690524,-1.91811268115349,-2.57423044457362,-2.8870824873551,-2.71653303002172,-2.13813690041943,-1.38691353683958,-1.38691353683958,-1.38691353683958,-1.38691353683958,-1.38691353683958,-1.38691353683958,-1.38691353683958,-1.38691353683958,-1.38691353683958,-1.38691353683958,-1.38691353683958,-1.38691353683958,-1.38691353683958,-1.38691353683958,-1.38691353683958,-1.38691353683958,-1.38691353683958,-1.38691353683958,-1.38691353683958,-1.38691353683958,-1.38691353683958,1,1,1,1,1,1,1,1,1,1,1,1,1,1,1,1,1,1,1,1,1,1,1,1,1,1,1,1,1,1,1,1,1,1,1,1,1,1,1,1
-2.9393092351183,-0.694328739771179,-0.967626787400546,0.112993657071415,0.716983929418156,0.46833570400897,1.33709338447609,-0.236184740596276,1.60456455007809,-1.11050681021646,2.0523553318011,0.742068362917971,1.91107858047407,0.429996933977053,1.45009445555984,0.481458773218865,-0.438301707375402,-1.99500570505874,-0.679603966141038,-0.280021962258113,-0.0851604772607537,1.13006969220033,2.78022098426098,-0.275254702036426,1.79569170214467,1.51577877509149,1.42854208849307,0.713287738985549,0.438847786386557,2.58982183350142,-0.258747525891236,1.66474531550727,2.65105341036332,0.154458044577927,0.505426514571742,2.24014940663636,1.33834144759116,-0.885337358364213,-1.26069638356637,2.21099358540045,3.79211235338904,3.5802421290972,3.36837190480536,3.15650168051352,2.94463145622168,2.73276123192984,2.520891007638,2.30902078334616,2.09715055905431,1.88528033476248,1.67341011047064,1.46153988617879,1.24966966188695,1.03779943759511,0.825929213303274,0.614058989011431,0.402188764719591,0.190318540427752,-0.0215516838640895,-0.233421908155931,-0.233421908155931,-0.233421908155931,-0.233421908155931,-0.233421908155931,-0.233421908155931,-0.233421908155931,-0.233421908155931,-0.233421908155931,-0.233421908155931,-0.233421908155931,-0.233421908155931,-0.233421908155931,-0.233421908155931,-0.233421908155931,-0.233421908155931,-0.233421908155931,-0.233421908155931,-0.233421908155931,-0.233421908155931,-0.233421908155931,-24.8636397996458,-17.5953332233509,-11.6186437575807,-6.82124243579789,-3.09080029146513,-0.314988358045123,1.61852233099949,2.82206074220603,3.40795584211184,3.48853659725421,3.17613197417049,2.58307093939803,1.8216824594741,1.00429550093607,0.243239030321293,-0.349157985832955,-0.660566580989334,-0.578657788610506,0.00889735784083179,1.21442782490212,1.21442782490212,1.21442782490212,1.21442782490212,1.21442782490212,1.21442782490212,1.21442782490212,1.21442782490212,1.21442782490212,1.21442782490212,1.21442782490212,1.21442782490212,1.21442782490212,1.21442782490212,1.21442782490212,1.21442782490212,1.21442782490212,1.21442782490212,1.21442782490212,1.21442782490212,1.21442782490212,0.778198163468915,0.853205557732773,0.928212951996597,1.00322034626051,1.0782277405244,1.15323513478823,1.2616628611089,1.57547207103081,2.2564769502223,3.13788910893005,3.68480921885436,3.477508571939,2.62685015850983,1.52118311495821,0.36905009435492,-0.703481207078548,-1.31508422260351,-1.02299468517739,0.185983043402185,1.88538405728804,1.88538405728804,1.88538405728804,1.88538405728804,1.88538405728804,1.88538405728804,1.88538405728804,1.88538405728804,1.88538405728804,1.88538405728804,1.88538405728804,1.88538405728804,1.88538405728804,1.88538405728804,1.88538405728804,1.88538405728804,1.88538405728804,1.88538405728804,1.88538405728804,1.88538405728804,1.88538405728804,1,1,1,1,1,1,1,1,1,0,1,1,1,1,1,1,1,1,1,1,1,1,1,1,1,1,1,1,1,1,1,1,1,1,1,1,1,1,1,1
-1.05238591087214,0.617117781190944,2.45000309775575,-2.57104742696731,1.05311082763434,1.02950460693067,0.0779477046509438,0.196414077894548,-0.424904542300697,0.982098899091598,-1.76165125376891,1.5786396506996,1.82802132894867,-0.00737892357392589,-1.0149823865908,0.545775402604768,1.20266861934685,-0.530384885348724,-0.463047541295676,2.08771801919655,1.19191310593041,0.500868356113186,1.49918297900495,1.45160092121642,0.507262321463294,0.901927605531393,-0.620491576791219,-0.56281430525153,-0.836502797622371,0.355501366753035,1.01671582142998,0.301007782005241,1.14389403445369,0.0162382888508006,-1.82346522145659,2.34529574292336,1.51147512232018,0.194879440649046,1.58434664923762,-0.871946368125302,-1.45271873194796,-1.43154556500454,-1.41037239806113,-1.38919923111771,-1.3680260641743,-1.34685289723089,-1.32567973028747,-1.30450656334406,-1.28333339640065,-1.26216022945723,-1.24098706251382,-1.2198138955704,-1.19864072862699,-1.17746756168357,-1.15629439474016,-1.13512122779674,-1.11394806085333,-1.09277489390992,-1.07160172696651,-1.05042856002309,-1.05042856002309,-1.05042856002309,-1.05042856002309,-1.05042856002309,-1.05042856002309,-1.05042856002309,-1.05042856002309,-1.05042856002309,-1.05042856002309,-1.05042856002309,-1.05042856002309,-1.05042856002309,-1.05042856002309,-1.05042856002309,-1.05042856002309,-1.05042856002309,-1.05042856002309,-1.05042856002309,-1.05042856002309,-1.05042856002309,17.9342911533598,12.5919277978117,8.23710947871603,4.77876860797942,2.12583759750862,0.187248859210332,-1.12806519500873,-1.91117215324184,-2.25313960358228,-2.24503513412337,-1.97792633295834,-1.5428807881805,-1.03096608788316,-0.533249820159583,-0.140799573103047,0.0553170651931758,-0.0359674933642449,-0.505720836868576,-1.44501055341311,-2.94490423109107,-2.94490423109107,-2.94490423109107,-2.94490423109107,-2.94490423109107,-2.94490423109107,-2.94490423109107,-2.94490423109107,-2.94490423109107,-2.94490423109107,-2.94490423109107,-2.94490423109107,-2.94490423109107,-2.94490423109107,-2.94490423109107,-2.94490423109107,-2.94490423109107,-2.94490423109107,-2.94490423109107,-2.94490423109107,-2.94490423109107,3.27712961244107,2.50689950314372,1.73666939384637,0.966439284549037,0.196209175251685,-0.574020934045656,-1.2894077349583,-1.72547014154355,-1.8388339461392,-1.76852939360327,-1.6112993531645,-1.37659354508722,-1.05785387520914,-0.680295643188115,-0.353120537182342,-0.2531021603046,-0.481070494475974,-0.978658748548328,-1.61681056678407,-2.30062542328856,-2.30062542328856,-2.30062542328856,-2.30062542328856,-2.30062542328856,-2.30062542328856,-2.30062542328856,-2.30062542328856,-2.30062542328856,-2.30062542328856,-2.30062542328856,-2.30062542328856,-2.30062542328856,-2.30062542328856,-2.30062542328856,-2.30062542328856,-2.30062542328856,-2.30062542328856,-2.30062542328856,-2.30062542328856,-2.30062542328856,1,1,1,1,1,1,1,1,1,1,1,1,1,1,1,1,1,1,1,1,1,1,1,1,1,1,1,1,1,1,1,1,1,1,1,1,1,1,1,1
0.0939026220515125,-0.374693893851783,0.926489756245851,-0.522196179214005,-3.06639027291084,-0.776518924870177,0.666827089888445,-0.298412995086832,2.14106028486337,-0.678249072907633,2.6961028743248,1.47057717165175,-0.645056092629044,0.376849438923678,1.3283294286763,1.14170260470433,0.070530950196467,0.950699149129845,0.546150585332303,1.65563125359752,-3.02466891884616,-1.19963444258865,2.4589576725708,-2.40336435648107,-0.862604602468242,-3.22930802011587,0.978010377876505,-1.62094970305812,-0.524311021137393,-5.71345772896456,0.100598323947629,-0.0341229996668613,-3.00016677172883,-1.57918031858753,0.00668558379124384,0.610094095682264,0.866078723525272,1.45617261489312,-0.574817068084412,-1.11656905940994,-1.34436882141575,-1.14668143990626,-0.948994058396777,-0.751306676887291,-0.553619295377803,-0.355931913868319,-0.158244532358832,0.0394428491506531,0.23713023066014,0.434817612169626,0.632504993679111,0.8301923751886,1.02787975669809,1.22556713820757,1.42325451971706,1.62094190122655,1.81862928273603,2.01631666424552,2.214004045755,2.41169142726449,2.41169142726449,2.41169142726449,2.41169142726449,2.41169142726449,2.41169142726449,2.41169142726449,2.41169142726449,2.41169142726449,2.41169142726449,2.41169142726449,2.41169142726449,2.41169142726449,2.41169142726449,2.41169142726449,2.41169142726449,2.41169142726449,2.41169142726449,2.41169142726449,2.41169142726449,2.41169142726449,-35.3133626087632,-26.2760763243576,-18.7478026371054,-12.6001149603124,-7.70458670728411,-3.93279129132634,-1.15630212574475,0.753307376154955,1.92446380106708,2.48559373568596,2.56512376670588,2.29148048082116,1.79309046472611,1.198380305115,0.635776588682203,0.233705902121985,0.120594832128667,0.424869965396566,1.27495788861994,2.79928518849318,2.79928518849318,2.79928518849318,2.79928518849318,2.79928518849318,2.79928518849318,2.79928518849318,2.79928518849318,2.79928518849318,2.79928518849318,2.79928518849318,2.79928518849318,2.79928518849318,2.79928518849318,2.79928518849318,2.79928518849318,2.79928518849318,2.79928518849318,2.79928518849318,2.79928518849318,2.79928518849318,-7.39512219995831,-6.31987095700808,-5.24461971405786,-4.16936847110764,-3.09411722815743,-2.01886598520721,-0.959910755418403,0.00710977195091722,0.819578394034306,1.44251127641084,1.83924773883864,1.98103823386587,1.88307631578562,1.62006124285906,1.31199639248917,1.08490289112737,1.02184057983503,1.13923929627068,1.39813431683117,1.72923770548814,1.72923770548814,1.72923770548814,1.72923770548814,1.72923770548814,1.72923770548814,1.72923770548814,1.72923770548814,1.72923770548814,1.72923770548814,1.72923770548814,1.72923770548814,1.72923770548814,1.72923770548814,1.72923770548814,1.72923770548814,1.72923770548814,1.72923770548814,1.72923770548814,1.72923770548814,1.72923770548814,1,1,1,1,1,1,1,1,1,1,1,0,1,1,1,1,1,1,1,1,1,1,1,1,1,1,1,1,1,1,1,1,1,1,1,1,1,1,1,1
2.30433049187803,0.918573058912754,0.00589282087568499,0.585178051190082,-0.440837659586046,-1.75991206364502,-2.98415996979596,2.03532244953176,2.73754108588341,1.30371710737683,1.04397487489658,0.784104228174726,2.70754280130249,1.24948750688206,0.24099266242867,-0.878925944114924,0.739351313773463,-1.40523550921548,-0.192840733029893,-1.98085359620986,-0.857116800270852,0.485966448190267,-1.35992937519085,-0.818829421146592,0.255308015284491,-0.78785475796084,-0.995046981199753,-1.03953557579339,-1.07918842265428,-0.342872517002794,-1.3047350023324,1.39874750184825,0.606214910990182,2.01834247352707,0.684311289348827,-0.869213951925035,0.517819731272123,-0.563368048583108,0.315895942181136,0.794940604968696,2.41424080749996,2.21039321437144,2.00654562124292,1.80269802811439,1.59885043498587,1.39500284185735,1.19115524872882,0.987307655600301,0.783460062471777,0.579612469343251,0.375764876214729,0.171917283086206,-0.0319303100423181,-0.23577790317084,-0.439625496299362,-0.643473089427886,-0.847320682556409,-1.05116827568493,-1.25501586881346,-1.45886346194198,-1.45886346194198,-1.45886346194198,-1.45886346194198,-1.45886346194198,-1.45886346194198,-1.45886346194198,-1.45886346194198,-1.45886346194198,-1.45886346194198,-1.45886346194198,-1.45886346194198,-1.45886346194198,-1.45886346194198,-1.45886346194198,-1.45886346194198,-1.45886346194198,-1.45886346194198,-1.45886346194198,-1.45886346194198,-1.45886346194198,-68.5681331265279,-49.9260068803649,-34.5947710978948,-22.2823356200155,-12.6966102876249,-5.54550494162073,-0.536929422901035,2.62120642763634,4.22099276909352,4.55451976057259,3.91387756117568,2.59115633000493,0.878446226162422,-0.932162591249742,-2.54857996312944,-3.67871573037452,-4.0304797338829,-3.31178181455244,-1.23053181328119,2.5053604290332,2.5053604290332,2.5053604290332,2.5053604290332,2.5053604290332,2.5053604290332,2.5053604290332,2.5053604290332,2.5053604290332,2.5053604290332,2.5053604290332,2.5053604290332,2.5053604290332,2.5053604290332,2.5053604290332,2.5053604290332,2.5053604290332,2.5053604290332,2.5053604290332,2.5053604290332,2.5053604290332,0.616139177200654,0.615730671391479,0.6153221655823,0.61491365977312,0.614505153963944,0.614096648154768,0.611880439746276,0.598866576405394,0.564896033273559,0.502099736709429,0.405967924955359,0.277857663401972,0.124976223061296,-0.044445822791424,-0.224984197632994,-0.412591610554381,-0.601957623397642,-0.78755190853675,-0.967001407637278,-1.14231249799864,-1.14231249799864,-1.14231249799864,-1.14231249799864,-1.14231249799864,-1.14231249799864,-1.14231249799864,-1.14231249799864,-1.14231249799864,-1.14231249799864,-1.14231249799864,-1.14231249799864,-1.14231249799864,-1.14231249799864,-1.14231249799864,-1.14231249799864,-1.14231249799864,-1.14231249799864,-1.14231249799864,-1.14231249799864,-1.14231249799864,1,1,1,1,1,1,1,1,1,1,1,1,1,1,1,1,1,1,1,1,1,1,1,1,1,1,1,1,1,1,1,1,1,1,1,1,1,1,1,1
1.13196959254547,3.10380796384579,1.25830574081559,-1.99446580547897,-2.78057117821997,0.401843250051277,1.21578814111797,-1.95531255089236,-0.995850125842281,-1.68840819955429,-2.4635067301907,-0.493287306409687,1.69264306863192,2.58993211660799,0.657663762826777,0.218065002525368,-1.27891757817621,-0.128897978728258,-0.268550900151762,1.42270264092987,-0.797223133912947,-2.28521289732507,0.708875181349923,0.604796365921251,0.514578203945582,0.378960011576858,0.466623711759338,-1.37596775219687,1.33898302983591,-2.70112449934103,0.288819907599986,-0.688526216140607,-1.40142940777844,-1.47800491197006,-1.40852993804271,0.433893940206538,-0.720640489056116,1.08902781852824,0.758244496539415,-1.52781049169983,-1.71141412509022,-1.65568136148065,-1.59994859787107,-1.5442158342615,-1.48848307065192,-1.43275030704235,-1.37701754343277,-1.3212847798232,-1.26555201621362,-1.20981925260405,-1.15408648899447,-1.0983537253849,-1.04262096177532,-0.986888198165746,-0.931155434556171,-0.875422670946595,-0.819689907337022,-0.763957143727445,-0.708224380117871,-0.652491616508296,-0.652491616508296,-0.652491616508296,-0.652491616508296,-0.652491616508296,-0.652491616508296,-0.652491616508296,-0.652491616508296,-0.652491616508296,-0.652491616508296,-0.652491616508296,-0.652491616508296,-0.652491616508296,-0.652491616508296,-0.652491616508296,-0.652491616508296,-0.652491616508296,-0.652491616508296,-0.652491616508296,-0.652491616508296,-0.652491616508296,-21.4781383307674,-15.7503373199668,-11.105092220764,-7.43919396509904,-4.64943348491196,-2.63260171214271,-1.28548957873128,-0.504888016617645,-0.187587957741792,-0.230380334043701,-0.53005607746336,-0.983406119940756,-1.48722139341586,-1.93829282982867,-2.23341136111915,-2.26936791922733,-1.94295343609314,-1.15095884365657,0.209824926142371,2.24260694136373,2.24260694136373,2.24260694136373,2.24260694136373,2.24260694136373,2.24260694136373,2.24260694136373,2.24260694136373,2.24260694136373,2.24260694136373,2.24260694136373,2.24260694136373,2.24260694136373,2.24260694136373,2.24260694136373,2.24260694136373,2.24260694136373,2.24260694136373,2.24260694136373,2.24260694136373,2.24260694136373,-1.04775615029596,-1.08375527079611,-1.11975439129626,-1.15575351179641,-1.19175263229656,-1.22775175279671,-1.26313543864354,-1.29446299119043,-1.31601284153204,-1.32088930558169,-1.30262765752538,-1.25771047904635,-1.18741996268194,-1.09685466930593,-0.992196496598394,-0.879240931523004,-0.762807274362384,-0.645215845742724,-0.526064951728911,-0.405143266628855,-0.405143266628855,-0.405143266628855,-0.405143266628855,-0.405143266628855,-0.405143266628855,-0.405143266628855,-0.405143266628855,-0.405143266628855,-0.405143266628855,-0.405143266628855,-0.405143266628855,-0.405143266628855,-0.405143266628855,-0.405143266628855,-0.405143266628855,-0.405143266628855,-0.405143266628855,-0.405143266628855,-0.405143266628855,-0.405143266628855,1,1,1,1,1,1,1,1,1,1,1,1,1,1,1,1,1,1,1,1,1,1,1,1,1,1,1,1,1,1,1,1,1,1,1,1,1,1,1,1
-0.772538832319352,-0.679348167224302,-0.666550002811786,-1.17919646636034,0.00161868801268383,-0.433883121569195,0.346352784403781,-0.667831210698234,0.494651719900261,1.09949934155208,0.932927147871414,1.15255935713481,2.95464992016272,0.814230574769514,-0.690583635651826,-2.25020727414365,0.0277025080375495,0.178517102118676,2.00800142793748,-0.0839258880856608,-0.250667260358199,3.1004662727514,1.39855674880811,-0.754423137404013,1.85230853349837,-0.412554354967513,-0.862069043221975,0.258558487778046,-0.704816960310797,-0.196449729686483,0.307921083949335,-0.238555848454389,-0.736300819619299,-0.623930117440537,-0.228259896096841,-1.06261428962909,-1.19008748916264,0.39510617049015,-0.823947853780339,1.02510907243441,0.52685974538391,0.484323756361973,0.441787767340037,0.399251778318098,0.356715789296159,0.314179800274221,0.271643811252283,0.229107822230347,0.18657183320841,0.144035844186472,0.101499855164532,0.0589638661425944,0.0164278771206572,-0.0261081119012783,-0.068644100923219,-0.111180089945156,-0.153716078967093,-0.196252067989029,-0.23878805701097,-0.281324046032905,-0.281324046032905,-0.281324046032905,-0.281324046032905,-0.281324046032905,-0.281324046032905,-0.281324046032905,-0.281324046032905,-0.281324046032905,-0.281324046032905,-0.281324046032905,-0.281324046032905,-0.281324046032905,-0.281324046032905,-0.281324046032905,-0.281324046032905,-0.281324046032905,-0.281324046032905,-0.281324046032905,-0.281324046032905,-0.281324046032905,2.11238566580632,1.16344684147287,0.463976323288546,-0.015152197879861,-0.303065031165588,-0.428888485701857,-0.421748870621895,-0.310772495058943,-0.125085668146216,0.106185300983055,0.353914103195638,0.588974429358315,0.782239970337843,0.904584417001002,0.92688146021457,0.820004790845308,0.554828099759989,0.102225077825402,-0.566930584091704,-1.48176519512455,-1.48176519512455,-1.48176519512455,-1.48176519512455,-1.48176519512455,-1.48176519512455,-1.48176519512455,-1.48176519512455,-1.48176519512455,-1.48176519512455,-1.48176519512455,-1.48176519512455,-1.48176519512455,-1.48176519512455,-1.48176519512455,-1.48176519512455,-1.48176519512455,-1.48176519512455,-1.48176519512455,-1.48176519512455,-1.48176519512455,-1.69652627309845,-1.50536895466715,-1.31421163623584,-1.12305431780455,-0.931896999373247,-0.740739680941945,-0.548290593425378,-0.342056553354455,-0.0892998327191297,0.218437738134362,0.545785481809911,0.84567422673849,1.06318886534262,1.13181659085437,1.02104554252967,0.753170208938814,0.34521642028146,-0.205543381261723,-0.868392904881127,-1.57991305650685,-1.57991305650685,-1.57991305650685,-1.57991305650685,-1.57991305650685,-1.57991305650685,-1.57991305650685,-1.57991305650685,-1.57991305650685,-1.57991305650685,-1.57991305650685,-1.57991305650685,-1.57991305650685,-1.57991305650685,-1.57991305650685,-1.57991305650685,-1.57991305650685,-1.57991305650685,-1.57991305650685,-1.57991305650685,-1.57991305650685,1,1,1,1,1,1,1,1,1,1,1,1,1,1,1,1,1,1,1,1,1,1,1,1,1,1,1,1,1,1,1,1,1,1,1,1,1,1,1,1
2.41286559051441,0.0566996826872019,-0.358783495278245,-0.424410367233549,-0.980392168248018,0.877954946632102,0.714375652612788,-0.949549995369933,-0.616852481340107,2.24239732639445,0.327543469528422,2.04750074871002,-1.3255390167448,0.888263312394853,-1.77154187042718,0.658374118350064,-0.536481816482269,-1.06198350233788,0.171539775587876,-1.3531289506305,-2.4570056243839,0.499251129172725,1.301801261435,1.33978829085991,-0.258310334435281,0.617134719899621,-0.207482010164126,1.18451310239424,1.11438530496346,3.5992427424969,-0.470453089383307,-0.0145753333455509,1.16761176962213,-0.611816852830241,-1.03931724600934,-0.663873620723596,0.381520606688234,-0.506701462786511,2.12483519747798,-1.08237178522648,-1.97376496168902,-1.84952256321095,-1.72528016473287,-1.60103776625479,-1.47679536777671,-1.35255296929864,-1.22831057082056,-1.10406817234248,-0.979825773864405,-0.855583375386328,-0.731340976908248,-0.607098578430172,-0.482856179952094,-0.358613781474016,-0.234371382995942,-0.110128984517862,0.0141134139602155,0.13835581243829,0.262598210916369,0.386840609394445,0.386840609394445,0.386840609394445,0.386840609394445,0.386840609394445,0.386840609394445,0.386840609394445,0.386840609394445,0.386840609394445,0.386840609394445,0.386840609394445,0.386840609394445,0.386840609394445,0.386840609394445,0.386840609394445,0.386840609394445,0.386840609394445,0.386840609394445,0.386840609394445,0.386840609394445,0.386840609394445,-7.02086056543198,-5.5112468926645,-4.25569906790464,-3.23088986198061,-2.41349204572058,-1.78017838995274,-1.30762166550526,-0.97249464320633,-0.751470093884109,-0.621220788366831,-0.558419497482642,-0.53973899205973,-0.541852042926237,-0.541431420910435,-0.515149896840448,-0.439680241544439,-0.291695225850624,-0.0478676205871853,0.31512980341771,0.820624275335872,0.820624275335872,0.820624275335872,0.820624275335872,0.820624275335872,0.820624275335872,0.820624275335872,0.820624275335872,0.820624275335872,0.820624275335872,0.820624275335872,0.820624275335872,0.820624275335872,0.820624275335872,0.820624275335872,0.820624275335872,0.820624275335872,0.820624275335872,0.820624275335872,0.820624275335872,0.820624275335872,-6.44670778065724,-5.61143202229176,-4.77615626392629,-3.94088050556084,-3.10560474719536,-2.27032898882989,-1.48873892178813,-0.947973513296474,-0.556253648452499,-0.171856588998532,0.112740949592665,0.173661866314111,-0.0495029751935441,-0.598250330464095,-1.2590144158934,-1.55671597149765,-1.25805009299551,-0.514139742137667,0.524222507961515,1.76863185985277,1.76863185985277,1.76863185985277,1.76863185985277,1.76863185985277,1.76863185985277,1.76863185985277,1.76863185985277,1.76863185985277,1.76863185985277,1.76863185985277,1.76863185985277,1.76863185985277,1.76863185985277,1.76863185985277,1.76863185985277,1.76863185985277,1.76863185985277,1.76863185985277,1.76863185985277,1.76863185985277,1,1,1,1,1,1,1,1,1,1,1,1,1,1,1,1,1,1,1,1,1,1,1,1,1,1,1,1,1,1,1,1,1,1,1,1,1,1,1,1
-0.4064830535863,1.59891020292463,2.00271537456766,-1.60201164983539,0.541396401003611,-0.30123467124284,0.511628723314408,0.151529118233904,0.180215833910937,-2.06493214756613,0.494565471458387,2.13959348357393,2.66840268564892,-1.17420403183941,2.91305079935522,-2.62283711527226,-1.25199690458064,0.512978236834204,0.61358924455198,-0.497677139365582,0.254458310221294,-0.0304479434921703,-0.705769795064198,-0.641922659302274,-0.681527186139103,-0.70960147387059,-1.30772244661159,1.60289229684661,-1.1398525300459,-1.41420215276624,0.612521641110055,-1.40296667700937,1.84473249589955,1.31759182339038,1.73457640475614,-0.512219984437495,-2.67329344813684,-1.27099574611878,-2.11710336728448,-1.89346087939417,-0.32225804746662,-0.301304623822367,-0.280351200178115,-0.259397776533861,-0.238444352889609,-0.217490929245358,-0.196537505601103,-0.175584081956851,-0.154630658312598,-0.133677234668346,-0.112723811024091,-0.0917703873798423,-0.0708169637355862,-0.0498635400913354,-0.0289101164470829,-0.00795669280283029,0.0129967308414223,0.0339501544856748,0.0549035781299292,0.0758570017741818,0.0758570017741818,0.0758570017741818,0.0758570017741818,0.0758570017741818,0.0758570017741818,0.0758570017741818,0.0758570017741818,0.0758570017741818,0.0758570017741818,0.0758570017741818,0.0758570017741818,0.0758570017741818,0.0758570017741818,0.0758570017741818,0.0758570017741818,0.0758570017741818,0.0758570017741818,0.0758570017741818,0.0758570017741818,0.0758570017741818,-34.1878394348699,-25.3796008734712,-18.0777572214101,-12.1522042673192,-7.47283779983123,-3.90955360757872,-1.33224747919428,0.389184796689408,1.38484743143976,1.7848446364241,1.71928062300987,1.31825960256436,0.71188578645504,0.0302633860492154,-0.596503387285738,-1.03831032218244,-1.16505320727355,-0.846627831191503,0.0470700174307819,1.64614454996087,1.64614454996087,1.64614454996087,1.64614454996087,1.64614454996087,1.64614454996087,1.64614454996087,1.64614454996087,1.64614454996087,1.64614454996087,1.64614454996087,1.64614454996087,1.64614454996087,1.64614454996087,1.64614454996087,1.64614454996087,1.64614454996087,1.64614454996087,1.64614454996087,1.64614454996087,1.64614454996087,-9.05592445009682,-7.7514964770089,-6.4470685039209,-5.14264053083294,-3.838212557745,-2.53378458465704,-1.24221010532784,-0.0389101189532912,0.942500163547223,1.54963509380212,1.61896033245285,1.0812368833356,0.189187250365967,-0.582630664905713,-0.98151497830893,-1.04028143650126,-0.751594088518043,-0.119515017789562,0.600476818259722,1.19121509770384,1.19121509770384,1.19121509770384,1.19121509770384,1.19121509770384,1.19121509770384,1.19121509770384,1.19121509770384,1.19121509770384,1.19121509770384,1.19121509770384,1.19121509770384,1.19121509770384,1.19121509770384,1.19121509770384,1.19121509770384,1.19121509770384,1.19121509770384,1.19121509770384,1.19121509770384,1.19121509770384,1,1,1,1,1,1,1,1,1,1,1,1,1,1,1,1,1,1,1,1,1,1,1,1,1,1,1,1,1,1,1,1,1,1,1,1,1,1,1,1
-2.29173118621336,2.02181903785301,-2.77431180371698,2.17073023121954,-0.536880209658483,-1.82174287870274,0.204934656482186,-0.0443791587012754,1.39308806300682,0.904523610000865,0.165330923404083,-0.765155992322329,1.09119178054452,-0.341843749129216,-0.0992970145942316,-0.693210746964786,0.727227781278851,-0.195586890701712,1.0867121989501,-2.25242247804086,-0.577318369848895,-0.515803779827035,-0.682260246568697,-0.0285863123255528,-2.67821051017747,-1.93226993843577,-0.595747968530631,-0.311830796398834,1.7009703556382,1.78958809173223,-1.20758341570316,-0.980318231779036,3.10353544993979,2.72599596763745,1.12088063201483,2.09616263687607,0.327710506235606,0.270355238452812,2.43773807783046,-1.3098768401214,6.19266163727859,5.68317943785054,5.17369723842249,4.66421503899444,4.1547328395664,3.64525064013835,3.1357684407103,2.62628624128225,2.11680404185421,1.60732184242616,1.09783964299811,0.588357443570066,0.0788752441420169,-0.430606955286031,-0.940089154714077,-1.44957135414213,-1.95905355357017,-2.46853575299822,-2.97801795242627,-3.48750015185432,-3.48750015185432,-3.48750015185432,-3.48750015185432,-3.48750015185432,-3.48750015185432,-3.48750015185432,-3.48750015185432,-3.48750015185432,-3.48750015185432,-3.48750015185432,-3.48750015185432,-3.48750015185432,-3.48750015185432,-3.48750015185432,-3.48750015185432,-3.48750015185432,-3.48750015185432,-3.48750015185432,-3.48750015185432,-3.48750015185432,-13.4758963849924,-9.32746407605996,-5.88445632619863,-3.09450040326197,-0.90522357510357,0.735746890422979,1.88078372546407,2.58225966216613,2.89254743267553,2.8640197691387,2.54904940370204,2.00000906851195,1.26927149571484,0.409209417457113,-0.527804434114822,-1.48939732685456,-2.4231965286157,-3.27682930725186,-3.99792293061658,-4.53410466656353,-4.53410466656353,-4.53410466656353,-4.53410466656353,-4.53410466656353,-4.53410466656353,-4.53410466656353,-4.53410466656353,-4.53410466656353,-4.53410466656353,-4.53410466656353,-4.53410466656353,-4.53410466656353,-4.53410466656353,-4.53410466656353,-4.53410466656353,-4.53410466656353,-4.53410466656353,-4.53410466656353,-4.53410466656353,-4.53410466656353,4.14535685329554,3.90710797474749,3.66885909619944,3.43061021765139,3.19236133910335,2.95411246055529,2.71303411349336,2.45600322994759,2.17191998873555,1.85246635081382,1.48420377466689,1.0510030795149,0.546052513529018,-0.0233641458173839,-0.642720605065843,-1.29718601002927,-1.97400858025827,-2.66513880059605,-3.36763072132257,-4.07783560147324,-4.07783560147324,-4.07783560147324,-4.07783560147324,-4.07783560147324,-4.07783560147324,-4.07783560147324,-4.07783560147324,-4.07783560147324,-4.07783560147324,-4.07783560147324,-4.07783560147324,-4.07783560147324,-4.07783560147324,-4.07783560147324,-4.07783560147324,-4.07783560147324,-4.07783560147324,-4.07783560147324,-4.07783560147324,-4.07783560147324,1,1,1,1,1,1,1,1,1,1,1,1,1,1,1,1,1,0,0,0,0,0,0,0,0,0,0,0,0,0,0,0,0,0,0,0,0,0,0,0
1.80935702811011,1.05231980306516,-0.0225807205899109,-0.498775678674394,2.89480456926164,0.0194313138848488,0.932430425789601,1.1374087778141,1.47623798335209,-0.272946555669519,-1.47503408202435,0.105428243753854,-1.19229358701209,-0.78959056409977,0.2044407431074,-2.46332388199419,2.71006654529243,1.02843159914835,0.368738782294756,-1.75220631547571,0.971030192199162,-1.59281834833105,0.235245342923426,-1.2315473972894,0.479882359069489,-0.0174640852867913,3.05772447176056,-1.1742711066965,-0.758778557573175,-3.3366379731058,1.27981476161376,-0.578816814576911,0.430516272274307,0.794659263192688,-0.801590708106511,0.212462049769039,0.389164827076259,0.997274768890826,0.943832723900746,-0.0855341587337541,-1.28024243812961,-1.19833752476589,-1.11643261140218,-1.03452769803846,-0.952622784674743,-0.870717871311027,-0.788812957947309,-0.706908044583594,-0.625003131219875,-0.543098217856159,-0.461193304492443,-0.379288391128725,-0.297383477765008,-0.215478564401291,-0.133573651037572,-0.0516687376738574,0.0302361756898595,0.112141089053578,0.194046002417293,0.27595091578101,0.27595091578101,0.27595091578101,0.27595091578101,0.27595091578101,0.27595091578101,0.27595091578101,0.27595091578101,0.27595091578101,0.27595091578101,0.27595091578101,0.27595091578101,0.27595091578101,0.27595091578101,0.27595091578101,0.27595091578101,0.27595091578101,0.27595091578101,0.27595091578101,0.27595091578101,0.27595091578101,-13.7605571383867,-10.2607946606296,-7.38615508432297,-5.07890932989366,-3.28132831776864,-1.93568296837488,-0.98424420213933,-0.369282939488935,-0.0330701008506438,0.0821233933485495,0.0340266226817505,-0.11963133327802,-0.321121394957752,-0.512714482784338,-0.636681517184742,-0.635293418585945,-0.450821107414892,-0.0255355040985066,0.69829247093619,1.77839189726227,1.77839189726227,1.77839189726227,1.77839189726227,1.77839189726227,1.77839189726227,1.77839189726227,1.77839189726227,1.77839189726227,1.77839189726227,1.77839189726227,1.77839189726227,1.77839189726227,1.77839189726227,1.77839189726227,1.77839189726227,1.77839189726227,1.77839189726227,1.77839189726227,1.77839189726227,1.77839189726227,0.0683047856759291,0.0582907024440011,0.0482766192121229,0.0382625359802891,0.0282484527484064,0.018234369516545,-0.029082452986632,-0.2959039121454,-0.899600351504498,-1.56143599657388,-1.79335439730305,-1.4798543386653,-0.90517818630919,-0.276780268957417,0.35262513894833,0.838451991114129,1.01574220160787,0.892024512042173,0.571747922801476,0.150241873584182,0.150241873584182,0.150241873584182,0.150241873584182,0.150241873584182,0.150241873584182,0.150241873584182,0.150241873584182,0.150241873584182,0.150241873584182,0.150241873584182,0.150241873584182,0.150241873584182,0.150241873584182,0.150241873584182,0.150241873584182,0.150241873584182,0.150241873584182,0.150241873584182,0.150241873584182,0.150241873584182,1,1,1,1,1,1,1,1,1,1,1,1,1,1,1,1,1,1,1,1,1,1,1,1,1,1,1,1,1,1,1,1,1,1,1,1,1,1,1,1
0.242990433468643,-1.81597544202292,0.661809738609311,-1.16450776988706,0.0328492412352066,-1.41723795222126,0.486510627839715,-3.10147226526012,-2.64757107378967,0.0621957769915209,0.866843205827054,0.884941611994751,1.00879823487512,-0.0661326593193969,-0.574002278175573,-1.89633852579723,0.51783773478091,0.938285422280396,-1.42021057049611,-0.0280692951507664,-1.16555789018018,0.751719411400719,-1.16896856795647,-0.587723244912628,0.397472024357716,0.776998822578308,1.10752455734619,2.21666309304196,1.04106851684158,0.343172261274235,-1.57469292445646,1.53023861902333,-0.591278003720181,2.62101242678114,-0.783926695436646,1.59002477566163,0.706492427973119,1.65853865319299,1.3884473982436,0.833910821369631,-0.179444213025882,-0.259629290454046,-0.339814367882211,-0.419999445310376,-0.50018452273854,-0.580369600166704,-0.660554677594868,-0.740739755023033,-0.820924832451197,-0.901109909879361,-0.981294987307525,-1.06148006473569,-1.14166514216385,-1.22185021959202,-1.30203529702018,-1.38222037444835,-1.46240545187651,-1.54259052930468,-1.62277560673284,-1.702960684161,-1.702960684161,-1.702960684161,-1.702960684161,-1.702960684161,-1.702960684161,-1.702960684161,-1.702960684161,-1.702960684161,-1.702960684161,-1.702960684161,-1.702960684161,-1.702960684161,-1.702960684161,-1.702960684161,-1.702960684161,-1.702960684161,-1.702960684161,-1.702960684161,-1.702960684161,-1.702960684161,11.9188089564289,8.26952913616338,5.31901395151661,2.99948959338799,1.24318225267683,-0.0176818797175002,-0.850876612895672,-1.32417575595834,-1.50535311800617,-1.46218250813981,-1.26243773545993,-0.973892609067191,-0.664320938062238,-0.401496531545712,-0.25319319861835,-0.287184748380719,-0.571244989933549,-1.17314773237742,-2.16066678481304,-3.60157595634112,-3.60157595634112,-3.60157595634112,-3.60157595634112,-3.60157595634112,-3.60157595634112,-3.60157595634112,-3.60157595634112,-3.60157595634112,-3.60157595634112,-3.60157595634112,-3.60157595634112,-3.60157595634112,-3.60157595634112,-3.60157595634112,-3.60157595634112,-3.60157595634112,-3.60157595634112,-3.60157595634112,-3.60157595634112,-3.60157595634112,24.2908365800371,19.8498333525126,15.4088301249886,10.9678268974639,6.52682366993935,2.08582044241506,-1.96238365282932,-3.86155003733385,-2.80630774543049,-0.414834014708566,0.934091670193662,0.689047262282532,-0.0826129435122116,-0.771719172895459,-1.46695136311884,-1.80282249073363,-1.35413128730243,-0.833420483631857,-1.46627352625431,-3.31400669292914,-3.31400669292914,-3.31400669292914,-3.31400669292914,-3.31400669292914,-3.31400669292914,-3.31400669292914,-3.31400669292914,-3.31400669292914,-3.31400669292914,-3.31400669292914,-3.31400669292914,-3.31400669292914,-3.31400669292914,-3.31400669292914,-3.31400669292914,-3.31400669292914,-3.31400669292914,-3.31400669292914,-3.31400669292914,-3.31400669292914,1,1,1,1,1,1,1,0,1,1,1,1,1,1,1,1,1,1,1,1,1,1,1,1,1,1,1,1,1,1,1,1,1,1,1,1,1,1,1,1
2.28283646051651,-2.43039529963297,0.494610619017428,0.873911546832819,1.02801444912435,-0.659553157496146,0.475799467807357,-1.73121530132409,-0.642766310550629,1.67799726083908,0.343338222471752,0.578018608425475,1.82809590554663,2.18009822185974,-0.316102751700138,-0.736722625978155,-1.11471927487223,1.81951332560956,-0.630818080012093,-1.00159928046259,-2.14848329494981,2.83932965621109,-0.368737453083162,0.0717383828966902,-0.597291001532634,0.735591785820336,-0.203675497266655,-0.889595614651373,2.58165279097389,-0.208649113223952,-1.01949238507426,-1.57368703503731,0.0518314388185992,-0.121864650915214,-1.1048954667256,-2.43078346111078,1.30132892816412,-0.0848205628515331,1.142504583946,2.6539598113228,0.249023691698364,0.170892876647273,0.0927620615961811,0.0146312465450906,-0.0634995685060007,-0.14163038355709,-0.219761198608182,-0.297892013659274,-0.376022828710365,-0.454153643761456,-0.532284458812546,-0.610415273863639,-0.68854608891473,-0.76667690396582,-0.844807719016913,-0.922938534068003,-1.00106934911909,-1.07920016417018,-1.15733097922127,-1.23546179427237,-1.23546179427237,-1.23546179427237,-1.23546179427237,-1.23546179427237,-1.23546179427237,-1.23546179427237,-1.23546179427237,-1.23546179427237,-1.23546179427237,-1.23546179427237,-1.23546179427237,-1.23546179427237,-1.23546179427237,-1.23546179427237,-1.23546179427237,-1.23546179427237,-1.23546179427237,-1.23546179427237,-1.23546179427237,-1.23546179427237,-6.91164267816403,-4.73806723279991,-3.03041868712361,-1.74126793818424,-0.823185883030833,-0.228743418712484,0.0894885577217357,0.178939149222774,0.0870374587415661,-0.138787410771005,-0.45110635636396,-0.802490275086416,-1.1455100639874,-1.43273662011602,-1.61674084052134,-1.65009362225239,-1.48536586235828,-1.07512845788811,-0.371952305890884,0.671591696584308,0.671591696584308,0.671591696584308,0.671591696584308,0.671591696584308,0.671591696584308,0.671591696584308,0.671591696584308,0.671591696584308,0.671591696584308,0.671591696584308,0.671591696584308,0.671591696584308,0.671591696584308,0.671591696584308,0.671591696584308,0.671591696584308,0.671591696584308,0.671591696584308,0.671591696584308,0.671591696584308,7.50867894924813,6.23001472921971,4.95135050919123,3.67268628916273,2.39402206913427,1.11535784910579,-0.0601923292110778,-0.695929724951647,-0.676670700887959,-0.402143077397646,-0.295994882554082,-0.423083198006244,-0.689604306584737,-1.06572692556405,-1.43219505811328,-1.57743051632694,-1.46683649926879,-1.17086365958951,-0.610409833306095,0.232485795327301,0.232485795327301,0.232485795327301,0.232485795327301,0.232485795327301,0.232485795327301,0.232485795327301,0.232485795327301,0.232485795327301,0.232485795327301,0.232485795327301,0.232485795327301,0.232485795327301,0.232485795327301,0.232485795327301,0.232485795327301,0.232485795327301,0.232485795327301,0.232485795327301,0.232485795327301,0.232485795327301,1,1,1,1,1,1,1,1,1,1,1,1,1,1,1,1,1,1,1,1,1,1,1,1,1,1,1,1,1,1,1,1,1,1,1,1,1,1,1,1
2.12426088192746,-1.95384470918468,0.985482064592228,-3.31157557419659,1.70218838762133,0.0198716504056202,-0.322278923054633,-1.91366174668389,-0.924523707171554,-0.101862099256063,3.14247201650621,1.978058837226,-1.41111465274683,0.130133150176786,-0.47334031339865,-0.860764045237207,-1.58175992638088,-0.31731807063225,2.18593687432359,4.95998043904266,0.653879563012758,-1.38921245842939,-1.04898559032621,1.62677909887653,-0.0738695349627339,-0.773310675500811,-0.241722796079356,0.395093298697745,0.590956068691456,-0.569857057534936,-1.78851943347297,-2.27329970269766,0.196752273475814,-0.142507595957863,-0.575459504013581,0.483630863983731,3.53482563842026,0.633530742813125,1.71376893344882,0.984562756616663,3.71053620403415,3.42154760833935,3.13255901264455,2.84357041694975,2.55458182125495,2.26559322556016,1.97660462986536,1.68761603417056,1.39862743847576,1.10963884278097,0.820650247086171,0.531661651391373,0.242673055696576,-0.046315539998222,-0.335304135693018,-0.624292731387817,-0.913281327082615,-1.20226992277741,-1.49125851847221,-1.78024711416701,-1.78024711416701,-1.78024711416701,-1.78024711416701,-1.78024711416701,-1.78024711416701,-1.78024711416701,-1.78024711416701,-1.78024711416701,-1.78024711416701,-1.78024711416701,-1.78024711416701,-1.78024711416701,-1.78024711416701,-1.78024711416701,-1.78024711416701,-1.78024711416701,-1.78024711416701,-1.78024711416701,-1.78024711416701,-1.78024711416701,-2.62329412874939,-1.04195476974816,0.167188843717046,1.04122366181511,1.61723663471493,1.93231471258541,2.02354484559545,1.92801398391392,1.68280907770974,1.32501707715179,0.891724932408975,0.420019593650196,-0.0530119889556637,-0.490282865239703,-0.854706085033031,-1.10919469816674,-1.21666175447193,-1.14002030377973,-0.842183395921243,-0.286064080727545,-0.286064080727545,-0.286064080727545,-0.286064080727545,-0.286064080727545,-0.286064080727545,-0.286064080727545,-0.286064080727545,-0.286064080727545,-0.286064080727545,-0.286064080727545,-0.286064080727545,-0.286064080727545,-0.286064080727545,-0.286064080727545,-0.286064080727545,-0.286064080727545,-0.286064080727545,-0.286064080727545,-0.286064080727545,-0.286064080727545,7.63379717320934,6.68560426747721,5.73741136174513,4.78921845601305,3.84102555028096,2.89283264454886,2.00938002881579,1.4589539170235,1.2975592024973,1.29931915518264,1.1815968675843,0.767165331758946,0.0739561959607578,-0.712944970181907,-1.40113855900788,-1.83149247140594,-1.81784442842003,-1.29669948151325,-0.479566198352877,0.38339600008068,0.38339600008068,0.38339600008068,0.38339600008068,0.38339600008068,0.38339600008068,0.38339600008068,0.38339600008068,0.38339600008068,0.38339600008068,0.38339600008068,0.38339600008068,0.38339600008068,0.38339600008068,0.38339600008068,0.38339600008068,0.38339600008068,0.38339600008068,0.38339600008068,0.38339600008068,0.38339600008068,1,1,1,1,1,1,1,1,1,1,1,1,1,1,1,1,1,1,1,1,1,1,1,1,1,1,1,1,1,1,1,1,1,1,1,1,1,1,1,1
-2.00883739205172,-1.75856980801802,-2.29007704722341,0.84115170585553,-0.997174399804084,-2.38294064649242,-1.17334258052471,-1.63401320516152,-0.146907723405478,0.352567944767477,-0.891457130704751,0.374646822346644,1.95160431293549,-0.0278997724614136,-0.4138022741509,-2.24248427832258,1.07318476390271,1.09982601439567,0.480395063711736,0.819975741597366,0.0843709339862784,1.51208075548459,-1.3020880120323,1.35805979510122,-1.40299873264375,-0.0165083926657168,-1.21236685406879,0.616240839922643,-0.129712413364484,-6.76246194792895e-05,2.53473736906405,-1.48904906843861,-0.636957789431463,-2.39290010928295,2.89914994255257,0.387575134365333,-2.23535679551534,0.254152406042705,-0.245198397794429,0.835902644814039,-4.58939461485067,-4.14989533341188,-3.7103960519731,-3.27089677053431,-2.83139748909553,-2.39189820765674,-1.95239892621795,-1.51289964477917,-1.07340036334038,-0.633901081901596,-0.19440180046281,0.245097480975977,0.684596762414762,1.12409604385355,1.56359532529233,2.00309460673112,2.4425938881699,2.88209316960869,3.32159245104748,3.76109173248626,3.76109173248626,3.76109173248626,3.76109173248626,3.76109173248626,3.76109173248626,3.76109173248626,3.76109173248626,3.76109173248626,3.76109173248626,3.76109173248626,3.76109173248626,3.76109173248626,3.76109173248626,3.76109173248626,3.76109173248626,3.76109173248626,3.76109173248626,3.76109173248626,3.76109173248626,3.76109173248626,-21.1100819302354,-16.4722146833019,-12.5350730895059,-9.24010092068052,-6.52874194865895,-4.34243994527431,-2.62263868235977,-1.31078193174845,-0.348313465273538,0.323322945231855,0.762683527934563,1.02832451100144,1.17880212259933,1.27267259089511,1.36849214405559,1.52481701024765,1.80020341763814,2.25320759439388,2.94238576868175,3.92629416866862,3.92629416866862,3.92629416866862,3.92629416866862,3.92629416866862,3.92629416866862,3.92629416866862,3.92629416866862,3.92629416866862,3.92629416866862,3.92629416866862,3.92629416866862,3.92629416866862,3.92629416866862,3.92629416866862,3.92629416866862,3.92629416866862,3.92629416866862,3.92629416866862,3.92629416866862,3.92629416866862,-4.5897440875493,-4.15017141648114,-3.71059874541298,-3.27102607434483,-2.83145340327667,-2.39188073220851,-1.95231522823198,-1.51279168824748,-1.07333951665671,-0.633945987773945,-0.194561960687393,0.244855189118832,0.684318120776751,1.1238262139506,1.56338288820143,2.00299141594993,2.44264715871361,2.88233739038693,3.32204537997622,3.76175813013336,3.76175813013336,3.76175813013336,3.76175813013336,3.76175813013336,3.76175813013336,3.76175813013336,3.76175813013336,3.76175813013336,3.76175813013336,3.76175813013336,3.76175813013336,3.76175813013336,3.76175813013336,3.76175813013336,3.76175813013336,3.76175813013336,3.76175813013336,3.76175813013336,3.76175813013336,3.76175813013336,1,1,1,1,1,1,0,1,1,1,1,1,1,1,1,1,1,1,1,1,1,1,1,1,1,1,1,1,1,1,1,1,1,1,1,1,1,1,1,1
-0.984251417308621,-0.233133184663687,-0.164316191265245,-2.43693955484531,-1.44295504659736,0.985328170217782,1.41367987347845,-0.217053432368216,1.61281365932387,2.83051937141958,-1.62266713402129,-0.170921062534024,0.673782092760872,2.0045999250223,-1.27101782791267,1.0918813935234,0.528316270287343,1.47345821916788,0.731642301959946,-1.17370902755827,-2.58878902523521,-0.653706544448299,1.65148153147605,2.44331886445584,0.579173039051726,1.2442646853957,0.79741645045357,-1.71213128142215,-0.390121306203232,0.711734489091086,1.25187636688599,0.635324729991448,-0.461399450852792,-0.185838092887286,0.0893211894607155,-0.4041046550575,0.556218534651247,0.290588728297454,0.0832621709797277,-0.0405559449988537,2.75151829041916,2.58823851776742,2.42495874511568,2.26167897246394,2.0983991998122,1.93511942716046,1.77183965450872,1.60855988185698,1.44528010920524,1.2820003365535,1.11872056390176,0.955440791250018,0.792161018598277,0.628881245946538,0.465601473294798,0.302321700643057,0.139041927991318,-0.0242378446604228,-0.187517617312162,-0.350797389963901,-0.350797389963901,-0.350797389963901,-0.350797389963901,-0.350797389963901,-0.350797389963901,-0.350797389963901,-0.350797389963901,-0.350797389963901,-0.350797389963901,-0.350797389963901,-0.350797389963901,-0.350797389963901,-0.350797389963901,-0.350797389963901,-0.350797389963901,-0.350797389963901,-0.350797389963901,-0.350797389963901,-0.350797389963901,-0.350797389963901,1.35768031951155,1.48910043643261,1.57761848562004,1.62664279153414,1.63958167863522,1.61984347138358,1.57083649423952,1.49596907166333,1.39864952811534,1.28228618805582,1.15028737594508,1.00606141624343,0.853016633411153,0.694561351908565,0.534103896195965,0.375052590733638,0.220815759981916,0.0748017284010736,-0.059581179548589,-0.178924639406739,-0.178924639406739,-0.178924639406739,-0.178924639406739,-0.178924639406739,-0.178924639406739,-0.178924639406739,-0.178924639406739,-0.178924639406739,-0.178924639406739,-0.178924639406739,-0.178924639406739,-0.178924639406739,-0.178924639406739,-0.178924639406739,-0.178924639406739,-0.178924639406739,-0.178924639406739,-0.178924639406739,-0.178924639406739,-0.178924639406739,2.54026916486769,2.42150513009402,2.30274109532035,2.18397706054667,2.065213025773,1.94644899099933,1.82923062039219,1.71426826418936,1.57206091967428,1.3590463208808,1.0697628866949,0.751718739369586,0.463297000582488,0.241885690235906,0.113658921011906,0.0915756796744773,0.150298740981679,0.238234707121595,0.323195893646798,0.403129714893709,0.403129714893709,0.403129714893709,0.403129714893709,0.403129714893709,0.403129714893709,0.403129714893709,0.403129714893709,0.403129714893709,0.403129714893709,0.403129714893709,0.403129714893709,0.403129714893709,0.403129714893709,0.403129714893709,0.403129714893709,0.403129714893709,0.403129714893709,0.403129714893709,0.403129714893709,0.403129714893709,1,1,1,1,1,1,1,1,1,1,1,1,1,1,1,1,1,1,1,1,1,1,1,1,1,1,1,1,1,1,1,1,1,1,1,1,1,1,1,1
-0.873006785551598,1.39667965289128,3.79630128961898,0.563002428824309,-0.318798883898207,0.0102532748607933,2.60360700313172,0.363509966685486,0.437065346788568,1.45913914296393,-0.50826686088957,0.50962142619001,-1.89872687542722,0.187883915743795,1.35651476509015,-0.875910614423631,-2.08024936127215,2.1465455673387,-1.54301094539217,-1.56118125024994,-0.0990501691508676,-2.81953572673303,2.12560984155457,-0.249790752765705,-1.15462643577321,-0.465151954748112,-1.88279955402813,1.03046042743929,-0.253169074195224,-1.64407972129307,-3.03166625180933,-0.373061849171259,-0.76220858340487,1.47332541879121,0.728886979319062,-1.34062692609884,-0.56019033848967,-0.30481058729462,3.72780887015845,-1.66642163454983,0.462675921106488,0.459606139486857,0.456536357867226,0.453466576247594,0.450396794627961,0.447327013008332,0.444257231388702,0.441187449769069,0.43811766814944,0.435047886529807,0.431978104910176,0.428908323290548,0.425838541670915,0.42276876005128,0.419698978431652,0.416629196812018,0.413559415192394,0.410489633572759,0.407419851953124,0.404350070333496,0.404350070333496,0.404350070333496,0.404350070333496,0.404350070333496,0.404350070333496,0.404350070333496,0.404350070333496,0.404350070333496,0.404350070333496,0.404350070333496,0.404350070333496,0.404350070333496,0.404350070333496,0.404350070333496,0.404350070333496,0.404350070333496,0.404350070333496,0.404350070333496,0.404350070333496,0.404350070333496,5.23127248078,3.90330389559479,2.81328613836403,1.94043713557857,1.26397481372929,0.763117099307044,0.417081918802694,0.205087198707099,0.10635086551113,0.10009084570564,0.165525065781496,0.281871452229561,0.428347931540701,0.584172430205776,0.728562874715646,0.840737191561178,0.899913307233225,0.885309148222666,0.77614264102035,0.551631712117141,0.551631712117141,0.551631712117141,0.551631712117141,0.551631712117141,0.551631712117141,0.551631712117141,0.551631712117141,0.551631712117141,0.551631712117141,0.551631712117141,0.551631712117141,0.551631712117141,0.551631712117141,0.551631712117141,0.551631712117141,0.551631712117141,0.551631712117141,0.551631712117141,0.551631712117141,0.551631712117141,-1.76543783261545,-1.4750904990009,-1.18474316538634,-0.894395831771785,-0.604048498157231,-0.313701164542674,-0.0266564193151337,0.239319419313663,0.461333727859072,0.632336731515672,0.764896960869581,0.867586029569271,0.928200342553101,0.92805212587044,0.86181361591442,0.735151944341792,0.552860897469307,0.319518562215197,0.0475825891025696,-0.243267820616156,-0.243267820616156,-0.243267820616156,-0.243267820616156,-0.243267820616156,-0.243267820616156,-0.243267820616156,-0.243267820616156,-0.243267820616156,-0.243267820616156,-0.243267820616156,-0.243267820616156,-0.243267820616156,-0.243267820616156,-0.243267820616156,-0.243267820616156,-0.243267820616156,-0.243267820616156,-0.243267820616156,-0.243267820616156,-0.243267820616156,1,1,1,1,1,1,1,1,1,1,1,1,1,1,1,1,1,1,1,1,1,1,1,1,1,1,1,1,1,1,1,1,1,1,1,1,1,1,1,1
0.238512526972195,1.49550732507744,2.11436907336422,1.60298358471171,-1.3157585202894,0.324715649726914,-1.5171725446718,0.835461504944814,0.78617713774379,0.761120695934034,0.90232139276079,-0.698377010052075,2.2644440284328,0.516841207284749,-0.76344006604258,1.06583101076131,0.217657837099852,-1.25418178460185,0.734511500001563,0.999233790445555,-0.351027983066516,-0.989662658233998,-0.255315907706276,0.831622122177007,-1.59051577551624,1.91321769831449,2.497652379152,-1.55615261924286,-1.47160669100583,1.21902674881254,-1.25543373024303,0.320661771070958,0.170075382471419,-0.993323544150659,-0.531063353000395,-1.68723590762599,0.0726580081563295,2.31749011345222,-1.57227343755198,-0.065596111264572,1.60283317771136,1.59868668980812,1.59454020190487,1.59039371400162,1.58624722609837,1.58210073819513,1.57795425029188,1.57380776238863,1.56966127448538,1.56551478658214,1.56136829867889,1.55722181077564,1.55307532287239,1.54892883496914,1.5447823470659,1.54063585916265,1.5364893712594,1.53234288335615,1.52819639545291,1.52404990754966,1.52404990754966,1.52404990754966,1.52404990754966,1.52404990754966,1.52404990754966,1.52404990754966,1.52404990754966,1.52404990754966,1.52404990754966,1.52404990754966,1.52404990754966,1.52404990754966,1.52404990754966,1.52404990754966,1.52404990754966,1.52404990754966,1.52404990754966,1.52404990754966,1.52404990754966,1.52404990754966,-10.9753143868822,-7.86512797618644,-5.25834711052551,-3.11419641112547,-1.3919004992124,-0.0506839960123999,0.95022847724842,1.65161229934399,2.09424284904819,2.31889550513494,2.36634564637814,2.27736865155171,2.09273989942955,1.85323476878552,1.5996286383936,1.37269688702765,1.21321489346159,1.1619580364693,1.2597016948247,1.5472212473017,1.5472212473017,1.5472212473017,1.5472212473017,1.5472212473017,1.5472212473017,1.5472212473017,1.5472212473017,1.5472212473017,1.5472212473017,1.5472212473017,1.5472212473017,1.5472212473017,1.5472212473017,1.5472212473017,1.5472212473017,1.5472212473017,1.5472212473017,1.5472212473017,1.5472212473017,1.5472212473017,-5.38585627007697,-4.39942950503749,-3.413002739998,-2.42657597495852,-1.44014920991903,-0.453722444879544,0.509582572961028,1.34118599257701,1.95203804704898,2.3284162211932,2.516798548382,2.58935447331758,2.59228521092251,2.51223845516436,2.30785176912016,1.96575554005783,1.5168716123879,1.01974761448163,0.530808471749996,0.067195503415693,0.067195503415693,0.067195503415693,0.067195503415693,0.067195503415693,0.067195503415693,0.067195503415693,0.067195503415693,0.067195503415693,0.067195503415693,0.067195503415693,0.067195503415693,0.067195503415693,0.067195503415693,0.067195503415693,0.067195503415693,0.067195503415693,0.067195503415693,0.067195503415693,0.067195503415693,0.067195503415693,1,1,1,1,1,1,1,1,1,1,1,1,1,1,1,1,1,1,1,1,1,1,1,1,1,1,1,1,1,1,1,1,1,1,1,1,1,1,1,1
-0.462863265475408,-1.16403523582075,1.02449584580705,0.354044415206801,1.34584432643374,-2.60815600468618,-1.39193136839504,-1.08501991562546,1.55876865968133,-0.0429487183708357,-0.214493921715315,-0.281209668436908,-1.24059525046673,2.33393631744173,0.490609183490587,-0.488853152072483,0.792785037292747,0.715453485446309,3.28830879362958,-1.46743868042973,-2.00001430266874,-0.985971922836976,0.492602977042768,0.804722990824878,0.402239553619314,0.248714501771483,0.037589820685179,-1.39664774611419,0.910525516993731,-2.28643124414447,-0.709973027692969,-0.800336771278527,2.48692449241005,0.39211735998234,0.350612768606252,1.06696797507629,0.832693232477073,-2.13236535131111,-0.558512029096462,-1.2374064787924,-6.83109997626034,-6.24413225713937,-5.65716453801839,-5.07019681889741,-4.48322909977643,-3.89626138065545,-3.30929366153448,-2.7223259424135,-2.13535822329252,-1.54839050417154,-0.961422785050567,-0.374455065929586,0.212512653191389,0.799480372312368,1.38644809143334,1.97341581055432,2.5603835296753,3.14735124879628,3.73431896791726,4.32128668703823,4.32128668703823,4.32128668703823,4.32128668703823,4.32128668703823,4.32128668703823,4.32128668703823,4.32128668703823,4.32128668703823,4.32128668703823,4.32128668703823,4.32128668703823,4.32128668703823,4.32128668703823,4.32128668703823,4.32128668703823,4.32128668703823,4.32128668703823,4.32128668703823,4.32128668703823,4.32128668703823,-23.7293965425155,-19.3354735147036,-15.4817101766209,-12.1309546682982,-9.24605512976604,-6.78985970105528,-4.72521652219661,-3.01497373322077,-1.62197947415848,-0.509081885040469,0.36087089410255,1.02503072323983,1.52054946234066,1.8845789713743,2.15427111031004,2.36677773911714,2.55925071776488,2.76884190622252,3.03270316445935,3.38798635244461,3.38798635244461,3.38798635244461,3.38798635244461,3.38798635244461,3.38798635244461,3.38798635244461,3.38798635244461,3.38798635244461,3.38798635244461,3.38798635244461,3.38798635244461,3.38798635244461,3.38798635244461,3.38798635244461,3.38798635244461,3.38798635244461,3.38798635244461,3.38798635244461,3.38798635244461,3.38798635244461,-11.0180757351413,-9.91270676337985,-8.80733779161844,-7.70196881985703,-6.59659984809562,-5.4912308763342,-4.38404521009578,-3.27316784676696,-2.1848794820971,-1.15305636134757,-0.197001656060964,0.661884500003485,1.39324502216953,1.97306150603059,2.38946896304392,2.65432062269264,2.81992277084132,2.95055613486688,3.07442383161363,3.19209498499449,3.19209498499449,3.19209498499449,3.19209498499449,3.19209498499449,3.19209498499449,3.19209498499449,3.19209498499449,3.19209498499449,3.19209498499449,3.19209498499449,3.19209498499449,3.19209498499449,3.19209498499449,3.19209498499449,3.19209498499449,3.19209498499449,3.19209498499449,3.19209498499449,3.19209498499449,3.19209498499449,1,1,1,1,0,0,0,0,1,1,1,1,1,1,1,1,1,1,1,1,1,1,1,1,1,1,1,1,1,1,1,1,1,1,1,1,1,1,1,1
0.46775796637227,0.598433424863288,0.303626285773715,-0.385048650734434,1.2793127636607,0.829471174655286,0.438579422455043,1.84505195955965,-1.49171295251974,0.427330420889378,-4.35712367823218,-1.13108041999664,1.21775306545891,0.715264556815987,0.397996880970693,-1.33094277588484,1.38605724355071,0.518762385918132,-1.50609340754975,1.51826975230294,0.00473411674682112,0.265672865081513,-0.48187387879771,1.69388553019954,1.16628710420302,2.8580583443705,-0.577555617967795,-0.119687883934288,0.513407298288506,-0.0451438481763535,2.2956770839182,-0.607347380638567,0.974588254549891,-0.676737931601894,-2.01079894917892,2.47887868070859,1.45343073671018,-0.40690572281876,0.00333629283553272,-2.43490361476078,2.46383223888493,2.26093918440715,2.05804612992937,1.85515307545158,1.6522600209738,1.44936696649602,1.24647391201824,1.04358085754046,0.840687803062673,0.63779474858489,0.43490169410711,0.232008639629326,0.0291155851515423,-0.173777469326239,-0.376670523804021,-0.579563578281805,-0.782456632759589,-0.985349687237369,-1.18824274171515,-1.39113579619293,-1.39113579619293,-1.39113579619293,-1.39113579619293,-1.39113579619293,-1.39113579619293,-1.39113579619293,-1.39113579619293,-1.39113579619293,-1.39113579619293,-1.39113579619293,-1.39113579619293,-1.39113579619293,-1.39113579619293,-1.39113579619293,-1.39113579619293,-1.39113579619293,-1.39113579619293,-1.39113579619293,-1.39113579619293,-1.39113579619293,5.2772249300622,4.9532204986195,4.51713612927187,3.99119659867152,3.39762668347068,2.75865116032157,2.09649480587642,1.43338239678744,0.79153870970687,0.193188521286926,-0.339443391820168,-0.784132252962209,-1.11865328548692,-1.32078171274212,-1.36829275807557,-1.23896164483506,-0.910563596368345,-0.360873836023211,0.432332412852537,1.4912799269112,1.4912799269112,1.4912799269112,1.4912799269112,1.4912799269112,1.4912799269112,1.4912799269112,1.4912799269112,1.4912799269112,1.4912799269112,1.4912799269112,1.4912799269112,1.4912799269112,1.4912799269112,1.4912799269112,1.4912799269112,1.4912799269112,1.4912799269112,1.4912799269112,1.4912799269112,1.4912799269112,6.36072528078425,5.62065623314811,4.88058718551197,4.14051813787584,3.4004490902397,2.66038004260356,1.92574989043995,1.22498749306125,0.591492582350735,0.0367312952146488,-0.431879618781274,-0.777593109466466,-0.96390913543622,-1.00040676169217,-0.919228251262842,-0.739339903625098,-0.485240333993518,-0.196742403557641,0.101862603693453,0.406537716072618,0.406537716072618,0.406537716072618,0.406537716072618,0.406537716072618,0.406537716072618,0.406537716072618,0.406537716072618,0.406537716072618,0.406537716072618,0.406537716072618,0.406537716072618,0.406537716072618,0.406537716072618,0.406537716072618,0.406537716072618,0.406537716072618,0.406537716072618,0.406537716072618,0.406537716072618,0.406537716072618,1,1,1,1,1,1,1,1,1,1,1,1,1,1,1,1,1,1,1,1,1,1,1,1,1,1,1,1,1,1,1,1,1,1,1,1,1,1,1,1
-1.00373198897674,-1.06626148052857,-0.376123784188493,-1.78227341669762,-0.221828112002897,0.376537627729943,2.53266171989456,0.226886171379991,0.0368860650395764,1.58137291549606,-0.684423462384698,-2.85574959082202,-0.295104546964128,-4.35661179331474,-1.7205840685229,0.0206595412617112,0.615880493145857,-0.169981980221943,-0.485820001413499,-1.00450699682645,2.07424438920636,1.74188701392735,-1.3401718021553,1.73407411480513,0.811796450746407,0.134906655949267,-0.431566718958216,-0.953677033027805,-1.65192582514561,-2.29314114459972,-0.0653007386651581,-0.275548335963839,0.635627325931258,1.7756155672661,0.919808999072092,0.303022322780564,-1.06965123381769,2.4432003367428,-0.722100211174082,-0.422793870849752,3.55978960586349,3.17369814335203,2.78760668084056,2.40151521832909,2.01542375581762,1.62933229330615,1.24324083079469,0.857149368283219,0.471057905771751,0.0849664432602832,-0.301125019251185,-0.687216481762652,-1.07330794427412,-1.45939940678559,-1.84549086929706,-2.23158233180852,-2.61767379431999,-3.00376525683146,-3.38985671934293,-3.77594818185439,-3.77594818185439,-3.77594818185439,-3.77594818185439,-3.77594818185439,-3.77594818185439,-3.77594818185439,-3.77594818185439,-3.77594818185439,-3.77594818185439,-3.77594818185439,-3.77594818185439,-3.77594818185439,-3.77594818185439,-3.77594818185439,-3.77594818185439,-3.77594818185439,-3.77594818185439,-3.77594818185439,-3.77594818185439,-3.77594818185439,22.3058223393263,16.6247247729296,11.9406022949707,8.15934965118428,5.18686158730457,2.929032849066,1.29175818220295,0.180932332449839,-0.497549954458954,-0.837793932789038,-0.933904856806031,-0.8799879807755,-0.770148558963106,-0.698491845634411,-0.759123095055028,-1.0461475614906,-1.6536704992067,-2.67579716246889,-4.20663280554295,-6.34028268269425,-6.34028268269425,-6.34028268269425,-6.34028268269425,-6.34028268269425,-6.34028268269425,-6.34028268269425,-6.34028268269425,-6.34028268269425,-6.34028268269425,-6.34028268269425,-6.34028268269425,-6.34028268269425,-6.34028268269425,-6.34028268269425,-6.34028268269425,-6.34028268269425,-6.34028268269425,-6.34028268269425,-6.34028268269425,-6.34028268269425,-3.44535159038018,-2.68475338220926,-1.92415517403832,-1.16355696586743,-0.402958757696519,0.357639450474398,1.06375600640152,1.47679652445541,1.45318733768041,0.93833322888934,-0.0640944026499835,-1.28518981796294,-2.18171157938764,-2.33961597007565,-1.82364824169126,-1.13234447744756,-0.927555936569068,-1.72458403795307,-3.60460486818063,-6.14469787661295,-6.14469787661295,-6.14469787661295,-6.14469787661295,-6.14469787661295,-6.14469787661295,-6.14469787661295,-6.14469787661295,-6.14469787661295,-6.14469787661295,-6.14469787661295,-6.14469787661295,-6.14469787661295,-6.14469787661295,-6.14469787661295,-6.14469787661295,-6.14469787661295,-6.14469787661295,-6.14469787661295,-6.14469787661295,-6.14469787661295,1,1,1,1,1,1,1,1,1,1,1,1,1,0,1,1,1,1,0,0,0,0,0,0,0,0,0,0,0,0,0,0,0,0,0,0,0,0,0,0
-0.397549464121916,-2.276787617234,2.09835983214779,1.87478696200135,0.413304000801484,-0.673752314457955,0.833402392767448,2.11962915711486,0.873693108919127,0.612657950488163,-0.902864690499102,0.174585038802638,0.943123018001268,0.771940506806056,0.765460073114296,-1.21703285465049,1.63331427292142,3.50027821446929,2.96031764752734,-2.10854976013934,-0.324727151646623,0.194572473923516,2.59220140486437,0.294005430260722,-0.594032096452741,0.164946509240982,-0.779856695076926,0.726529759389214,2.17507222911865,-1.02460330248177,1.78039099353581,-0.721928384779559,-0.211674803260294,-0.803019186272678,-2.46982181230595,1.84435057774654,-0.418318295927259,1.03694087935255,-1.3886169000491,-0.0168358680354093,-1.29213491035875,-1.10725058467955,-0.922366259000341,-0.737481933321137,-0.552597607641931,-0.367713281962727,-0.182828956283522,0.00205536939568418,0.186939695074887,0.371824020754092,0.556708346433297,0.741592672112501,0.926476997791706,1.11136132347091,1.29624564915012,1.48112997482932,1.66601430050852,1.85089862618773,2.03578295186693,2.22066727754614,2.22066727754614,2.22066727754614,2.22066727754614,2.22066727754614,2.22066727754614,2.22066727754614,2.22066727754614,2.22066727754614,2.22066727754614,2.22066727754614,2.22066727754614,2.22066727754614,2.22066727754614,2.22066727754614,2.22066727754614,2.22066727754614,2.22066727754614,2.22066727754614,2.22066727754614,2.22066727754614,14.9697006931885,10.3473951806631,6.6659699420402,3.83420789336561,1.76089195068498,0.35480503004402,-0.475269952511589,-0.820550080936141,-0.772252439183966,-0.421594111209341,0.1402078190334,0.821936267589974,1.53237415050604,2.18030438382731,2.67450988359948,2.92377356586822,2.83687834667925,2.32260714207825,1.28974286811093,-0.352931559177099,-0.352931559177099,-0.352931559177099,-0.352931559177099,-0.352931559177099,-0.352931559177099,-0.352931559177099,-0.352931559177099,-0.352931559177099,-0.352931559177099,-0.352931559177099,-0.352931559177099,-0.352931559177099,-0.352931559177099,-0.352931559177099,-0.352931559177099,-0.352931559177099,-0.352931559177099,-0.352931559177099,-0.352931559177099,-0.352931559177099,-1.41387699789336,-1.21463505508098,-1.0153931122686,-0.816151169456219,-0.616909226643839,-0.417667283831459,-0.21836670184381,-0.0187350015117413,0.18136912310883,0.38151482760666,0.58060871197563,0.777176636801853,0.969615363958239,1.156296821953,1.33599786237357,1.50864630988758,1.67538238390769,1.83764731929966,1.99664748988051,2.15382403291573,2.15382403291573,2.15382403291573,2.15382403291573,2.15382403291573,2.15382403291573,2.15382403291573,2.15382403291573,2.15382403291573,2.15382403291573,2.15382403291573,2.15382403291573,2.15382403291573,2.15382403291573,2.15382403291573,2.15382403291573,2.15382403291573,2.15382403291573,2.15382403291573,2.15382403291573,2.15382403291573,1,1,1,1,1,1,1,1,1,1,1,1,1,1,1,1,1,1,1,1,1,1,1,1,1,1,1,1,1,1,1,1,1,1,1,1,1,1,1,1
1.94318684003019,-1.58208516919485,-0.967042682878591,0.0459402506778446,-0.0909534223535644,-0.0617029760724446,-0.0384485615069217,0.6737006932116,0.536167043698946,2.00696400038604,0.385633429921613,0.767208103223181,1.50773865845246,0.777783664116219,2.33472300114769,0.50528573363203,-2.15317185749337,0.279279216950631,-2.09015658808915,0.0954756123518052,2.11834426847672,0.197214886537949,0.528037842671177,-2.17640867707598,0.887295568562145,-1.77805662360016,0.634443699982809,-0.00150815916195413,0.371723876271545,0.749389407760827,1.11526358154144,1.19817184621826,-0.648476191211744,-0.832455364473246,-3.30894766533757,-2.80039345136706,-2.34462237824959,-1.75406806582826,2.53300719524921,1.50931145982336,4.48040276208007,4.21212014571109,3.94383752934211,3.67555491297312,3.40727229660414,3.13898968023515,2.87070706386617,2.60242444749719,2.3341418311282,2.06585921475922,1.79757659839024,1.52929398202125,1.26101136565227,0.992728749283284,0.724446132914297,0.456163516545315,0.187880900176333,-0.0804017161926502,-0.348684332561636,-0.616966948930619,-0.616966948930619,-0.616966948930619,-0.616966948930619,-0.616966948930619,-0.616966948930619,-0.616966948930619,-0.616966948930619,-0.616966948930619,-0.616966948930619,-0.616966948930619,-0.616966948930619,-0.616966948930619,-0.616966948930619,-0.616966948930619,-0.616966948930619,-0.616966948930619,-0.616966948930619,-0.616966948930619,-0.616966948930619,-0.616966948930619,-0.777622026854456,-0.380101935540599,0.0532666669968652,0.505790485883578,0.960776226245179,1.40153059320731,1.8113602918956,2.17357202743573,2.4714725049533,2.68836842957395,2.80756650642333,2.81237344062709,2.68609593731086,2.41204070160028,1.97351443862098,1.35382385349866,0.536275651358892,-0.495823462672638,-1.75916678347037,-3.27044760590853,-3.27044760590853,-3.27044760590853,-3.27044760590853,-3.27044760590853,-3.27044760590853,-3.27044760590853,-3.27044760590853,-3.27044760590853,-3.27044760590853,-3.27044760590853,-3.27044760590853,-3.27044760590853,-3.27044760590853,-3.27044760590853,-3.27044760590853,-3.27044760590853,-3.27044760590853,-3.27044760590853,-3.27044760590853,-3.27044760590853,7.50158388235863,6.67012366816234,5.83866345396604,5.00720323976975,4.17574302557345,3.34428281137715,2.55127388774901,1.96151469590787,1.64458108575144,1.55166162946164,1.63289010896912,1.85597572903641,2.15043216079762,2.36270638142196,2.27659489626222,1.75810659783712,0.884791491224302,-0.161524874845423,-1.28587708274158,-2.46337096954968,-2.46337096954968,-2.46337096954968,-2.46337096954968,-2.46337096954968,-2.46337096954968,-2.46337096954968,-2.46337096954968,-2.46337096954968,-2.46337096954968,-2.46337096954968,-2.46337096954968,-2.46337096954968,-2.46337096954968,-2.46337096954968,-2.46337096954968,-2.46337096954968,-2.46337096954968,-2.46337096954968,-2.46337096954968,-2.46337096954968,1,1,1,1,1,1,1,1,1,1,1,1,1,0,0,1,1,1,1,1,1,1,1,1,1,1,1,1,1,1,1,1,1,1,1,1,1,1,1,1
1.37692843095298,-0.0869118351223337,2.15134614986616,-2.53586527571709,0.808242969239203,1.39901187357443,0.457778230486262,-1.72155416505079,0.259553414233983,-0.50217892635664,1.03567662141061,-0.308571268531857,-0.833790735649613,0.274982569852943,-0.100924347622325,1.12465994466226,-1.38723828756401,0.00756323933475755,0.961641402985306,0.908822429888065,-0.4403177461769,0.327642649544179,0.420704114682756,1.20939498246349,-0.208703960357051,-2.40314602461372,1.25671501755041,-0.355143380905265,0.462365112281926,1.15083060820523,-2.63494848233009,0.321070382754176,0.692425756474975,-0.189654927082501,0.658660293035274,0.772402386639781,0.0151375223420409,-1.48099453258569,1.02997926423306,-0.953273913362677,2.64049442315145,2.42709195339286,2.21368948363427,2.00028701387568,1.78688454411709,1.5734820743585,1.36007960459991,1.14667713484132,0.933274665082726,0.719872195324134,0.506469725565543,0.293067255806953,0.0796647860483617,-0.13373768371023,-0.347140153468819,-0.560542623227411,-0.773945092986002,-0.987347562744592,-1.20075003250318,-1.41415250226177,-1.41415250226177,-1.41415250226177,-1.41415250226177,-1.41415250226177,-1.41415250226177,-1.41415250226177,-1.41415250226177,-1.41415250226177,-1.41415250226177,-1.41415250226177,-1.41415250226177,-1.41415250226177,-1.41415250226177,-1.41415250226177,-1.41415250226177,-1.41415250226177,-1.41415250226177,-1.41415250226177,-1.41415250226177,-1.41415250226177,4.75191926868814,3.19567482860487,2.0285894012134,1.20327959341944,0.672362012128695,0.388453264246876,0.304169956679688,0.372128696332849,0.544946090112058,0.77523874492303,1.01562326767147,1.21871626526309,1.33713434460359,1.32349411259868,1.13041217615409,0.710505142175514,0.0163896175686435,-0.999317790760799,-2.38400047590709,-4.18504183096453,-4.18504183096453,-4.18504183096453,-4.18504183096453,-4.18504183096453,-4.18504183096453,-4.18504183096453,-4.18504183096453,-4.18504183096453,-4.18504183096453,-4.18504183096453,-4.18504183096453,-4.18504183096453,-4.18504183096453,-4.18504183096453,-4.18504183096453,-4.18504183096453,-4.18504183096453,-4.18504183096453,-4.18504183096453,-4.18504183096453,-1.06218301196846,-0.797695845833572,-0.533208679698681,-0.26872151356379,-0.00423434742890016,0.260252818705998,0.520640588029348,0.754031808887836,0.928649041557779,1.03573194534355,1.0933622342276,1.10877997552262,1.05633490579043,0.89207266266131,0.573439930821312,0.0790771980459226,-0.572618136539333,-1.33554533853789,-2.16687904877307,-3.0324046021723,-3.0324046021723,-3.0324046021723,-3.0324046021723,-3.0324046021723,-3.0324046021723,-3.0324046021723,-3.0324046021723,-3.0324046021723,-3.0324046021723,-3.0324046021723,-3.0324046021723,-3.0324046021723,-3.0324046021723,-3.0324046021723,-3.0324046021723,-3.0324046021723,-3.0324046021723,-3.0324046021723,-3.0324046021723,-3.0324046021723,1,1,1,1,1,1,1,1,1,1,1,1,1,1,1,1,1,1,1,1,1,1,1,1,1,1,1,1,1,1,1,1,1,1,1,1,1,1,1,1
3.1161988182718,-1.92315945936773,2.03198077840085,2.34216384165068,-2.17560363381582,-0.391801294100533,0.0852021737480202,-0.797830941663699,-0.876375847505406,-0.752228277361262,0.888091919517214,0.0669412368161151,0.61048847744064,0.629864704355118,0.465608946052246,0.973287615149156,-1.89960129498303,0.790932100171768,2.26624151221911,-0.103938000715194,-1.15721592059191,-1.93114040974456,-0.328650864893108,0.754206323812346,1.84913495204993,-1.59271866355639,1.88034368509637,1.32574493016438,0.63726811309632,-0.617942955692472,0.237113616949083,0.0248434330968141,0.305935870595251,-1.8087667038976,1.40532535872912,0.468875920635247,3.17691262204385,-1.69476047346775,0.97087142233957,1.45822426265086,1.67113204201064,1.6229358927602,1.57473974350975,1.52654359425931,1.47834744500886,1.43015129575842,1.38195514650798,1.33375899725753,1.28556284800709,1.23736669875664,1.1891705495062,1.14097440025576,1.09277825100531,1.04458210175487,0.996385952504426,0.94818980325398,0.899993654003536,0.85179750475309,0.803601355502648,0.755405206252206,0.755405206252206,0.755405206252206,0.755405206252206,0.755405206252206,0.755405206252206,0.755405206252206,0.755405206252206,0.755405206252206,0.755405206252206,0.755405206252206,0.755405206252206,0.755405206252206,0.755405206252206,0.755405206252206,0.755405206252206,0.755405206252206,0.755405206252206,0.755405206252206,0.755405206252206,0.755405206252206,7.22267026282608,5.31882504229182,3.81916475339112,2.68120112569658,1.8624458887808,1.32041077221636,1.01260750557585,0.896547818431879,0.929743440357027,1.06970610092389,1.27394752970503,1.49997945627309,1.70531361020062,1.84746172106021,1.88393551842449,1.77224673186602,1.46990709095742,0.934428325271218,0.123322164380086,-1.00589966214344,-1.00589966214344,-1.00589966214344,-1.00589966214344,-1.00589966214344,-1.00589966214344,-1.00589966214344,-1.00589966214344,-1.00589966214344,-1.00589966214344,-1.00589966214344,-1.00589966214344,-1.00589966214344,-1.00589966214344,-1.00589966214344,-1.00589966214344,-1.00589966214344,-1.00589966214344,-1.00589966214344,-1.00589966214344,-1.00589966214344,7.54328388269693,6.54759719891735,5.55191051513778,4.55622383135819,3.56053714757861,2.56485046379904,1.61399342816852,0.902407921704075,0.528527565800299,0.472934285282541,0.67902856477779,1.01887979000807,1.32100072975284,1.49961586142098,1.56067490447171,1.50290406613536,1.3156914374828,1.03168652265365,0.704698529030583,0.36700648692994,0.36700648692994,0.36700648692994,0.36700648692994,0.36700648692994,0.36700648692994,0.36700648692994,0.36700648692994,0.36700648692994,0.36700648692994,0.36700648692994,0.36700648692994,0.36700648692994,0.36700648692994,0.36700648692994,0.36700648692994,0.36700648692994,0.36700648692994,0.36700648692994,0.36700648692994,0.36700648692994,1,1,1,1,1,1,1,1,1,1,1,1,1,1,1,1,1,1,1,1,1,1,1,1,1,1,1,1,1,1,1,1,1,1,1,1,1,1,1,1
0.00342290462767614,1.54290006935143,-0.888873664443876,-2.3313009596079,0.0243318154457288,1.95740336532124,0.790210013929248,-0.140372856404939,-0.132413910122956,-0.278068062095601,2.03485868708323,1.41373369920381,1.14652314645011,0.387493722516147,0.128162622182444,-0.687765932971663,-1.29962656871082,-0.126448065982672,0.186558988768377,-2.1937807569718,0.127082207471451,2.81408198748696,-0.719772572235634,-0.857847683594693,0.454082236297614,1.95645622065424,1.34935370560636,0.665969363499022,-2.54195381250579,-0.171187349455339,-0.69791186732682,-1.78088832717734,-0.387666185715714,-1.5918278823928,-0.563795514451703,0.40235074984915,-2.11430220478142,-0.446842868466202,-0.82539744306917,0.903758007207466,2.66149258021211,2.40721698577109,2.15294139133008,1.89866579688906,1.64439020244805,1.39011460800704,1.13583901356602,0.881563419125008,0.627287824683993,0.373012230242979,0.118736635801966,-0.135538958639048,-0.389814553080065,-0.644090147521078,-0.898365741962092,-1.15264133640311,-1.40691693084412,-1.66119252528513,-1.91546811972615,-2.16974371416716,-2.16974371416716,-2.16974371416716,-2.16974371416716,-2.16974371416716,-2.16974371416716,-2.16974371416716,-2.16974371416716,-2.16974371416716,-2.16974371416716,-2.16974371416716,-2.16974371416716,-2.16974371416716,-2.16974371416716,-2.16974371416716,-2.16974371416716,-2.16974371416716,-2.16974371416716,-2.16974371416716,-2.16974371416716,-2.16974371416716,11.5597164838335,8.9781034254467,6.79147641215254,4.96709260735473,3.47220917445696,2.27408327686297,1.33997207797646,0.637132741201157,0.132822429940751,-0.205701692401018,-0.411182462420451,-0.516362716713843,-0.553985291877439,-0.556793024507583,-0.557528751200499,-0.588935308552527,-0.683755533159946,-0.874732261618981,-1.19460833052604,-1.67612657647726,-1.67612657647726,-1.67612657647726,-1.67612657647726,-1.67612657647726,-1.67612657647726,-1.67612657647726,-1.67612657647726,-1.67612657647726,-1.67612657647726,-1.67612657647726,-1.67612657647726,-1.67612657647726,-1.67612657647726,-1.67612657647726,-1.67612657647726,-1.67612657647726,-1.67612657647726,-1.67612657647726,-1.67612657647726,-1.67612657647726,1.35424685757598,1.25274249872317,1.15123813987039,1.0497337810176,0.948229422164796,0.846725063312007,0.746667880995203,0.654060972477547,0.569657135584219,0.483746996884548,0.375122832292005,0.219440315164189,0.00821740505535118,-0.250732106639878,-0.552330571629467,-0.889582781489809,-1.23645162658932,-1.57025902820561,-1.90020587594914,-2.24082807017039,-2.24082807017039,-2.24082807017039,-2.24082807017039,-2.24082807017039,-2.24082807017039,-2.24082807017039,-2.24082807017039,-2.24082807017039,-2.24082807017039,-2.24082807017039,-2.24082807017039,-2.24082807017039,-2.24082807017039,-2.24082807017039,-2.24082807017039,-2.24082807017039,-2.24082807017039,-2.24082807017039,-2.24082807017039,-2.24082807017039,1,1,1,1,1,1,1,1,1,1,1,1,1,1,1,1,1,1,1,1,1,1,1,1,1,1,1,1,1,1,1,1,1,1,1,1,1,1,1,1
2.53101575145101,-1.54662639139227,-1.41174516296483,0.142767778420608,0.643818600499727,0.472263593527376,0.849656630324146,0.351716950380899,-0.852184360543395,-2.49418344169874,0.434412178281194,0.526421422206466,2.5741977975792,0.090965435552306,0.500311901687786,0.635031029903814,-0.820684409727551,0.411620814241251,-2.31831467479419,-0.589831701832193,0.385235896203975,-0.581862045841989,1.09341739798702,0.580655436220219,2.16561752788289,2.66714465849047,0.907140469624393,-1.22141637799536,-0.556574731113427,0.409060664686059,-0.0100171382911451,-2.89890392803123,-0.26987611863596,-1.25443277975691,0.0408997808468996,-0.149469316199193,-1.12823201769315,-1.91316580034108,-1.64058120621683,3.23664843347036,-2.09241637500463,-1.94166860821151,-1.79092084141838,-1.64017307462525,-1.48942530783213,-1.338677541039,-1.18792977424588,-1.03718200745275,-0.886434240659627,-0.735686473866503,-0.584938707073377,-0.434190940280249,-0.283443173487125,-0.132695406693994,0.0180523600991283,0.168800126892254,0.319547893685383,0.470295660478506,0.621043427271633,0.771791194064759,0.771791194064759,0.771791194064759,0.771791194064759,0.771791194064759,0.771791194064759,0.771791194064759,0.771791194064759,0.771791194064759,0.771791194064759,0.771791194064759,0.771791194064759,0.771791194064759,0.771791194064759,0.771791194064759,0.771791194064759,0.771791194064759,0.771791194064759,0.771791194064759,0.771791194064759,0.771791194064759,-15.0655750395231,-12.4210681839092,-10.0247639074841,-7.87132041046104,-5.95539589305313,-4.27164855547359,-2.81473659793558,-1.57931822065228,-0.560051623836863,0.248404992297489,0.851393427537598,1.2542554816703,1.46233295448241,1.48096764576075,1.31550135529215,0.971275882863425,0.453633028261404,-0.232085408727075,-1.0805376283152,-2.08638183071616,-2.08638183071616,-2.08638183071616,-2.08638183071616,-2.08638183071616,-2.08638183071616,-2.08638183071616,-2.08638183071616,-2.08638183071616,-2.08638183071616,-2.08638183071616,-2.08638183071616,-2.08638183071616,-2.08638183071616,-2.08638183071616,-2.08638183071616,-2.08638183071616,-2.08638183071616,-2.08638183071616,-2.08638183071616,-2.08638183071616,-4.59024744957462,-4.13192435864985,-3.6736012677251,-3.21527817680033,-2.75695508587557,-2.29863199495081,-1.84702443933213,-1.42748313126164,-1.03268710199769,-0.62589566222751,-0.191721423886227,0.240207921422725,0.612431018943917,0.861159277440221,0.930922448690421,0.798749286225544,0.499757466214252,0.118317722040167,-0.26507720204622,-0.624817096245,-0.624817096245,-0.624817096245,-0.624817096245,-0.624817096245,-0.624817096245,-0.624817096245,-0.624817096245,-0.624817096245,-0.624817096245,-0.624817096245,-0.624817096245,-0.624817096245,-0.624817096245,-0.624817096245,-0.624817096245,-0.624817096245,-0.624817096245,-0.624817096245,-0.624817096245,-0.624817096245,1,1,1,1,1,1,1,1,1,1,1,1,1,1,1,1,1,1,1,1,1,1,1,1,1,1,1,1,1,1,1,1,1,1,1,1,1,1,1,1
0.699799059105459,1.54094034704386,0.790803320132037,-0.257415473670902,0.0860482849788511,-0.835979700019822,1.52980341957862,1.97943765458002,-2.06118482966039,-3.08561174069161,0.692724942245821,-0.72441009810303,0.102393514556478,-0.195253566452779,0.58020852775843,2.49157010720806,0.262981960113681,0.115660203720628,0.733559993938222,-2.11720692295894,-1.80506537958665,0.0634942491353101,-0.640773413477328,-0.728368447894198,-1.21862379778034,2.33779826027937,2.60170344576665,0.608109252102601,-1.18865421804204,-3.8056278424307,0.467683288142755,-2.67093568287034,-0.579105732529067,0.256891656103694,3.03245158625126,-2.70581628011553,-4.58900907486357,-0.0904961245060676,0.378436779407071,0.296206802204983,-2.11155098444984,-2.04468172406876,-1.97781246368768,-1.9109432033066,-1.84407394292552,-1.77720468254444,-1.71033542216337,-1.64346616178229,-1.57659690140121,-1.50972764102013,-1.44285838063905,-1.37598912025797,-1.30911985987689,-1.24225059949581,-1.17538133911473,-1.10851207873366,-1.04164281835258,-0.974773557971497,-0.907904297590418,-0.841035037209339,-0.841035037209339,-0.841035037209339,-0.841035037209339,-0.841035037209339,-0.841035037209339,-0.841035037209339,-0.841035037209339,-0.841035037209339,-0.841035037209339,-0.841035037209339,-0.841035037209339,-0.841035037209339,-0.841035037209339,-0.841035037209339,-0.841035037209339,-0.841035037209339,-0.841035037209339,-0.841035037209339,-0.841035037209339,-0.841035037209339,3.69245641644247,2.41573102086268,1.330015634023,0.422854087307123,-0.318209787901258,-0.905632160218456,-1.35186919826078,-1.66937707064453,-1.87061194598603,-1.96802999290158,-1.97408738000748,-1.90124027592005,-1.76194484925561,-1.56865726863045,-1.33383370266088,-1.06993031996322,-0.789403289153773,-0.504708778848853,-0.228302957664749,0.0273580057821956,0.0273580057821956,0.0273580057821956,0.0273580057821956,0.0273580057821956,0.0273580057821956,0.0273580057821956,0.0273580057821956,0.0273580057821956,0.0273580057821956,0.0273580057821956,0.0273580057821956,0.0273580057821956,0.0273580057821956,0.0273580057821956,0.0273580057821956,0.0273580057821956,0.0273580057821956,0.0273580057821956,0.0273580057821956,0.0273580057821956,-0.704954955607106,-0.820215201323096,-0.935475447039088,-1.05073569275508,-1.16599593847107,-1.28125618418706,-1.39795574788955,-1.52118858480327,-1.64670414380984,-1.75707935925131,-1.82599000197366,-1.82747499340651,-1.75022454993876,-1.60024693847096,-1.38702056503714,-1.11891115014238,-0.813153820354525,-0.492366778118869,-0.168518305284275,0.156936143830482,0.156936143830482,0.156936143830482,0.156936143830482,0.156936143830482,0.156936143830482,0.156936143830482,0.156936143830482,0.156936143830482,0.156936143830482,0.156936143830482,0.156936143830482,0.156936143830482,0.156936143830482,0.156936143830482,0.156936143830482,0.156936143830482,0.156936143830482,0.156936143830482,0.156936143830482,0.156936143830482,1,1,1,1,1,1,1,1,1,1,1,1,1,1,1,1,1,1,1,1,1,1,1,1,1,1,1,1,1,1,1,1,1,1,1,1,1,1,1,1
-2.08160321323153,-0.415563013913554,-0.123923990650441,0.621823075316059,-1.2696498362102,-0.398049178048289,2.59989376731757,0.429123742551011,-0.245110806419454,-0.0626027654174273,-0.167566252914455,1.83300502248973,0.815072706946255,-1.1645476450841,3.05834835948843,-1.06327633251508,-2.20350774535529,2.97154591264069,-1.65083816060425,-1.92454807422339,2.23384044317549,0.849751306231841,0.211770021876543,-0.416956318797846,-1.57464154632164,-0.619003710769094,0.865160915338002,-0.858937030310162,0.63005367221292,1.12691426511912,0.128438394566642,0.293527755695003,-0.86729326186682,0.606539178297909,-0.582426596680291,-1.38071880914789,2.41639352494642,0.3127648112493,-0.5474099967399,-1.60864495499437,0.714183310864712,0.667521760742047,0.620860210619378,0.574198660496712,0.527537110374046,0.480875560251377,0.434214010128712,0.387552460006045,0.340890909883379,0.294229359760712,0.247567809638046,0.200906259515376,0.15424470939271,0.107583159270044,0.0609216091473801,0.0142600590247106,-0.0324014910979571,-0.0790630412206212,-0.125724591343291,-0.172386141465955,-0.172386141465955,-0.172386141465955,-0.172386141465955,-0.172386141465955,-0.172386141465955,-0.172386141465955,-0.172386141465955,-0.172386141465955,-0.172386141465955,-0.172386141465955,-0.172386141465955,-0.172386141465955,-0.172386141465955,-0.172386141465955,-0.172386141465955,-0.172386141465955,-0.172386141465955,-0.172386141465955,-0.172386141465955,-0.172386141465955,0.741765619073982,0.337797922018479,0.0666977009903227,-0.0891525750382852,-0.147370437095141,-0.125573416208047,-0.0413790434048362,0.0875951502867114,0.243731633838809,0.409412876223611,0.567021346413346,0.698939513380223,0.787549846096377,0.815234813534051,0.764376884665435,0.61735852846272,0.356562213898085,-0.0356295900562404,-0.576834414428035,-1.28466979024519,-1.28466979024519,-1.28466979024519,-1.28466979024519,-1.28466979024519,-1.28466979024519,-1.28466979024519,-1.28466979024519,-1.28466979024519,-1.28466979024519,-1.28466979024519,-1.28466979024519,-1.28466979024519,-1.28466979024519,-1.28466979024519,-1.28466979024519,-1.28466979024519,-1.28466979024519,-1.28466979024519,-1.28466979024519,-1.28466979024519,2.85400197206209,2.42805983351457,2.00211769496704,1.57617555641952,1.15023341787199,0.724291279324465,0.316803337109532,0.0115195113948872,-0.132633726977513,-0.106040994513696,0.0701376112345233,0.346286940603026,0.65551009402885,0.909919011494367,0.984286400100514,0.785066140237674,0.358584941202386,-0.150523993816964,-0.648692258686875,-1.13030953566935,-1.13030953566935,-1.13030953566935,-1.13030953566935,-1.13030953566935,-1.13030953566935,-1.13030953566935,-1.13030953566935,-1.13030953566935,-1.13030953566935,-1.13030953566935,-1.13030953566935,-1.13030953566935,-1.13030953566935,-1.13030953566935,-1.13030953566935,-1.13030953566935,-1.13030953566935,-1.13030953566935,-1.13030953566935,-1.13030953566935,1,1,1,1,1,1,1,1,1,1,1,1,1,1,1,1,1,1,1,1,1,1,1,1,1,1,1,1,1,1,1,1,1,1,1,1,1,1,1,1
-2.86415343479872,0.93198781997337,0.217907566499346,0.116743115929383,0.274472721438665,0.940884670267502,0.790326718877907,1.21011993065354,0.581707976053778,0.00692197249615134,1.41408012535401,-1.6219513155454,0.748579713433003,0.300445563269996,-0.546288548086808,1.02644837231828,0.930744556715256,0.587332243749582,-1.59180294345833,-2.27291438112256,1.21509891698855,-1.37304279864217,-0.745701784341549,1.76427901444615,0.320325672943156,-0.476748154880642,-0.926564834427724,3.42266751545801,1.46218736123048,0.937712753668691,2.53307196535637,1.1714437166003,-0.785359567848472,-0.869034020143802,-2.11972523712542,0.915742684112631,2.07604995749114,1.14621235834665,1.35220695783351,-2.08381108842338,3.68810748814098,3.55542276670148,3.42273804526198,3.29005332382248,3.15736860238298,3.02468388094348,2.89199915950398,2.75931443806448,2.62662971662498,2.49394499518548,2.36126027374598,2.22857555230648,2.09589083086697,1.96320610942747,1.83052138798797,1.69783666654847,1.56515194510897,1.43246722366947,1.29978250222997,1.16709778079047,1.16709778079047,1.16709778079047,1.16709778079047,1.16709778079047,1.16709778079047,1.16709778079047,1.16709778079047,1.16709778079047,1.16709778079047,1.16709778079047,1.16709778079047,1.16709778079047,1.16709778079047,1.16709778079047,1.16709778079047,1.16709778079047,1.16709778079047,1.16709778079047,1.16709778079047,1.16709778079047,-28.5816650482508,-19.6614363129421,-12.4271252039812,-6.72173157737687,-2.38825528913781,0.730303804727225,2.79094584820945,3.95067098530015,4.36647935999057,4.1953711162719,3.59434639813549,2.72040534957251,1.73054811457425,0.781774837131865,0.0310856612367942,-0.36451926911989,-0.248039809946841,0.53752418274717,2.1491728529533,4.74390634466295,4.74390634466295,4.74390634466295,4.74390634466295,4.74390634466295,4.74390634466295,4.74390634466295,4.74390634466295,4.74390634466295,4.74390634466295,4.74390634466295,4.74390634466295,4.74390634466295,4.74390634466295,4.74390634466295,4.74390634466295,4.74390634466295,4.74390634466295,4.74390634466295,4.74390634466295,4.74390634466295,-20.8346466539125,-16.7295720314935,-12.6244974090745,-8.51942278665546,-4.41434816423643,-0.309273541817388,3.54002862633374,5.9924471939099,6.37594126484802,4.93479918676386,2.48168553229575,0.134313048325476,-1.17223540283105,-1.21496110849476,-0.348168800608908,0.924314012616392,2.06329519787532,2.66320507429021,2.74994106498009,2.62300214014508,2.62300214014508,2.62300214014508,2.62300214014508,2.62300214014508,2.62300214014508,2.62300214014508,2.62300214014508,2.62300214014508,2.62300214014508,2.62300214014508,2.62300214014508,2.62300214014508,2.62300214014508,2.62300214014508,2.62300214014508,2.62300214014508,2.62300214014508,2.62300214014508,2.62300214014508,2.62300214014508,1,1,1,1,1,1,1,1,1,1,1,1,1,1,1,1,1,1,1,1,1,1,1,1,1,1,1,1,1,1,1,1,1,1,1,1,1,1,1,1
-0.895247638677469,0.0130846633114809,-1.14505667301686,0.928282926593811,-0.0136243458875462,0.130980066465353,-0.874741415332027,1.8670980085313,-1.25489483514208,-1.75145762498396,-0.551294900972112,-1.34332853616177,0.543650178590578,-0.791431097430545,-2.14232368257544,0.561988498470846,0.763555436968693,-1.85959570162697,0.0550518239660622,-1.09046689694974,0.056114206684919,-1.8609077055393,-0.356824843910676,-1.91826878107513,-0.922813177809974,-0.495484707509954,-0.0227385148003947,0.0848053932706954,-0.219241394322584,0.0143113451243124,1.19664629308603,-2.18889541528286,0.727177459121478,-1.11341707005124,1.8856730645847,-1.44289708210641,2.06342606831722,0.855155329131048,-0.630741728010122,-0.165204920251304,-0.380485122431377,-0.362889691071355,-0.345294259711331,-0.327698828351307,-0.310103396991284,-0.292507965631261,-0.274912534271236,-0.257317102911214,-0.239721671551189,-0.222126240191168,-0.204530808831143,-0.186935377471119,-0.169339946111096,-0.151744514751071,-0.134149083391048,-0.116553652031024,-0.0989582206710011,-0.0813627893109778,-0.0637673579509563,-0.0461719265909331,-0.0461719265909331,-0.0461719265909331,-0.0461719265909331,-0.0461719265909331,-0.0461719265909331,-0.0461719265909331,-0.0461719265909331,-0.0461719265909331,-0.0461719265909331,-0.0461719265909331,-0.0461719265909331,-0.0461719265909331,-0.0461719265909331,-0.0461719265909331,-0.0461719265909331,-0.0461719265909331,-0.0461719265909331,-0.0461719265909331,-0.0461719265909331,-0.0461719265909331,-19.2290730658389,-14.1260479561539,-9.93647882449636,-6.57752446825741,-3.96634368482805,-2.02009527159932,-0.655938025962262,0.208969254692093,0.657467772972689,0.772398731488504,0.636603332848466,0.332922779661565,-0.0558017254632404,-0.446728979917017,-0.757017781090779,-0.903826926375585,-0.804315213162473,-0.375641438842475,0.465035599193394,1.80055710355404,1.80055710355404,1.80055710355404,1.80055710355404,1.80055710355404,1.80055710355404,1.80055710355404,1.80055710355404,1.80055710355404,1.80055710355404,1.80055710355404,1.80055710355404,1.80055710355404,1.80055710355404,1.80055710355404,1.80055710355404,1.80055710355404,1.80055710355404,1.80055710355404,1.80055710355404,1.80055710355404,-4.96955962892937,-4.25673179734113,-3.5439039657529,-2.83107613416466,-2.11824830257643,-1.4054204709882,-0.716599298899086,-0.16357421298437,0.170395258448426,0.298571219362312,0.290995815856411,0.210856559926473,0.0957281875145721,-0.0309624462540565,-0.156217552332038,-0.27079720011209,-0.344618656769025,-0.322665828167967,-0.173103582731931,0.0649060925613245,0.0649060925613245,0.0649060925613245,0.0649060925613245,0.0649060925613245,0.0649060925613245,0.0649060925613245,0.0649060925613245,0.0649060925613245,0.0649060925613245,0.0649060925613245,0.0649060925613245,0.0649060925613245,0.0649060925613245,0.0649060925613245,0.0649060925613245,0.0649060925613245,0.0649060925613245,0.0649060925613245,0.0649060925613245,0.0649060925613245,1,1,1,1,1,1,1,1,1,1,1,1,1,1,1,1,1,1,1,1,1,1,1,1,1,1,1,1,1,1,1,1,1,1,1,1,1,1,1,1
-3.22388498497156,-1.98180240394461,1.70717959370196,0.101941665709027,-2.59834623346289,2.44758135852423,-0.947942684688496,-1.88762625790819,0.907856685070403,0.494943504053628,-1.30447183471709,0.180833840046615,-1.35633835654696,-1.22252133712969,-0.446795469777173,0.738532066064929,-0.792822060173362,0.097247573604367,1.42905504042193,0.672435596088658,0.0640190757759314,-0.533540038317248,0.00912853350557263,0.0524388108416947,-0.499616838273992,-0.21720405713406,3.30917890978509,0.729634765011859,0.115762102980955,0.516918622903058,2.25924469895993,0.237032662576365,0.0880042003283723,1.04843740330574,2.03266216457189,1.3711225503232,0.673402681067243,-0.460468081213509,-1.26099342556972,2.5437807714155,-3.32794519297554,-3.11277294610683,-2.89760069923811,-2.6824284523694,-2.46725620550069,-2.25208395863197,-2.03691171176326,-1.82173946489454,-1.60656721802583,-1.39139497115712,-1.1762227242884,-0.961050477419686,-0.745878230550971,-0.530705983682259,-0.315533736813544,-0.100361489944829,0.114810756923884,0.3299830037926,0.545155250661312,0.760327497530024,0.760327497530024,0.760327497530024,0.760327497530024,0.760327497530024,0.760327497530024,0.760327497530024,0.760327497530024,0.760327497530024,0.760327497530024,0.760327497530024,0.760327497530024,0.760327497530024,0.760327497530024,0.760327497530024,0.760327497530024,0.760327497530024,0.760327497530024,0.760327497530024,0.760327497530024,0.760327497530024,-3.70969909934357,-2.67733845765363,-1.93214661412006,-1.43611652579084,-1.15124114971398,-1.03951344293749,-1.06292636250935,-1.18347286547757,-1.36314590889016,-1.56393844979512,-1.74784344524041,-1.8768538522741,-1.91296262794413,-1.81816272929854,-1.55444711338532,-1.08380873725244,-0.368240557947917,0.630264467480149,1.94971338198394,3.62811322851535,3.62811322851535,3.62811322851535,3.62811322851535,3.62811322851535,3.62811322851535,3.62811322851535,3.62811322851535,3.62811322851535,3.62811322851535,3.62811322851535,3.62811322851535,3.62811322851535,3.62811322851535,3.62811322851535,3.62811322851535,3.62811322851535,3.62811322851535,3.62811322851535,3.62811322851535,3.62811322851535,-5.3224855517418,-4.71541066918486,-4.10833578662835,-3.5012609040717,-2.89418602151496,-2.28711113895823,-1.63738153144667,-0.859356460097754,-0.388302117195206,-0.815606748962884,-1.8506829587182,-2.35095869761225,-1.79245486472083,-0.919623835782343,-0.556459350496691,-0.720816625249567,-1.00677442034861,-0.727104015113017,1.01467803425911,4.18437253425742,4.18437253425742,4.18437253425742,4.18437253425742,4.18437253425742,4.18437253425742,4.18437253425742,4.18437253425742,4.18437253425742,4.18437253425742,4.18437253425742,4.18437253425742,4.18437253425742,4.18437253425742,4.18437253425742,4.18437253425742,4.18437253425742,4.18437253425742,4.18437253425742,4.18437253425742,4.18437253425742,1,1,1,1,1,1,1,1,1,1,1,1,1,1,1,1,1,1,1,1,1,1,1,1,1,1,1,1,1,1,1,1,1,1,1,1,1,1,1,1
2.75862945931548,2.07257838237499,-1.16744452138644,-3.23610883621982,0.732352520902928,1.46165939153685,-1.68332212185565,0.141174658488424,1.33446248093461,1.26914310141193,-1.13554067457625,-0.176738325422235,-0.639375704188723,-0.993592770307357,-1.45896027911994,-0.579110085271175,-2.09124795419816,-0.982210455390019,-0.0481801233991082,-1.48701567414026,-0.200970637772459,-0.613359425342258,2.1672293691688,1.83046131767016,-0.388899906419617,-1.37453493752138,-0.797778738829363,-0.657872325385059,0.599849772524722,1.06202806622174,-0.845218848319224,1.4354458193079,-0.0641673515775345,0.389244506047845,-0.0288159753085893,-0.48815869279716,1.48008181714345,1.24943868260888,-0.683702260320441,-1.00746695368181,4.46969952957275,4.104225889994,3.73875225041524,3.37327861083648,3.00780497125772,2.64233133167897,2.27685769210021,1.91138405252145,1.54591041294269,1.18043677336393,0.814963133785172,0.449489494206414,0.0840158546276566,-0.281457784951101,-0.646931424529859,-1.01240506410862,-1.37787870368738,-1.74335234326614,-2.10882598284489,-2.47429962242365,-2.47429962242365,-2.47429962242365,-2.47429962242365,-2.47429962242365,-2.47429962242365,-2.47429962242365,-2.47429962242365,-2.47429962242365,-2.47429962242365,-2.47429962242365,-2.47429962242365,-2.47429962242365,-2.47429962242365,-2.47429962242365,-2.47429962242365,-2.47429962242365,-2.47429962242365,-2.47429962242365,-2.47429962242365,-2.47429962242365,8.96266114587275,6.62187501820432,4.77539999098043,3.36778572114463,2.34358186564047,1.64733808141147,1.2236040254012,1.01692935455317,0.971863725810962,1.03295679611809,1.14475822241811,1.25181766165456,1.29868477077098,1.22990920671092,0.99004062641793,0.523628686835528,-0.224776955092713,-1.31062664242326,-2.7893707182126,-4.71645952551714,-4.71645952551714,-4.71645952551714,-4.71645952551714,-4.71645952551714,-4.71645952551714,-4.71645952551714,-4.71645952551714,-4.71645952551714,-4.71645952551714,-4.71645952551714,-4.71645952551714,-4.71645952551714,-4.71645952551714,-4.71645952551714,-4.71645952551714,-4.71645952551714,-4.71645952551714,-4.71645952551714,-4.71645952551714,-4.71645952551714,-1.30577221983679,-0.808250813804491,-0.310729407772134,0.186791998260206,0.684313404292534,1.18183481032489,1.65642047244106,1.97721572575297,1.95915708644992,1.57803107265194,1.01327586743798,0.467172980904428,0.106377921136803,0.050847386055862,0.195320790224214,0.204302369115426,-0.171019612040546,-0.957165185250295,-2.10663091254993,-3.50140834987485,-3.50140834987485,-3.50140834987485,-3.50140834987485,-3.50140834987485,-3.50140834987485,-3.50140834987485,-3.50140834987485,-3.50140834987485,-3.50140834987485,-3.50140834987485,-3.50140834987485,-3.50140834987485,-3.50140834987485,-3.50140834987485,-3.50140834987485,-3.50140834987485,-3.50140834987485,-3.50140834987485,-3.50140834987485,-3.50140834987485,1,1,1,1,1,1,1,1,1,1,1,1,1,1,1,1,1,1,1,0,0,0,0,0,0,0,0,0,0,0,0,0,0,0,0,0,0,0,0,0
-1.05046307139507,-0.474618626138002,-0.165027945669546,0.64436697235909,-0.297680569076652,0.525259194092622,-1.06576595866661,0.684016953131907,-1.30113160795097,-0.76362854853703,0.818813666916856,2.66741466610449,-0.828242600868869,0.760558331629827,-2.36380668162982,-0.18204262838821,-3.60644649213243,1.67699302460368,-1.15922329910118,-0.749133599452238,2.93329848305557,-0.295658214979804,0.455047502067133,1.47458694113125,-1.75162640370887,-1.0780762734015,-2.29258993859142,1.60941452663043,-1.3305288721324,2.24450806019559,-0.660802179361781,-1.45939391985124,2.75740503283768,-0.491827325431744,1.51058635415973,2.74929900281459,1.6000335814864,0.968417371372267,-1.29465888012392,-1.77254473392665,1.39601386161367,1.19697154585068,0.997929230087692,0.798886914324706,0.599844598561716,0.400802282798731,0.201759967035745,0.00271765127276069,-0.196324664490227,-0.395366980253215,-0.594409296016202,-0.79345161177919,-0.992493927542176,-1.19153624330516,-1.39057855906815,-1.58962087483114,-1.78866319059412,-1.98770550635711,-2.18674782212009,-2.38579013788308,-2.38579013788308,-2.38579013788308,-2.38579013788308,-2.38579013788308,-2.38579013788308,-2.38579013788308,-2.38579013788308,-2.38579013788308,-2.38579013788308,-2.38579013788308,-2.38579013788308,-2.38579013788308,-2.38579013788308,-2.38579013788308,-2.38579013788308,-2.38579013788308,-2.38579013788308,-2.38579013788308,-2.38579013788308,-2.38579013788308,-5.59907451014556,-3.98273205092917,-2.67385261518444,-1.6466268411542,-0.875245367081277,-0.333898831208499,0.00322212822130652,0.161926872965317,0.168024764780705,0.0473251654246436,-0.174362563345698,-0.47122905977314,-0.817464962100509,-1.18726090857063,-1.55480753742634,-1.89429548691046,-2.17991539526581,-2.38585790073521,-2.48631364156151,-2.45547325598752,-2.45547325598752,-2.45547325598752,-2.45547325598752,-2.45547325598752,-2.45547325598752,-2.45547325598752,-2.45547325598752,-2.45547325598752,-2.45547325598752,-2.45547325598752,-2.45547325598752,-2.45547325598752,-2.45547325598752,-2.45547325598752,-2.45547325598752,-2.45547325598752,-2.45547325598752,-2.45547325598752,-2.45547325598752,-2.45547325598752,-0.15052452845748,-0.156815909288077,-0.163107290118674,-0.169398670949271,-0.175690051779867,-0.181981432610462,-0.185534582334379,-0.174872206381716,-0.148070929798264,-0.122007479428447,-0.129723844860758,-0.2105221430405,-0.392475381658478,-0.681222976269277,-1.06442112892108,-1.51823138603181,-2.01187152194541,-2.52169411307032,-3.04149520366372,-3.57010111681016,-3.57010111681016,-3.57010111681016,-3.57010111681016,-3.57010111681016,-3.57010111681016,-3.57010111681016,-3.57010111681016,-3.57010111681016,-3.57010111681016,-3.57010111681016,-3.57010111681016,-3.57010111681016,-3.57010111681016,-3.57010111681016,-3.57010111681016,-3.57010111681016,-3.57010111681016,-3.57010111681016,-3.57010111681016,-3.57010111681016,1,1,1,1,1,1,1,1,1,1,1,1,1,1,1,1,1,1,1,1,1,1,1,1,1,1,1,1,1,1,1,1,1,1,1,1,1,1,1,1
1.19601575981065,-2.24743358184921,2.25549887154547,0.745438816566865,-1.10584484911762,0.267131854261654,-0.389982279662894,0.9997694169206,0.559251289433893,-0.44580385283656,-0.754332953119761,-0.870696536140404,-0.56888616549451,1.36591305211937,-1.82213271222256,0.948591627636336,0.283701243413297,-1.60389096475622,-2.6763104626656,2.01183351959501,1.77888220670297,-0.643112300123979,1.4612244485246,-2.03822589462451,-0.198187810735094,3.30449747264521,-0.918855481154575,-0.804960073949671,1.51179337790525,-0.010512246288231,-1.71513501896399,-0.957638830280608,0.771332083495265,-0.325254486272053,1.59569883636087,1.01249340066657,0.779609664254316,0.887178223032695,-2.36296604665658,-3.60916273541546,-0.990591025548436,-0.947906750373568,-0.905222475198697,-0.862538200023827,-0.819853924848958,-0.777169649674086,-0.734485374499217,-0.691801099324346,-0.649116824149477,-0.606432548974606,-0.563748273799735,-0.52106399862487,-0.478379723449997,-0.43569544827513,-0.393011173100259,-0.350326897925386,-0.307642622750516,-0.264958347575648,-0.222274072400777,-0.179589797225907,-0.179589797225907,-0.179589797225907,-0.179589797225907,-0.179589797225907,-0.179589797225907,-0.179589797225907,-0.179589797225907,-0.179589797225907,-0.179589797225907,-0.179589797225907,-0.179589797225907,-0.179589797225907,-0.179589797225907,-0.179589797225907,-0.179589797225907,-0.179589797225907,-0.179589797225907,-0.179589797225907,-0.179589797225907,-0.179589797225907,-10.6268306710293,-8.17712000176755,-6.12612066988438,-4.44037978339105,-3.08644445029885,-2.03086177861903,-1.24017887636287,-0.680942851541642,-0.319700812166628,-0.122999866249083,-0.0573871218002822,-0.0894096868314982,-0.185614669354017,-0.31254917737909,-0.436760318917988,-0.524795201982002,-0.5432009345824,-0.458524624730428,-0.237313380437385,0.153885690285451,0.153885690285451,0.153885690285451,0.153885690285451,0.153885690285451,0.153885690285451,0.153885690285451,0.153885690285451,0.153885690285451,0.153885690285451,0.153885690285451,0.153885690285451,0.153885690285451,0.153885690285451,0.153885690285451,0.153885690285451,0.153885690285451,0.153885690285451,0.153885690285451,0.153885690285451,0.153885690285451,-0.718065863701798,-0.844170941869378,-0.970276020036982,-1.09638109820457,-1.22248617637216,-1.34859125453975,-1.4483322812241,-1.4014002788437,-1.13570330389077,-0.714377040744388,-0.251520742237249,0.196423123420482,0.587258489507395,0.816217951053348,0.787000250566443,0.505336790624117,0.0348190108746742,-0.571231266891331,-1.25858523703923,-1.97223646367193,-1.97223646367193,-1.97223646367193,-1.97223646367193,-1.97223646367193,-1.97223646367193,-1.97223646367193,-1.97223646367193,-1.97223646367193,-1.97223646367193,-1.97223646367193,-1.97223646367193,-1.97223646367193,-1.97223646367193,-1.97223646367193,-1.97223646367193,-1.97223646367193,-1.97223646367193,-1.97223646367193,-1.97223646367193,-1.97223646367193,1,1,1,1,1,1,1,1,1,1,1,1,1,1,1,1,1,1,1,1,1,1,1,1,1,1,1,1,1,1,1,1,1,1,1,1,1,1,1,1
-2.08938931316828,-1.13260672327183,2.00532585042149,-0.0550408264612301,0.20847366599908,-2.23163351281194,-1.42160079912925,-0.755421276384622,0.297674451913524,-0.0832031539364202,3.77866997957309,-0.724494649254796,0.00801061663754155,-1.37327670412779,3.54333092930376,2.75980650252345,-1.36423700739024,1.59588142063155,1.70768703057625,1.05077543295428,-0.15836865768512,-1.01875398145891,-0.827460389100249,0.900510517755659,-0.630803215698821,-1.80825792520166,-0.670742318039226,-0.0973350354950409,-0.386135585877591,-0.487484985630747,-0.984669476292941,-1.06950890547336,0.744575582683291,-1.52556116226591,0.80319050655546,0.540266555178418,-0.638732030645601,1.38525008637357,0.713080652534767,0.0379799819294764,-1.28742009944339,-0.886886128610387,-0.486352157777384,-0.0858181869443788,0.314715783888625,0.715249754721629,1.11578372555463,1.51631769638764,1.91685166722064,2.31738563805365,2.71791960888665,3.11845357971966,3.51898755055266,3.91952152138566,4.32005549221867,4.72058946305167,5.12112343388468,5.52165740471768,5.92219137555069,6.32272534638369,6.32272534638369,6.32272534638369,6.32272534638369,6.32272534638369,6.32272534638369,6.32272534638369,6.32272534638369,6.32272534638369,6.32272534638369,6.32272534638369,6.32272534638369,6.32272534638369,6.32272534638369,6.32272534638369,6.32272534638369,6.32272534638369,6.32272534638369,6.32272534638369,6.32272534638369,6.32272534638369,-25.167020361948,-18.4928782946113,-12.9061694687344,-8.31221832955147,-4.61634932229678,-1.72388689220448,0.459844515491234,2.02952045555612,3.07981648275605,3.70540815185682,4.00097101762421,4.06118063482405,3.98071255822209,3.85424234258422,3.77644554267621,3.84199771326382,4.1455744091129,4.78185118498927,5.8455035956588,7.43120719588708,7.43120719588708,7.43120719588708,7.43120719588708,7.43120719588708,7.43120719588708,7.43120719588708,7.43120719588708,7.43120719588708,7.43120719588708,7.43120719588708,7.43120719588708,7.43120719588708,7.43120719588708,7.43120719588708,7.43120719588708,7.43120719588708,7.43120719588708,7.43120719588708,7.43120719588708,7.43120719588708,-10.0322146250443,-8.33498563867268,-6.637756652301,-4.94052766592933,-3.2432986795577,-1.54606969318604,0.130265771654972,1.66543537534036,2.87156996585976,3.6375763095292,3.9874161197647,4.04315712919453,4.02891640305519,4.14502607357307,4.34018351922321,4.45151221047202,4.56262696557903,4.8784577414482,5.3513521850311,5.81365156331301,5.81365156331301,5.81365156331301,5.81365156331301,5.81365156331301,5.81365156331301,5.81365156331301,5.81365156331301,5.81365156331301,5.81365156331301,5.81365156331301,5.81365156331301,5.81365156331301,5.81365156331301,5.81365156331301,5.81365156331301,5.81365156331301,5.81365156331301,5.81365156331301,5.81365156331301,5.81365156331301,1,1,1,1,1,1,1,1,1,1,1,1,1,1,0,0,1,1,1,1,1,1,1,1,1,1,1,1,1,1,1,1,1,1,1,1,1,1,1,1
0.27172462474248,1.70197572424767,0.903516944910089,-0.924356716759147,-2.98199074621299,2.27192393932273,-1.23182718002298,0.0412126836361875,-1.19114474092476,-1.79464848652353,3.94993608527401,0.523284577997719,-1.08853547257407,-1.93885858054592,0.17659682697397,1.34838110097975,1.6505089882434,0.9200739809997,-0.180473253473032,-0.747170841018091,2.9205555232312,0.320355996474881,1.47303398023541,1.91336535762668,-2.60993472338582,0.164132134930664,0.145606452741394,-1.9916046397083,-1.18107270619243,0.108103436429671,0.360738702380479,-0.733507408960634,1.0916807471473,-0.764492837606506,1.50128866414524,-1.3145030648111,-0.894026729347861,0.886083832320139,-1.07553508355696,-1.88685915038073,4.87598924391057,4.55349471934731,4.23100019478406,3.9085056702208,3.58601114565755,3.26351662109429,2.94102209653104,2.61852757196778,2.29603304740453,1.97353852284127,1.65104399827801,1.32854947371476,1.0060549491515,0.683560424588251,0.361065900024993,0.0385713754617409,-0.283923149101518,-0.606417673664771,-0.928912198228026,-1.25140672279128,-1.25140672279128,-1.25140672279128,-1.25140672279128,-1.25140672279128,-1.25140672279128,-1.25140672279128,-1.25140672279128,-1.25140672279128,-1.25140672279128,-1.25140672279128,-1.25140672279128,-1.25140672279128,-1.25140672279128,-1.25140672279128,-1.25140672279128,-1.25140672279128,-1.25140672279128,-1.25140672279128,-1.25140672279128,-1.25140672279128,30.5996956755086,23.0861345023233,16.907684435705,11.9404022484791,8.06034471347085,5.1435686035056,3.06613069140861,1.70408775000519,0.933496552120637,0.630413870580245,0.670896478209315,0.931001147833154,1.28678465227704,1.61430376436627,1.78961525692615,1.68877590278198,1.18784247475906,0.162871745682679,-1.51007951162185,-3.95495452432926,-3.95495452432926,-3.95495452432926,-3.95495452432926,-3.95495452432926,-3.95495452432926,-3.95495452432926,-3.95495452432926,-3.95495452432926,-3.95495452432926,-3.95495452432926,-3.95495452432926,-3.95495452432926,-3.95495452432926,-3.95495452432926,-3.95495452432926,-3.95495452432926,-3.95495452432926,-3.95495452432926,-3.95495452432926,-3.95495452432926,3.89674477169221,3.64520528851529,3.39366580533838,3.14212632216147,2.89058683898456,2.63904735580765,2.38750882834041,2.13597737449152,1.88446499145362,1.63298111815187,1.38152418989592,1.13008179967842,0.878635705794808,0.627167983184503,0.375665255175006,0.124116097727129,-0.127490460137272,-0.37915445212384,-0.630857264139534,-0.882574740542744,-0.882574740542744,-0.882574740542744,-0.882574740542744,-0.882574740542744,-0.882574740542744,-0.882574740542744,-0.882574740542744,-0.882574740542744,-0.882574740542744,-0.882574740542744,-0.882574740542744,-0.882574740542744,-0.882574740542744,-0.882574740542744,-0.882574740542744,-0.882574740542744,-0.882574740542744,-0.882574740542744,-0.882574740542744,-0.882574740542744,1,1,1,1,1,1,1,1,1,1,1,1,1,1,1,1,1,1,1,1,1,1,1,1,1,1,1,1,1,1,1,1,1,1,1,1,1,1,1,1
-0.0300907162304025,0.74713947795586,2.55124562714539,0.226275838940856,2.58759338511337,1.60078200692317,0.88608214293,-0.48069403579918,-0.0650531309611502,-0.760899117298218,-0.191152093370579,-2.3495211599071,0.0981364385048877,0.412514593412999,-0.0860917445579155,1.9951437828252,0.731422538031724,0.74649128754835,-0.405806979969899,-2.93552060936215,-0.320054197870691,-1.21267030865752,-0.0755105199665351,0.431720938502243,1.26563222412646,-0.0619877639521675,-1.01698308456075,-2.14236593350935,1.07702334253391,-0.982699144370434,-0.719087452864441,2.71434124353728,-1.83056328438474,-1.01583959759098,0.780802057420292,0.277254320923483,0.718327733046266,-0.568690690504635,-0.971947068994467,2.60080467614601,1.79133400277789,1.62488665107981,1.45843929938174,1.29199194768366,1.12554459598559,0.959097244287513,0.792649892589439,0.626202540891363,0.45975518919329,0.293307837495215,0.12686048579714,-0.0395868659009331,-0.206034217599008,-0.372481569297081,-0.538928920995156,-0.705376272693229,-0.871823624391306,-1.03827097608938,-1.20471832778746,-1.37116567948553,-1.37116567948553,-1.37116567948553,-1.37116567948553,-1.37116567948553,-1.37116567948553,-1.37116567948553,-1.37116567948553,-1.37116567948553,-1.37116567948553,-1.37116567948553,-1.37116567948553,-1.37116567948553,-1.37116567948553,-1.37116567948553,-1.37116567948553,-1.37116567948553,-1.37116567948553,-1.37116567948553,-1.37116567948553,-1.37116567948553,48.0212008835245,35.4909182319638,25.144861131483,16.7898958891265,10.2328888119387,5.28070620696418,1.74021438124722,-0.581720358167706,-1.87823170423617,-2.34245334991375,-2.16751898815603,-1.54656231191854,-0.672717014156882,0.260883212173354,1.06110467411665,1.53481367871739,1.48887653302003,0.730159544068975,-0.934470981091373,-3.69814873541651,-3.69814873541651,-3.69814873541651,-3.69814873541651,-3.69814873541651,-3.69814873541651,-3.69814873541651,-3.69814873541651,-3.69814873541651,-3.69814873541651,-3.69814873541651,-3.69814873541651,-3.69814873541651,-3.69814873541651,-3.69814873541651,-3.69814873541651,-3.69814873541651,-3.69814873541651,-3.69814873541651,-3.69814873541651,-3.69814873541651,5.08284991418261,4.45578508631005,3.82872025843749,3.20165543056494,2.57459060269239,1.94752577481983,1.32228892801119,0.713423881641589,0.161466951051468,-0.280970876612823,-0.578264237771746,-0.723556693539981,-0.733213677751644,-0.647585414967052,-0.533516913154063,-0.46126319703141,-0.464401322784639,-0.527406025526441,-0.614697305101155,-0.704550755706208,-0.704550755706208,-0.704550755706208,-0.704550755706208,-0.704550755706208,-0.704550755706208,-0.704550755706208,-0.704550755706208,-0.704550755706208,-0.704550755706208,-0.704550755706208,-0.704550755706208,-0.704550755706208,-0.704550755706208,-0.704550755706208,-0.704550755706208,-0.704550755706208,-0.704550755706208,-0.704550755706208,-0.704550755706208,-0.704550755706208,1,1,1,1,1,1,1,1,1,1,1,1,1,1,1,1,1,1,1,1,1,1,1,1,1,1,1,1,1,1,1,1,1,1,1,1,1,1,1,1
3.17162064917812,-0.410980387061382,1.3744136032478,0.143145421101591,-0.856404288369311,-0.50988207644901,1.65951823653845,1.61141280014599,-1.16141845980257,0.605007896401162,0.346370491704159,-2.22704611835347,0.854985590762386,0.112823156998987,1.07168720537756,-2.07156465066119,0.575249531617978,0.66161605204158,1.51963644372447,-1.317656964681,-0.307314082255022,-1.24043551336322,1.33132102103638,0.467098928679444,-0.700261586652346,-1.21599023251594,0.108766305581598,2.47627279383748,-0.635551321272604,-1.1164905883599,-0.0765440301240403,-1.29371114243994,-1.8206938753925,-1.76514738295743,-0.719651281324506,0.26960767499761,-2.32167464942577,0.502714593496336,1.89652552734933,0.51238926634376,-1.40423409483806,-1.28467010361379,-1.16510611238951,-1.04554212116523,-0.925978129940955,-0.806414138716679,-0.6868501474924,-0.567286156268125,-0.447722165043848,-0.32815817381957,-0.208594182595295,-0.0890301913710179,0.0305337998532593,0.150097791077538,0.269661782301812,0.389225773526089,0.508789764750366,0.628353755974643,0.747917747198921,0.867481738423198,0.867481738423198,0.867481738423198,0.867481738423198,0.867481738423198,0.867481738423198,0.867481738423198,0.867481738423198,0.867481738423198,0.867481738423198,0.867481738423198,0.867481738423198,0.867481738423198,0.867481738423198,0.867481738423198,0.867481738423198,0.867481738423198,0.867481738423198,0.867481738423198,0.867481738423198,0.867481738423198,-12.9542169057751,-9.89371190275608,-7.32466378134745,-5.20594213226757,-3.49641654623479,-2.15495661396745,-1.14043192618391,-0.411712073602526,0.0723333530583457,0.352834763080363,0.470922565745166,0.467727170334403,0.384378986129716,0.262008422412764,0.141745888465179,0.0647217935686157,0.0720665470047148,0.204910558055142,0.504384236001536,1.01161799012551,1.01161799012551,1.01161799012551,1.01161799012551,1.01161799012551,1.01161799012551,1.01161799012551,1.01161799012551,1.01161799012551,1.01161799012551,1.01161799012551,1.01161799012551,1.01161799012551,1.01161799012551,1.01161799012551,1.01161799012551,1.01161799012551,1.01161799012551,1.01161799012551,1.01161799012551,1.01161799012551,-2.54432506288317,-2.26828429958102,-1.99224353627888,-1.71620277297672,-1.44016200967457,-1.16412124637242,-0.890512889150614,-0.631215773718624,-0.397749624308824,-0.193769415227843,-0.0179472682458997,0.129759527631228,0.247908274145479,0.337201248832741,0.401188753943867,0.446123159162436,0.482252687833199,0.521113898470398,0.568487316292908,0.621939858086657,0.621939858086657,0.621939858086657,0.621939858086657,0.621939858086657,0.621939858086657,0.621939858086657,0.621939858086657,0.621939858086657,0.621939858086657,0.621939858086657,0.621939858086657,0.621939858086657,0.621939858086657,0.621939858086657,0.621939858086657,0.621939858086657,0.621939858086657,0.621939858086657,0.621939858086657,0.621939858086657,1,1,1,1,1,1,1,1,1,1,1,1,1,1,1,1,1,1,1,1,1,1,1,1,1,1,1,1,1,1,1,1,1,1,1,1,1,1,1,1
-0.526499482173516,-0.865426804483813,1.49558972044787,3.33153231034484,0.718477537696256,1.43916662686689,0.820271044114196,-1.64985903895196,-1.02162380770602,1.15045916537548,1.02174295791578,1.22831387755835,-0.219983202989356,1.92126659856126,0.631688086298023,0.699177303521044,0.0923974971595705,1.53259059095671,-1.23132689244607,-0.068774486856265,-0.202918928138029,-0.457211660644219,-1.5222119811165,-0.387669019803946,0.520572520624984,-1.25579779552251,-3.33579243974007,1.29683645444738,-1.51407088418087,0.366423369829587,0.186338639676109,-1.565378112252,2.04297426769783,-2.07369572331089,0.0158458391419014,-1.41151903999664,2.18535940086134,-0.752567686102701,-0.218026374280075,1.01536079115321,3.98015786213475,3.64124251252939,3.30232716292404,2.96341181331869,2.62449646371333,2.28558111410798,1.94666576450262,1.60775041489727,1.26883506529191,0.929919715686559,0.591004366081204,0.25208901647585,-0.0868263331295047,-0.425741682734857,-0.764657032340212,-1.10357238194556,-1.44248773155092,-1.78140308115628,-2.12031843076163,-2.45923378036698,-2.45923378036698,-2.45923378036698,-2.45923378036698,-2.45923378036698,-2.45923378036698,-2.45923378036698,-2.45923378036698,-2.45923378036698,-2.45923378036698,-2.45923378036698,-2.45923378036698,-2.45923378036698,-2.45923378036698,-2.45923378036698,-2.45923378036698,-2.45923378036698,-2.45923378036698,-2.45923378036698,-2.45923378036698,-2.45923378036698,15.2952102757125,11.5602375963278,8.49335222233507,6.03020437198986,4.10644426354777,2.65772211526439,1.61968814539529,0.927992572196077,0.518285613922322,0.326217488829606,0.287438415173526,0.337598611209671,0.412348295193619,0.447337685380941,0.378217000027258,0.140636457388132,-0.329753724280849,-1.09730332672409,-2.22636213168603,-3.78127992091105,-3.78127992091105,-3.78127992091105,-3.78127992091105,-3.78127992091105,-3.78127992091105,-3.78127992091105,-3.78127992091105,-3.78127992091105,-3.78127992091105,-3.78127992091105,-3.78127992091105,-3.78127992091105,-3.78127992091105,-3.78127992091105,-3.78127992091105,-3.78127992091105,-3.78127992091105,-3.78127992091105,-3.78127992091105,-3.78127992091105,4.39740227102568,3.9104974761425,3.42359268125932,2.93668788637614,2.44978309149297,1.96287829660978,1.48097650368964,1.04186264047421,0.736588156354864,0.636985482218094,0.710502233703389,0.823626701782649,0.809254617597251,0.543427731344181,0.00875697399423458,-0.705680628979923,-1.49200710019461,-2.30818983751121,-3.16534273025881,-4.06023133724265,-4.06023133724265,-4.06023133724265,-4.06023133724265,-4.06023133724265,-4.06023133724265,-4.06023133724265,-4.06023133724265,-4.06023133724265,-4.06023133724265,-4.06023133724265,-4.06023133724265,-4.06023133724265,-4.06023133724265,-4.06023133724265,-4.06023133724265,-4.06023133724265,-4.06023133724265,-4.06023133724265,-4.06023133724265,-4.06023133724265,1,1,1,1,1,1,1,1,1,1,1,1,1,1,1,1,1,1,1,1,1,1,1,1,1,1,1,1,1,1,1,1,1,1,1,1,1,1,1,1
1.80971875999442,-0.749932046151346,-1.13922988217835,0.393850953325498,1.4269808587333,0.383410456198613,1.03511464311536,1.26313043538238,-0.4068392984776,-0.941568266237159,-1.17378738455814,0.315020977703742,-0.592833901153149,3.21242252899713,-2.35731873825044,-1.06177776684799,0.122929443338714,-3.56539208149366,1.12465543208332,-0.806101086973074,-0.775499706048292,-0.512858501956792,0.97842594671123,-0.998308445578806,-1.48014092448832,2.03945436085136,0.980145818436643,1.97341623695142,1.80247392954118,2.15793200114491,0.154561916346953,-0.198624518587021,2.51029049353612,0.447444162856387,-0.33111569296554,-0.326049401801722,0.525468071388596,1.76176572045847,1.49449597789915,-1.30063089076039,-1.78657295288706,-1.74020532236299,-1.69383769183891,-1.64747006131483,-1.60110243079075,-1.55473480026668,-1.5083671697426,-1.46199953921852,-1.41563190869445,-1.36926427817037,-1.32289664764629,-1.27652901712221,-1.23016138659814,-1.18379375607406,-1.13742612554998,-1.09105849502591,-1.04469086450183,-0.99832323397775,-0.951955603453673,-0.905587972929595,-0.905587972929595,-0.905587972929595,-0.905587972929595,-0.905587972929595,-0.905587972929595,-0.905587972929595,-0.905587972929595,-0.905587972929595,-0.905587972929595,-0.905587972929595,-0.905587972929595,-0.905587972929595,-0.905587972929595,-0.905587972929595,-0.905587972929595,-0.905587972929595,-0.905587972929595,-0.905587972929595,-0.905587972929595,-0.905587972929595,-0.784797276550043,-1.08346637632115,-1.31709567893236,-1.49061195337541,-1.60894196864204,-1.677012493724,-1.699750297613,-1.68208214930079,-1.6289348177791,-1.54523507203965,-1.43590968107421,-1.30588541387447,-1.16008903943221,-1.0034473267391,-0.840887044786978,-0.677334962567482,-0.517717849072408,-0.366962473293469,-0.22999560422234,-0.111744010850876,-0.111744010850876,-0.111744010850876,-0.111744010850876,-0.111744010850876,-0.111744010850876,-0.111744010850876,-0.111744010850876,-0.111744010850876,-0.111744010850876,-0.111744010850876,-0.111744010850876,-0.111744010850876,-0.111744010850876,-0.111744010850876,-0.111744010850876,-0.111744010850876,-0.111744010850876,-0.111744010850876,-0.111744010850876,-0.111744010850876,0.807763056576702,0.463514129049505,0.119265201522283,-0.224983726004924,-0.569232653532132,-0.913481581059338,-1.25175987893507,-1.55894488383806,-1.82059899959847,-2.00532946515252,-2.02962687895579,-1.82608850904591,-1.45305477812406,-1.06249104778917,-0.749168735730132,-0.507798777234003,-0.329474731405776,-0.237521647183893,-0.225591991706555,-0.248981661893703,-0.248981661893703,-0.248981661893703,-0.248981661893703,-0.248981661893703,-0.248981661893703,-0.248981661893703,-0.248981661893703,-0.248981661893703,-0.248981661893703,-0.248981661893703,-0.248981661893703,-0.248981661893703,-0.248981661893703,-0.248981661893703,-0.248981661893703,-0.248981661893703,-0.248981661893703,-0.248981661893703,-0.248981661893703,-0.248981661893703,1,1,1,1,1,1,1,1,1,1,1,1,1,1,1,1,1,1,1,1,1,1,1,1,1,1,1,1,1,1,1,1,1,1,1,1,1,1,1,1
2.56108409911364,1.62464416162183,1.46002561988728,-0.139057062919234,2.39587048739126,-0.920154505724098,0.858964562863594,-0.34567877971906,0.934605489135413,-1.38443865552708,0.243887157041955,-0.230816950244961,-0.497043136968193,1.34252055296593,-1.55750273866561,0.0916345462668371,-3.34516066361058,-0.407281829493831,0.795101477346289,-0.0609138357312347,-1.31678949478381,0.98497682998406,0.957679017252772,-2.63837525958889,-0.33804247694018,0.828937480863122,-0.130130202051927,-0.870238889769846,-0.95332339206985,1.38459419796368,-2.06493474085631,-0.0391381698526523,1.04798697861561,-0.787008118645405,-1.08439250984361,0.946771404272058,-1.14294312933715,-0.56929325413579,0.977283234973763,-1.90068235912437,3.87469584851813,3.56606249321371,3.25742913790929,2.94879578260488,2.64016242730046,2.33152907199605,2.02289571669163,1.71426236138721,1.40562900608279,1.09699565077838,0.788362295473958,0.479728940169538,0.171095584865123,-0.137537770439293,-0.44617112574371,-0.754804481048126,-1.06343783635254,-1.37207119165696,-1.68070454696138,-1.9893379022658,-1.9893379022658,-1.9893379022658,-1.9893379022658,-1.9893379022658,-1.9893379022658,-1.9893379022658,-1.9893379022658,-1.9893379022658,-1.9893379022658,-1.9893379022658,-1.9893379022658,-1.9893379022658,-1.9893379022658,-1.9893379022658,-1.9893379022658,-1.9893379022658,-1.9893379022658,-1.9893379022658,-1.9893379022658,-1.9893379022658,14.7292894335269,11.2997752160455,8.48134229593573,6.21356649855784,4.43602364927219,3.08828957343912,2.10994009641896,1.44055104357204,1.01969824025869,0.786957511839264,0.681904683674075,0.64411558112347,0.613166029547768,0.528631854307333,0.330088880762466,-0.0428870657264895,-0.650720159799196,-1.55383457609532,-2.81265448925452,-4.48760407391648,-4.48760407391648,-4.48760407391648,-4.48760407391648,-4.48760407391648,-4.48760407391648,-4.48760407391648,-4.48760407391648,-4.48760407391648,-4.48760407391648,-4.48760407391648,-4.48760407391648,-4.48760407391648,-4.48760407391648,-4.48760407391648,-4.48760407391648,-4.48760407391648,-4.48760407391648,-4.48760407391648,-4.48760407391648,-4.48760407391648,4.72682618599938,4.34949102646796,3.97215586693656,3.59482070740515,3.21748554787374,2.84015038834234,2.45439120410545,2.03077982256768,1.58798892005118,1.16908746162564,0.769025131104689,0.346273685242386,-0.100778791280364,-0.520160872100757,-0.868617371477562,-1.14459024914912,-1.36843398403438,-1.5746823157113,-1.80763714626829,-2.07933873515187,-2.07933873515187,-2.07933873515187,-2.07933873515187,-2.07933873515187,-2.07933873515187,-2.07933873515187,-2.07933873515187,-2.07933873515187,-2.07933873515187,-2.07933873515187,-2.07933873515187,-2.07933873515187,-2.07933873515187,-2.07933873515187,-2.07933873515187,-2.07933873515187,-2.07933873515187,-2.07933873515187,-2.07933873515187,-2.07933873515187,1,1,1,1,1,1,1,1,1,1,1,1,1,1,1,1,1,1,1,1,1,1,1,1,1,1,1,1,1,1,1,1,1,1,1,1,1,1,1,1
0.903689838062252,1.4664574834361,0.136722044516167,0.448348532173551,1.86434285341975,-0.980505297567127,-0.137068070436353,-1.0687154875867,-1.05933480058019,1.75139897904648,0.705899243620964,0.550861714217875,0.0420767876424115,-0.731967906330002,-0.239672231568507,-0.580125921915153,-1.94059852925371,-1.19796514909235,-0.413467448566935,0.2318947836918,-0.436630485519196,0.748378756288096,-3.36664676712503,-0.743743166697335,0.332467842516573,1.18981632183341,-1.19916516641444,-1.03546887198637,-1.95074872282203,-0.322963473201098,0.483906930523087,0.242035717033431,0.00967965675342342,1.73898683750737,0.874725379371412,-1.66464794830754,-1.08119707929412,-0.966201100844325,1.36504969412031,2.19385707703735,1.8122622388088,1.64949658820595,1.48673093760311,1.32396528700027,1.16119963639743,0.99843398579458,0.835668335191739,0.672902684588895,0.510137033986052,0.347371383383209,0.184605732780366,0.0218400821775209,-0.140925568425322,-0.303691219028165,-0.46645686963101,-0.629222520233849,-0.791988170836694,-0.954753821439537,-1.11751947204238,-1.28028512264522,-1.28028512264522,-1.28028512264522,-1.28028512264522,-1.28028512264522,-1.28028512264522,-1.28028512264522,-1.28028512264522,-1.28028512264522,-1.28028512264522,-1.28028512264522,-1.28028512264522,-1.28028512264522,-1.28028512264522,-1.28028512264522,-1.28028512264522,-1.28028512264522,-1.28028512264522,-1.28028512264522,-1.28028512264522,-1.28028512264522,-5.38632927843089,-3.45328262867105,-1.92641453430809,-0.766660277534958,0.0650448594553747,0.607765594469964,0.900566645315825,0.982512729800015,0.892668565729575,0.670098870911531,0.353868363152939,-0.0169582397391643,-0.403316219957757,-0.766140859695779,-1.06636744114621,-1.26493124650198,-1.32276755795607,-1.20081165770145,-0.859998827931058,-0.261264350837875,-0.261264350837875,-0.261264350837875,-0.261264350837875,-0.261264350837875,-0.261264350837875,-0.261264350837875,-0.261264350837875,-0.261264350837875,-0.261264350837875,-0.261264350837875,-0.261264350837875,-0.261264350837875,-0.261264350837875,-0.261264350837875,-0.261264350837875,-0.261264350837875,-0.261264350837875,-0.261264350837875,-0.261264350837875,-0.261264350837875,0.201756888474462,0.250634231881733,0.299511575289006,0.348388918696275,0.397266262103543,0.446143605510817,0.494159638094869,0.535342289172899,0.555444836617108,0.537233028602266,0.472011841210056,0.363344503470714,0.217146510975429,0.032956833128873,-0.19182697771836,-0.455556662615255,-0.75493482652978,-1.08811502398651,-1.44987380598818,-1.82749769065897,-1.82749769065897,-1.82749769065897,-1.82749769065897,-1.82749769065897,-1.82749769065897,-1.82749769065897,-1.82749769065897,-1.82749769065897,-1.82749769065897,-1.82749769065897,-1.82749769065897,-1.82749769065897,-1.82749769065897,-1.82749769065897,-1.82749769065897,-1.82749769065897,-1.82749769065897,-1.82749769065897,-1.82749769065897,-1.82749769065897,1,1,1,1,1,1,1,1,1,1,1,1,1,1,1,1,1,1,1,1,1,1,1,1,1,1,1,1,1,1,1,1,1,1,1,1,1,1,1,1
-0.480689768082366,-2.00705199453868,-1.92983803688259,-0.733177088399475,-0.285964683590747,-0.58426012851257,2.34696584491285,1.10537589809274,-2.56266123063664,0.916784868840235,-0.116757499860267,1.21818819196033,0.172929972873039,0.901987503646634,-0.219632448398476,-1.55055394846553,0.92482344597061,0.219648809106408,-0.309539192806024,-1.48581435988178,0.956092329592128,-2.44530589941384,-1.84175112657207,-0.904155251728392,-2.17021200646706,1.1381709533479,-2.36796511147413,-1.89077792243699,-1.60051087246681,2.91854976590782,-0.261748722378599,2.8471115501926,-0.38479907975313,-1.50159344385258,-0.408469260423066,1.9374428226091,-1.05472655720174,-1.71893435693938,-0.143835430885511,-3.85150976518739,5.4383058709028,4.97749140899213,4.51667694708147,4.0558624851708,3.59504802326014,3.13423356134947,2.6734190994388,2.21260463752814,1.75179017561747,1.2909757137068,0.830161251796136,0.369346789885469,-0.0914676720251979,-0.552282133935863,-1.01309659584653,-1.4739110577572,-1.93472551966786,-2.39553998157853,-2.85635444348919,-3.31716890539986,-3.31716890539986,-3.31716890539986,-3.31716890539986,-3.31716890539986,-3.31716890539986,-3.31716890539986,-3.31716890539986,-3.31716890539986,-3.31716890539986,-3.31716890539986,-3.31716890539986,-3.31716890539986,-3.31716890539986,-3.31716890539986,-3.31716890539986,-3.31716890539986,-3.31716890539986,-3.31716890539986,-3.31716890539986,-3.31716890539986,-22.6443314569503,-15.9026505566661,-10.3785414177799,-5.96850768911401,-2.5690530194908,-0.0766810577325678,1.61210454733835,2.60080014689962,2.99290209212893,2.89190673420394,2.40131042430236,1.62460951360182,0.665300353280003,-0.373120705485364,-1.38715731151667,-2.27331311363625,-2.92809176066638,-3.2479969014294,-3.12953218474762,-2.46920125944345,-2.46920125944345,-2.46920125944345,-2.46920125944345,-2.46920125944345,-2.46920125944345,-2.46920125944345,-2.46920125944345,-2.46920125944345,-2.46920125944345,-2.46920125944345,-2.46920125944345,-2.46920125944345,-2.46920125944345,-2.46920125944345,-2.46920125944345,-2.46920125944345,-2.46920125944345,-2.46920125944345,-2.46920125944345,-2.46920125944345,-1.47244742596941,-0.994935799080921,-0.51742417219244,-0.0399125453039684,0.437599081584516,0.915110708472998,1.3821615979775,1.79184179821563,2.10198616328946,2.24346115259272,2.12950897118585,1.74880462873867,1.17078462192866,0.459651755343339,-0.342793632857314,-1.19144761001184,-2.06496496212345,-2.9720770267605,-3.90459701751534,-4.83951475019113,-4.83951475019113,-4.83951475019113,-4.83951475019113,-4.83951475019113,-4.83951475019113,-4.83951475019113,-4.83951475019113,-4.83951475019113,-4.83951475019113,-4.83951475019113,-4.83951475019113,-4.83951475019113,-4.83951475019113,-4.83951475019113,-4.83951475019113,-4.83951475019113,-4.83951475019113,-4.83951475019113,-4.83951475019113,-4.83951475019113,1,1,1,1,1,1,1,1,1,1,1,1,1,1,1,1,1,1,1,1,1,1,1,1,1,1,1,1,1,1,1,1,1,1,1,1,1,1,1,1
-1.41511782360008,-1.02461448215092,2.66003416356324,-1.50148648830993,0.89800683234578,0.4744296688722,-0.744962716737534,0.45568816200615,-0.494140932397652,-0.64849034263449,-0.224057318886475,0.58120103672351,-0.553528736245303,0.613046710045657,0.675003080057021,0.938740221689971,-4.50026838713468,2.25784422706014,-1.74187410681396,1.06837887364538,-2.07085032671813,0.400370052367464,2.53361087061845,0.762037618502784,3.8027639168621,0.726493415830094,-1.38177513470353,-0.411413119113828,-0.714891335780212,-0.209335613310238,1.23442730708895,1.86371126156356,1.69163606714707,0.133582834186415,-0.506052135752554,-2.41264045391747,-0.108509986266393,1.15354069633935,-0.584977727761036,-0.219811975840919,1.85744961354667,1.83023182049525,1.80301402744384,1.77579623439242,1.748578441341,1.72136064828959,1.69414285523817,1.66692506218676,1.63970726913534,1.61248947608393,1.58527168303251,1.5580538899811,1.53083609692968,1.50361830387827,1.47640051082685,1.44918271777543,1.42196492472402,1.3947471316726,1.36752933862119,1.34031154556977,1.34031154556977,1.34031154556977,1.34031154556977,1.34031154556977,1.34031154556977,1.34031154556977,1.34031154556977,1.34031154556977,1.34031154556977,1.34031154556977,1.34031154556977,1.34031154556977,1.34031154556977,1.34031154556977,1.34031154556977,1.34031154556977,1.34031154556977,1.34031154556977,1.34031154556977,1.34031154556977,-19.1809429025971,-14.1677136949505,-9.94778284698572,-6.45760094477968,-3.63361857440922,-1.41228632195122,0.269945226517441,1.47662548491989,2.27130386717924,2.71752978721864,2.87885265896124,2.81882189633011,2.60098691324838,2.28889712363924,1.94610194142572,1.63615078053103,1.42259305487828,1.3689781783905,1.53885556499095,1.99577462860268,1.99577462860268,1.99577462860268,1.99577462860268,1.99577462860268,1.99577462860268,1.99577462860268,1.99577462860268,1.99577462860268,1.99577462860268,1.99577462860268,1.99577462860268,1.99577462860268,1.99577462860268,1.99577462860268,1.99577462860268,1.99577462860268,1.99577462860268,1.99577462860268,1.99577462860268,1.99577462860268,-2.68637707849854,-2.13663423667172,-1.5868913948449,-1.03714855301808,-0.487405711191266,0.062337130635556,0.611280375447674,1.14739831431234,1.62313525708439,1.983399650275,2.22570808707264,2.39601183348347,2.50366642849588,2.48882146842015,2.30999892271057,2.01892024990504,1.71882944250068,1.48866927404311,1.35471071370568,1.28753674679777,1.28753674679777,1.28753674679777,1.28753674679777,1.28753674679777,1.28753674679777,1.28753674679777,1.28753674679777,1.28753674679777,1.28753674679777,1.28753674679777,1.28753674679777,1.28753674679777,1.28753674679777,1.28753674679777,1.28753674679777,1.28753674679777,1.28753674679777,1.28753674679777,1.28753674679777,1.28753674679777,1,1,1,1,1,1,1,1,1,1,1,1,1,1,1,1,1,1,1,1,1,1,1,1,1,1,1,1,1,1,1,1,1,1,1,1,1,1,1,1
0.338195161955605,-0.284275495954204,-1.68287620135756,-0.908202562981287,0.448614706552807,-0.662257119960083,-1.2551025570219,-1.74826688032721,-0.701654057633901,1.8601531430939,-0.575649349328319,-1.00847048782237,-1.72212858018018,-0.338260521062129,-0.632279656370725,0.64326073823036,0.0565848986736732,-0.115127659805058,0.348994003828457,-0.00639437776023577,0.413953562419874,-1.09826737762739,-1.14868733599651,-0.741174531961247,-0.869324657031989,-1.27647080517983,-0.139765369596832,-1.81478280602376,1.65109878273523,0.285598863850966,-0.22105340396406,-0.708812368444628,0.532781615053558,-0.835120501009742,3.0598204591954,0.242099313327458,-0.340762732959801,-0.0718006817274457,1.2536740352441,-0.643366718515415,-1.32196371859887,-1.19252083343385,-1.06307794826882,-0.933635063103803,-0.80419217793878,-0.674749292773758,-0.545306407608736,-0.415863522443713,-0.28642063727869,-0.156977752113669,-0.0275348669486455,0.101908018216378,0.231350903381397,0.36079378854642,0.490236673711443,0.619679558876465,0.749122444041488,0.878565329206509,1.00800821437153,1.13745109953655,1.13745109953655,1.13745109953655,1.13745109953655,1.13745109953655,1.13745109953655,1.13745109953655,1.13745109953655,1.13745109953655,1.13745109953655,1.13745109953655,1.13745109953655,1.13745109953655,1.13745109953655,1.13745109953655,1.13745109953655,1.13745109953655,1.13745109953655,1.13745109953655,1.13745109953655,1.13745109953655,-10.5685088681913,-8.66358365274466,-6.92842377355578,-5.36095440013122,-3.95910070197753,-2.72078784860127,-1.64394100950902,-0.726485354207334,0.0336539477972213,0.638551726998084,1.09028281388869,1.39092203896248,1.54254423271288,1.54722422563333,1.40703684821725,1.12405693095812,0.700359304349352,0.138018798884353,-0.5608897549434,-1.3942915266405,-1.3942915266405,-1.3942915266405,-1.3942915266405,-1.3942915266405,-1.3942915266405,-1.3942915266405,-1.3942915266405,-1.3942915266405,-1.3942915266405,-1.3942915266405,-1.3942915266405,-1.3942915266405,-1.3942915266405,-1.3942915266405,-1.3942915266405,-1.3942915266405,-1.3942915266405,-1.3942915266405,-1.3942915266405,-1.3942915266405,-1.57405536754326,-1.41004640961618,-1.24603745168911,-1.08202849376203,-0.918019535834954,-0.754010577907878,-0.589960009800439,-0.425932037221044,-0.263566187803745,-0.107036552835238,0.0389537344798541,0.172561205600108,0.294990929499948,0.408036938170181,0.512886948220853,0.610141096492345,0.699941357922365,0.783344580949969,0.863333766703994,0.942697517311274,0.942697517311274,0.942697517311274,0.942697517311274,0.942697517311274,0.942697517311274,0.942697517311274,0.942697517311274,0.942697517311274,0.942697517311274,0.942697517311274,0.942697517311274,0.942697517311274,0.942697517311274,0.942697517311274,0.942697517311274,0.942697517311274,0.942697517311274,0.942697517311274,0.942697517311274,0.942697517311274,1,1,1,1,1,1,1,1,1,1,1,1,1,1,1,1,1,1,1,1,1,1,1,1,1,1,1,1,1,1,1,1,1,1,1,1,1,1,1,1
2.29104655735702,0.459975176446558,-0.818622448311746,0.68905393437615,-0.436923901195899,-1.51291054819602,-1.37693057897397,2.88001903141532,-3.45146868143764,3.26353742637849,1.95226952828708,-2.54384377935703,0.0178449577656714,-0.155625761724249,-1.17015609262146,0.505877845687147,-0.714854906994789,0.421590460969393,-0.642422198074511,-0.366980857586707,-2.54662358415706,0.773050001441034,-0.855230282947929,0.5565610809675,-1.03664329317162,-0.677719265448498,-1.87912066438584,1.26878288739393,-0.302164557766297,-1.23605656446681,-0.0966534484660073,0.697697958307224,0.190618036274053,-0.433829546545038,3.28746752039313,0.438027242033428,-0.752973493654961,-1.26967242191171,-0.545753941739912,1.17168906108624,-0.637732448981334,-0.556380700809473,-0.475028952637612,-0.39367720446575,-0.31232545629389,-0.230973708122029,-0.149621959950167,-0.0682702117783069,0.0130815363935533,0.0944332845654134,0.175785032737274,0.257136780909136,0.338488529080998,0.419840277252858,0.501192025424718,0.58254377359658,0.66389552176844,0.7452472699403,0.826599018112162,0.907950766284024,0.907950766284024,0.907950766284024,0.907950766284024,0.907950766284024,0.907950766284024,0.907950766284024,0.907950766284024,0.907950766284024,0.907950766284024,0.907950766284024,0.907950766284024,0.907950766284024,0.907950766284024,0.907950766284024,0.907950766284024,0.907950766284024,0.907950766284024,0.907950766284024,0.907950766284024,0.907950766284024,-57.7935883602909,-42.5003976711719,-29.8982055826511,-19.7470612016685,-11.8070136351643,-5.83811199007853,-1.60040537335117,1.1460571080777,2.64122634726795,3.12505323727962,2.83748867117259,2.01848354200679,0.907988742842198,-0.254044833261275,-1.22766629324366,-1.77292474404502,-1.64986929260543,-0.618549045864928,1.56098688923635,5.12868940575839,5.12868940575839,5.12868940575839,5.12868940575839,5.12868940575839,5.12868940575839,5.12868940575839,5.12868940575839,5.12868940575839,5.12868940575839,5.12868940575839,5.12868940575839,5.12868940575839,5.12868940575839,5.12868940575839,5.12868940575839,5.12868940575839,5.12868940575839,5.12868940575839,5.12868940575839,5.12868940575839,-17.3115807919513,-14.6331091489367,-11.9546375059222,-9.27616586290763,-6.59769421989309,-3.91922257687854,-1.35005187058653,0.625438301592808,1.73285754693574,2.05461012331043,1.79380892359318,1.19122369644499,0.523010615585621,0.0101376926471612,-0.238033008471945,-0.199123352910723,0.0996968742025111,0.644692162299565,1.4486982193253,2.4402389245708,2.4402389245708,2.4402389245708,2.4402389245708,2.4402389245708,2.4402389245708,2.4402389245708,2.4402389245708,2.4402389245708,2.4402389245708,2.4402389245708,2.4402389245708,2.4402389245708,2.4402389245708,2.4402389245708,2.4402389245708,2.4402389245708,2.4402389245708,2.4402389245708,2.4402389245708,2.4402389245708,1,1,1,1,1,1,1,1,1,1,1,1,1,1,1,1,1,1,1,1,1,1,1,1,1,1,1,1,1,1,1,1,1,1,1,1,1,1,1,1
1.58137494285537,-1.56168991776243,-1.6856547672368,-1.13890611552427,1.26145099620934,-0.88161423395748,3.67182869249841,-2.63226178443552,-0.211092541181589,-2.30811497652011,0.163822851501843,-0.687862912955662,-2.14075538200582,1.458191826563,2.29453225396808,-2.16240066049447,0.266785129933139,0.453280413521792,-0.724129430559543,-1.21092389986167,-0.860556071463478,1.76741601822322,-0.849132486867809,-0.109006154726053,-1.3000092763485,1.73170667911801,-0.582680500560015,1.56342303928475,-1.30332211954492,0.532367933989525,-1.38990082815526,-0.718206902103741,0.470611851010597,-0.232574764320217,0.117464664628956,-1.40609517165208,-1.01288348861022,-3.61955211948514,0.0698692278173461,-0.305056815586331,0.738657898817832,0.642080875917819,0.545503853017808,0.448926830117792,0.352349807217781,0.255772784317768,0.159195761417756,0.0626187385177435,-0.033958284382269,-0.130535307282281,-0.227112330182294,-0.323689353082306,-0.420266375982321,-0.516843398882333,-0.613420421782344,-0.709997444682358,-0.806574467582371,-0.903151490482383,-0.999728513382397,-1.09630553628241,-1.09630553628241,-1.09630553628241,-1.09630553628241,-1.09630553628241,-1.09630553628241,-1.09630553628241,-1.09630553628241,-1.09630553628241,-1.09630553628241,-1.09630553628241,-1.09630553628241,-1.09630553628241,-1.09630553628241,-1.09630553628241,-1.09630553628241,-1.09630553628241,-1.09630553628241,-1.09630553628241,-1.09630553628241,-1.09630553628241,16.42533464288,12.4762600583062,9.13215895495987,6.34685472490717,4.0741707602145,2.26793045294818,0.881957195174556,-0.12992562104003,-0.813894603629249,-1.21612636052676,-1.38279749966624,-1.36008462898131,-1.19416435640569,-0.931213289873012,-0.617408037316913,-0.2989252066711,-0.0219414058692209,0.167366757155037,0.222822674468093,0.0982497381361735,0.0982497381361735,0.0982497381361735,0.0982497381361735,0.0982497381361735,0.0982497381361735,0.0982497381361735,0.0982497381361735,0.0982497381361735,0.0982497381361735,0.0982497381361735,0.0982497381361735,0.0982497381361735,0.0982497381361735,0.0982497381361735,0.0982497381361735,0.0982497381361735,0.0982497381361735,0.0982497381361735,0.0982497381361735,0.0982497381361735,2.58977886644255,2.24985834655995,1.90993782667734,1.57001730679473,1.23009678691212,0.890176267029519,0.545405978833827,0.181881440999872,-0.173968383625777,-0.476695182886521,-0.705721238057787,-0.853736561647906,-0.904807048395778,-0.853067119154415,-0.721467337675179,-0.544607682651542,-0.345648548508095,-0.134149658872094,0.0856394142901724,0.309538442222918,0.309538442222918,0.309538442222918,0.309538442222918,0.309538442222918,0.309538442222918,0.309538442222918,0.309538442222918,0.309538442222918,0.309538442222918,0.309538442222918,0.309538442222918,0.309538442222918,0.309538442222918,0.309538442222918,0.309538442222918,0.309538442222918,0.309538442222918,0.309538442222918,0.309538442222918,0.309538442222918,1,1,1,1,1,1,1,1,1,1,1,1,1,1,1,1,1,1,1,1,1,1,1,1,1,1,1,1,1,1,1,1,1,1,1,1,1,1,1,1
1.0766472577658,0.871501632632209,0.23052569838077,0.898765616976887,-0.0994272747650076,0.764521554020452,0.473984696117838,1.08453167591213,2.76571909833848,-0.140323036372049,-1.08268357681495,-0.384662859892234,2.00036545392279,0.0694631446134046,-0.461285830492697,-1.12366611091178,0.0556558794430639,0.569591424854544,-1.3081472677556,-3.36535379608186,0.00752545881848299,0.540576490728556,-2.19606269178048,-1.19248320354367,-1.93886563670153,-1.78992135688202,2.50424261975754,-0.0458718425403841,0.99897180994077,-1.03131856217346,1.63622020960016,-0.389123772424435,-2.76858006568263,1.49388351415516,-1.40710285370086,-0.166957329697105,-0.217529994521989,-2.51737093870144,-1.64937206166323,0.396124370405611,0.571980390254164,0.516262285207366,0.460544180160569,0.404826075113772,0.349107970066975,0.293389865020178,0.237671759973379,0.181953654926583,0.126235549879786,0.0705174448329888,0.0147993397861903,-0.0409187652606064,-0.0966368703074032,-0.152354975354198,-0.208073080400998,-0.263791185447795,-0.31950929049459,-0.375227395541389,-0.430945500588187,-0.48666360563498,-0.48666360563498,-0.48666360563498,-0.48666360563498,-0.48666360563498,-0.48666360563498,-0.48666360563498,-0.48666360563498,-0.48666360563498,-0.48666360563498,-0.48666360563498,-0.48666360563498,-0.48666360563498,-0.48666360563498,-0.48666360563498,-0.48666360563498,-0.48666360563498,-0.48666360563498,-0.48666360563498,-0.48666360563498,-0.48666360563498,-20.1092416041976,-15.1470110439183,-10.9752066098951,-7.53170039574013,-4.7543644950654,-2.58107100148295,-0.949692008604831,0.201900389956907,0.935834100590226,1.31423702968308,1.39923708362345,1.25296216879926,0.937540191598467,0.515099058409035,0.0477666756189148,-0.402329050383887,-0.77306021321149,-1.0022989064759,-1.02791722378919,-0.78778725876338,-0.78778725876338,-0.78778725876338,-0.78778725876338,-0.78778725876338,-0.78778725876338,-0.78778725876338,-0.78778725876338,-0.78778725876338,-0.78778725876338,-0.78778725876338,-0.78778725876338,-0.78778725876338,-0.78778725876338,-0.78778725876338,-0.78778725876338,-0.78778725876338,-0.78778725876338,-0.78778725876338,-0.78778725876338,-0.78778725876338,1.82389075566809,1.54333761984457,1.26278448402107,0.982231348197555,0.701678212374033,0.421125076550527,0.145398351835396,-0.0957793286104049,-0.248653866438515,-0.276165072545473,-0.187698726569264,-0.0202709990593952,0.1840235485889,0.366059769258605,0.447881969389107,0.375112845934295,0.147165630152745,-0.209226985659178,-0.668152886609679,-1.18925947823074,-1.18925947823074,-1.18925947823074,-1.18925947823074,-1.18925947823074,-1.18925947823074,-1.18925947823074,-1.18925947823074,-1.18925947823074,-1.18925947823074,-1.18925947823074,-1.18925947823074,-1.18925947823074,-1.18925947823074,-1.18925947823074,-1.18925947823074,-1.18925947823074,-1.18925947823074,-1.18925947823074,-1.18925947823074,-1.18925947823074,1,1,1,1,1,1,1,1,1,1,1,1,1,1,1,1,1,1,1,1,1,1,1,1,1,1,1,1,1,1,1,1,1,1,1,1,1,1,1,1
-0.271172119386795,-0.97827410050166,-0.724701344778801,-1.71128122026339,-0.0816355230442243,-1.04156720394168,-3.11162255254454,-1.52502066134443,-1.69124049248776,3.98075539351705,1.59389735251233,-2.08684993680523,-1.35934112936318,-0.0669919653837052,1.15141227136934,-1.39942682862701,-0.114917932072034,-1.15395675893499,-1.35485595764376,-2.10211011060241,-0.726585519325143,1.58041515750914,1.67144546100227,1.73390614471915,0.0519320049095064,1.07899154306645,0.520427387821556,0.872121846590876,1.04818836132518,-1.28418015294855,1.53321830110703,-1.90396957564283,2.28156328635165,0.714180307713479,-1.70786626300728,3.4941430694032,-0.590549058943212,-1.51055189516911,2.93872170392518,-0.660456065806521,1.89904595298035,1.74821721781916,1.59738848265798,1.44655974749679,1.2957310123356,1.14490227717442,0.994073542013231,0.843244806852045,0.692416071690857,0.541587336529672,0.390758601368484,0.239929866207298,0.0891011310461121,-0.0617276041150738,-0.21255633927626,-0.363385074437447,-0.514213809598633,-0.665042544759821,-0.815871279921005,-0.966700015082189,-0.966700015082189,-0.966700015082189,-0.966700015082189,-0.966700015082189,-0.966700015082189,-0.966700015082189,-0.966700015082189,-0.966700015082189,-0.966700015082189,-0.966700015082189,-0.966700015082189,-0.966700015082189,-0.966700015082189,-0.966700015082189,-0.966700015082189,-0.966700015082189,-0.966700015082189,-0.966700015082189,-0.966700015082189,-0.966700015082189,-31.5520539240055,-23.4834592433967,-16.7304390179424,-11.1878211608696,-6.75043358540537,-3.31310420477666,-0.77066093221048,0.982068319066201,2.05025563582637,2.53907310484303,2.55369281288919,2.19928684673787,1.58102729316206,0.804086238934763,-0.0263642291709658,-0.805152024382203,-1.42710505992589,-1.787051249029,-1.77981850491861,-1.30023474082162,-1.30023474082162,-1.30023474082162,-1.30023474082162,-1.30023474082162,-1.30023474082162,-1.30023474082162,-1.30023474082162,-1.30023474082162,-1.30023474082162,-1.30023474082162,-1.30023474082162,-1.30023474082162,-1.30023474082162,-1.30023474082162,-1.30023474082162,-1.30023474082162,-1.30023474082162,-1.30023474082162,-1.30023474082162,-1.30023474082162,-5.31308560467806,-4.51780085310505,-3.72251610153205,-2.92723134995903,-2.13194659838603,-1.33666184681302,-0.534804820016408,0.285237841521795,1.0442518476309,1.60426820925582,1.87948665317311,1.86422658207154,1.5853079759011,1.08906891592429,0.465136553326523,-0.175949950844675,-0.768543273266244,-1.31596424413802,-1.84943299132702,-2.38484195584624,-2.38484195584624,-2.38484195584624,-2.38484195584624,-2.38484195584624,-2.38484195584624,-2.38484195584624,-2.38484195584624,-2.38484195584624,-2.38484195584624,-2.38484195584624,-2.38484195584624,-2.38484195584624,-2.38484195584624,-2.38484195584624,-2.38484195584624,-2.38484195584624,-2.38484195584624,-2.38484195584624,-2.38484195584624,-2.38484195584624,1,1,1,1,1,1,1,1,1,1,1,1,1,1,1,1,1,1,1,1,1,1,1,1,1,1,1,1,1,1,1,1,1,1,1,1,1,1,1,1
-1.12399848935202,2.04606364124665,0.172627972494714,-0.895866632026856,-0.846814439492719,0.72410118070899,0.150999903418725,0.378201808845603,-0.939784067239522,-1.2147354781729,1.19958290350748,-0.443889556058583,0.231241773949373,1.69555067022172,-0.534512096400261,1.31707398841353,-0.345835711302364,1.41162485937171,-0.46765013988986,-1.16229993359532,-1.28429796120248,-0.338359984920267,1.11876871621693,0.757108922749946,-1.15856554960112,-1.39851325222696,-0.681016809178406,-1.1589094776412,-0.994816778729277,-1.0843016011367,0.0213536987320904,-0.506114173619016,-0.192685880909126,0.915848541759205,1.71802391078883,1.51054665685014,3.76338047675675,2.85901684573692,-2.23283672225492,-1.54625028780148,0.554676833154921,0.619066451780631,0.683456070406338,0.747845689032047,0.812235307657758,0.876624926283469,0.941014544909178,1.00540416353489,1.0697937821606,1.13418340078631,1.19857301941202,1.26296263803772,1.32735225666343,1.39174187528914,1.45613149391485,1.52052111254056,1.58491073116627,1.64930034979198,1.71368996841769,1.7780795870434,1.7780795870434,1.7780795870434,1.7780795870434,1.7780795870434,1.7780795870434,1.7780795870434,1.7780795870434,1.7780795870434,1.7780795870434,1.7780795870434,1.7780795870434,1.7780795870434,1.7780795870434,1.7780795870434,1.7780795870434,1.7780795870434,1.7780795870434,1.7780795870434,1.7780795870434,1.7780795870434,6.76942117931584,4.9599356028877,3.52334691769622,2.42305970870575,1.62247856088062,1.08500805918518,0.774052788583756,0.653017334040701,0.685306280520347,0.83432421298704,1.06347571640512,1.33616537573893,1.6157977759528,1.86577750201107,2.0495091388781,2.13039727151821,2.07184648489574,1.83726136397505,1.39004649372047,0.693606459096326,0.693606459096326,0.693606459096326,0.693606459096326,0.693606459096326,0.693606459096326,0.693606459096326,0.693606459096326,0.693606459096326,0.693606459096326,0.693606459096326,0.693606459096326,0.693606459096326,0.693606459096326,0.693606459096326,0.693606459096326,0.693606459096326,0.693606459096326,0.693606459096326,0.693606459096326,0.693606459096326,-0.209288432045971,-0.0408336829020834,0.127621066241805,0.296075815385691,0.464530564529582,0.632985313673467,0.798118454691728,0.947156188544882,1.08060727051996,1.20530533571954,1.31819911902559,1.4109883432869,1.4774218835522,1.51449105037742,1.53030228184087,1.54598970448505,1.57830282097012,1.62737195604602,1.68556054427654,1.74724636437138,1.74724636437138,1.74724636437138,1.74724636437138,1.74724636437138,1.74724636437138,1.74724636437138,1.74724636437138,1.74724636437138,1.74724636437138,1.74724636437138,1.74724636437138,1.74724636437138,1.74724636437138,1.74724636437138,1.74724636437138,1.74724636437138,1.74724636437138,1.74724636437138,1.74724636437138,1.74724636437138,1,1,1,1,1,1,1,1,1,1,1,1,1,1,1,1,1,1,1,1,1,1,1,1,1,1,1,1,1,1,1,1,1,1,1,1,1,1,1,1
-0.613704719702868,-0.585604912394687,1.5400208696658,-1.69123778345021,0.305604749429254,-3.89498274683493,0.699629737644329,-1.72736309302673,-0.472586198320904,1.26708197287538,-1.05537556222278,2.06321380787062,-1.52697701993088,-0.237853608565636,-0.350449153719012,-3.14286090993152,1.37067958976245,-0.657941079467852,-0.592627786158459,1.0118398712298,0.483835063509163,1.22895798513245,1.73188027392596,-1.655874167057,-2.79070180591236,-0.468144649996008,0.747710682922408,-1.25559192003039,0.572666272144639,0.326528227278553,-2.42324018311086,0.732196005245511,0.151881042613963,1.09871663017806,-3.02372296754776,-0.558958751635497,-0.0407398667823884,-2.94466549781302,-0.503715370768299,0.967082985082774,-3.37903509522345,-3.06069315742145,-2.74235121961946,-2.42400928181747,-2.10566734401547,-1.78732540621348,-1.46898346841148,-1.15064153060949,-0.832299592807496,-0.513957655005502,-0.195615717203507,0.122726220598485,0.44106815840048,0.759410096202474,1.07775203400447,1.39609397180646,1.71443590960846,2.03277784741045,2.35111978521245,2.66946172301444,2.66946172301444,2.66946172301444,2.66946172301444,2.66946172301444,2.66946172301444,2.66946172301444,2.66946172301444,2.66946172301444,2.66946172301444,2.66946172301444,2.66946172301444,2.66946172301444,2.66946172301444,2.66946172301444,2.66946172301444,2.66946172301444,2.66946172301444,2.66946172301444,2.66946172301444,2.66946172301444,-19.1723564001827,-14.5734136794547,-10.745306182504,-7.6183422268241,-5.12283012990856,-3.1890782092509,-1.74739478234465,-0.728088166683353,-0.0614666797605352,0.322161360930261,0.492487637895533,0.51920383364171,0.472001630675294,0.420572711502714,0.434608758630471,0.583801454565023,0.937842481812835,1.56642352288039,2.53923626027411,3.9259723765005,3.9259723765005,3.9259723765005,3.9259723765005,3.9259723765005,3.9259723765005,3.9259723765005,3.9259723765005,3.9259723765005,3.9259723765005,3.9259723765005,3.9259723765005,3.9259723765005,3.9259723765005,3.9259723765005,3.9259723765005,3.9259723765005,3.9259723765005,3.9259723765005,3.9259723765005,3.9259723765005,-3.81943533508156,-3.44463028126179,-3.06982522744202,-2.69502017362225,-2.32021511980248,-1.94541006598272,-1.57056143453785,-1.19580549138633,-0.823028021346977,-0.456239537933126,-0.100964078035666,0.23713549497541,0.555116104282851,0.855453328287291,1.1446679478081,1.42818942432168,1.70772369283088,1.98401239355822,2.25930735679425,2.53530832384123,2.53530832384123,2.53530832384123,2.53530832384123,2.53530832384123,2.53530832384123,2.53530832384123,2.53530832384123,2.53530832384123,2.53530832384123,2.53530832384123,2.53530832384123,2.53530832384123,2.53530832384123,2.53530832384123,2.53530832384123,2.53530832384123,2.53530832384123,2.53530832384123,2.53530832384123,2.53530832384123,1,1,1,1,1,1,1,1,1,1,1,1,1,1,1,1,1,1,1,1,1,1,1,1,1,1,1,1,1,1,1,1,1,1,1,1,1,1,1,1
-0.407580885422238,-0.481652590626593,3.61741660358024,1.55192885700139,0.385542561621182,1.93665332799302,0.145505853799158,-0.609588375286645,-0.0542645949503058,-0.536894117184659,-0.557161039821889,0.631367002812356,-0.619441263544022,-1.19859552745495,-1.01214481915801,-0.0668048928672427,-0.397773633534143,-0.774869467414359,2.42911655748552,-0.496892589435602,1.67267810781533,2.19914417694374,0.0487283827282514,2.05756146037928,0.731709661784704,-1.44789762144431,1.08805372917799,0.636757595067719,0.168975719616697,-0.383045386353448,-0.565761773051218,-0.168023760542477,-0.141647130183959,2.13562205625851,-1.93104666915821,-2.6908340032034,1.73077421516601,-1.80234306691003,-1.38830505777041,-0.0216199270677677,-2.53203078357648,-2.38659201931404,-2.24115325505159,-2.09571449078915,-1.95027572652671,-1.80483696226427,-1.65939819800183,-1.51395943373939,-1.36852066947695,-1.22308190521451,-1.07764314095207,-0.932204376689631,-0.786765612427191,-0.641326848164748,-0.495888083902308,-0.350449319639868,-0.205010555377427,-0.0595717911149869,0.0858669731474517,0.231305737409892,0.231305737409892,0.231305737409892,0.231305737409892,0.231305737409892,0.231305737409892,0.231305737409892,0.231305737409892,0.231305737409892,0.231305737409892,0.231305737409892,0.231305737409892,0.231305737409892,0.231305737409892,0.231305737409892,0.231305737409892,0.231305737409892,0.231305737409892,0.231305737409892,0.231305737409892,0.231305737409892,-13.6357589899185,-10.5468660108758,-7.96944929832923,-5.85922799454181,-4.17192124177655,-2.86324818229644,-1.88892795836449,-1.20467971224371,-0.766222586197125,-0.529275722487721,-0.449558263378522,-0.482789351132533,-0.584688128012781,-0.710973736282234,-0.817365318203924,-0.859582016040889,-0.793342972056097,-0.574367328512569,-0.158374227673315,0.498917188198661,0.498917188198661,0.498917188198661,0.498917188198661,0.498917188198661,0.498917188198661,0.498917188198661,0.498917188198661,0.498917188198661,0.498917188198661,0.498917188198661,0.498917188198661,0.498917188198661,0.498917188198661,0.498917188198661,0.498917188198661,0.498917188198661,0.498917188198661,0.498917188198661,0.498917188198661,0.498917188198661,-4.95994050032475,-4.48073060256269,-4.00152070480063,-3.52231080703856,-3.0431009092765,-2.56389101151444,-2.08352111993655,-1.60302241304324,-1.14945061327392,-0.753715772423496,-0.44191275119131,-0.256389104904949,-0.224960725800297,-0.309508044005822,-0.435959168675476,-0.559723704572432,-0.672455096822192,-0.782877466139086,-0.910313305214336,-1.06077293078964,-1.06077293078964,-1.06077293078964,-1.06077293078964,-1.06077293078964,-1.06077293078964,-1.06077293078964,-1.06077293078964,-1.06077293078964,-1.06077293078964,-1.06077293078964,-1.06077293078964,-1.06077293078964,-1.06077293078964,-1.06077293078964,-1.06077293078964,-1.06077293078964,-1.06077293078964,-1.06077293078964,-1.06077293078964,-1.06077293078964,1,1,1,1,1,1,1,1,1,1,1,1,1,1,1,1,1,1,1,1,1,1,1,1,1,1,1,1,1,1,1,1,1,1,1,1,1,1,1,1
-2.13101946738674,-0.760844043007183,-0.354445234049439,0.787319571568344,0.000869345405194899,0.0214901971307899,2.24509707534046,-0.0151929384164582,-0.350506321949645,-0.0732414159158665,1.46780215308539,0.00158676278143055,1.27207042501037,-0.877006804188955,0.547928258965722,0.386737723228636,-1.5160392111735,0.611181348179384,2.68826650249829,-0.940794273036188,0.990456071596713,-2.20653111676728,-3.31035220540551,-0.542111451887383,0.362388365161003,-0.537897988322612,-0.385991958337897,-0.952305550973426,-1.04264063136238,1.69142268098488,0.116641551934066,0.406304702000202,1.49425038395214,0.321683984736925,1.54740318362878,1.39878221029373,0.308287615575045,-3.75850289020682,-0.132416242470596,-1.4503322175105,-0.889469471721975,-0.738526944098573,-0.587584416475171,-0.436641888851769,-0.285699361228366,-0.134756833604964,0.0161856940184375,0.167128221641839,0.318070749265241,0.469013276888644,0.619955804512044,0.770898332135447,0.92184085975885,1.07278338738225,1.22372591500565,1.37466844262906,1.52561097025245,1.67655349787586,1.82749602549926,1.97843855312266,1.97843855312266,1.97843855312266,1.97843855312266,1.97843855312266,1.97843855312266,1.97843855312266,1.97843855312266,1.97843855312266,1.97843855312266,1.97843855312266,1.97843855312266,1.97843855312266,1.97843855312266,1.97843855312266,1.97843855312266,1.97843855312266,1.97843855312266,1.97843855312266,1.97843855312266,1.97843855312266,29.9690437909554,21.8129731965007,15.1325723139686,9.7968154677642,5.6746769822929,2.63513118195996,0.547152391170615,-0.720285065669817,-1.29820686415609,-1.31763867988295,-0.909606188445093,-0.205135065437235,0.664749013545867,1.56902037290949,2.37665333705893,2.95662223039943,3.17790137733628,2.90946510227476,2.02028772962009,0.379343583777654,0.379343583777654,0.379343583777654,0.379343583777654,0.379343583777654,0.379343583777654,0.379343583777654,0.379343583777654,0.379343583777654,0.379343583777654,0.379343583777654,0.379343583777654,0.379343583777654,0.379343583777654,0.379343583777654,0.379343583777654,0.379343583777654,0.379343583777654,0.379343583777654,0.379343583777654,0.379343583777654,0.475509204829851,0.447504862529005,0.419500520228158,0.391496177927308,0.363491835626458,0.335487493325611,0.308108842387105,0.285206885438235,0.274031909503309,0.28210575470688,0.317970783843277,0.394973692199914,0.527996773449795,0.724317909366713,0.979530200757051,1.27930015495473,1.60183358477026,1.92398810430283,2.23234583732239,2.5291082298417,2.5291082298417,2.5291082298417,2.5291082298417,2.5291082298417,2.5291082298417,2.5291082298417,2.5291082298417,2.5291082298417,2.5291082298417,2.5291082298417,2.5291082298417,2.5291082298417,2.5291082298417,2.5291082298417,2.5291082298417,2.5291082298417,2.5291082298417,2.5291082298417,2.5291082298417,2.5291082298417,1,1,1,1,1,1,1,1,1,1,1,1,1,1,1,1,0,0,1,1,1,1,1,1,1,1,1,1,1,1,1,1,1,1,1,1,1,1,1,1
-0.124327006920434,0.337073083276319,0.172650513090066,-1.50319309032207,-0.94024052056686,-0.208124633554549,-1.78150540145771,0.569849794750379,0.279197528792634,0.238941515520649,0.408512428662796,-0.1818944653039,0.661740188632965,-0.0577833682210329,1.16331790547431,0.639011861561841,0.521529344256997,-1.25024099954845,-0.0319119387197873,0.960034117120289,-1.6582453907455,-0.953540389446369,1.05893203629592,1.2000215665238,1.15154115453551,-1.65334874491706,-0.776886923087686,1.29346673365168,-0.139623898865377,-2.29331278975376,-4.13801325512725,-1.5583838635986,0.74664222839743,-1.93267861895244,-0.175794595899232,0.722819507380818,-1.4303596862855,1.18463858773133,-1.05692478661257,0.976328185569871,2.56485179081039,2.33498497403005,2.10511815724971,1.87525134046937,1.64538452368903,1.41551770690869,1.18565089012835,0.955784073348001,0.725917256567662,0.49605043978732,0.266183623006979,0.0363168062266386,-0.193550010553706,-0.423416827334048,-0.653283644114387,-0.883150460894729,-1.11301727767507,-1.34288409445541,-1.57275091123575,-1.8026177280161,-1.8026177280161,-1.8026177280161,-1.8026177280161,-1.8026177280161,-1.8026177280161,-1.8026177280161,-1.8026177280161,-1.8026177280161,-1.8026177280161,-1.8026177280161,-1.8026177280161,-1.8026177280161,-1.8026177280161,-1.8026177280161,-1.8026177280161,-1.8026177280161,-1.8026177280161,-1.8026177280161,-1.8026177280161,-1.8026177280161,11.1716484086112,8.70066947972708,6.60961407312324,4.86655155038492,3.43955127309736,2.2966826028458,1.40601490121543,0.73561752979152,0.253559850159276,-0.0720887760960824,-0.273258987389312,-0.381881422135185,-0.429886718748495,-0.449205515643991,-0.471768451236454,-0.529506163940653,-0.65434929217137,-0.878228474343379,-1.23307434887144,-1.75081755417033,-1.75081755417033,-1.75081755417033,-1.75081755417033,-1.75081755417033,-1.75081755417033,-1.75081755417033,-1.75081755417033,-1.75081755417033,-1.75081755417033,-1.75081755417033,-1.75081755417033,-1.75081755417033,-1.75081755417033,-1.75081755417033,-1.75081755417033,-1.75081755417033,-1.75081755417033,-1.75081755417033,-1.75081755417033,-1.75081755417033,2.5672009441224,2.33697725833256,2.10675357254273,1.87652988675289,1.64630620096306,1.41608251517322,1.18586999613547,0.955718038448849,0.725655278969286,0.495679944807117,0.265786389439448,0.0359630916323859,-0.193820905334443,-0.423598738482946,-0.653378351187985,-0.883146042998714,-1.11288795957321,-1.3425966128794,-1.57226958750867,-1.80191758057585,-1.80191758057585,-1.80191758057585,-1.80191758057585,-1.80191758057585,-1.80191758057585,-1.80191758057585,-1.80191758057585,-1.80191758057585,-1.80191758057585,-1.80191758057585,-1.80191758057585,-1.80191758057585,-1.80191758057585,-1.80191758057585,-1.80191758057585,-1.80191758057585,-1.80191758057585,-1.80191758057585,-1.80191758057585,-1.80191758057585,1,1,1,1,1,1,1,1,1,1,1,1,1,1,1,1,1,1,1,1,1,1,1,1,1,1,1,1,1,1,1,1,1,1,1,1,1,1,1,1
-3.25038367339318,-1.75547828227758,-0.197757258933456,2.39162181427976,1.10480403727238,1.20887402902466,-0.216839621827082,1.52333505231845,-1.66327316404048,-0.976161537344442,1.50951445960597,-2.01936495419143,-1.71310094115163,-1.0820774227623,-0.16779341944371,-0.872069176223532,-0.31836784823343,-0.94348478258882,-0.282175342030257,-1.22472164470088,1.91678716853887,-0.176453407112847,-2.57636662076512,-0.566653017325878,-0.977334728147831,0.0185071740030924,0.613799800372597,1.50918953367202,-2.25368403959341,-0.225247494028093,-0.336385283877199,1.27240078280053,-1.21347417282992,2.49034758866176,-1.19991121525677,1.70280214809506,-0.365365377445324,-0.513176796246391,0.469919106605298,0.443332656682003,3.08585665023415,2.81248750715748,2.53911836408081,2.26574922100413,1.99238007792747,1.71901093485079,1.44564179177412,1.17227264869745,0.898903505620776,0.625534362544103,0.352165219467432,0.0787960763907609,-0.194573066685912,-0.467942209762585,-0.741311352839254,-1.01468049591593,-1.2880496389926,-1.56141878206927,-1.83478792514594,-2.10815706822262,-2.10815706822262,-2.10815706822262,-2.10815706822262,-2.10815706822262,-2.10815706822262,-2.10815706822262,-2.10815706822262,-2.10815706822262,-2.10815706822262,-2.10815706822262,-2.10815706822262,-2.10815706822262,-2.10815706822262,-2.10815706822262,-2.10815706822262,-2.10815706822262,-2.10815706822262,-2.10815706822262,-2.10815706822262,-2.10815706822262,-11.3979545396269,-7.13576847281438,-3.81057812970636,-1.32735047976965,0.408947507528825,1.49334886272223,2.02088661634363,2.08659379892617,1.78550344100297,1.21264857310712,0.463062225771797,-0.368222570469959,-1.18617278508498,-1.89575538754016,-2.40193734730239,-2.60968563383855,-2.42396721661556,-1.74974906510025,-0.491998148759508,1.44431856293975,1.44431856293975,1.44431856293975,1.44431856293975,1.44431856293975,1.44431856293975,1.44431856293975,1.44431856293975,1.44431856293975,1.44431856293975,1.44431856293975,1.44431856293975,1.44431856293975,1.44431856293975,1.44431856293975,1.44431856293975,1.44431856293975,1.44431856293975,1.44431856293975,1.44431856293975,1.44431856293975,3.6530664453574,3.32382243409736,2.99457842283733,2.66533441157731,2.33609040031726,2.00684638905723,1.69277292841372,1.46243971631432,1.33629374623643,1.16927942877899,0.728437108313523,-0.0565890324527931,-0.992645345150688,-1.79325354295678,-2.26147301369069,-2.31295300880327,-1.95557517802332,-1.30105002240404,-0.517765433462506,0.282437922192392,0.282437922192392,0.282437922192392,0.282437922192392,0.282437922192392,0.282437922192392,0.282437922192392,0.282437922192392,0.282437922192392,0.282437922192392,0.282437922192392,0.282437922192392,0.282437922192392,0.282437922192392,0.282437922192392,0.282437922192392,0.282437922192392,0.282437922192392,0.282437922192392,0.282437922192392,0.282437922192392,1,1,1,1,1,1,1,1,1,1,1,1,1,1,1,1,1,1,1,1,1,1,1,1,1,1,1,1,1,1,1,1,1,1,1,1,1,1,1,1
-1.80292646848581,0.162426171335435,-1.25450615886114,1.35944369466516,-1.17974617220977,0.11975460405313,-0.458132162904064,-0.18799848360718,1.18320852339182,1.08410705056322,0.269574678498712,2.58476216462332,-0.191810090291519,-0.557806811353082,1.18207898517473,3.80560687549739,-2.49220549395584,-0.875067357860754,0.0890503115283927,0.957818995032913,-0.256191765538166,-2.47176535634769,0.477910011700342,1.92507362129397,0.627703219333497,-0.740635073740144,-1.78298842223514,-0.159376240886001,-2.59653081706723,-1.1784864558244,1.78356107101165,1.21345679621169,-0.101494528133399,2.17635907664888,-1.08849655878928,-1.95825442088261,-1.55927318987763,-0.79425867176141,2.48366528696563,-0.108783445372692,2.75617045114022,2.61759487270073,2.47901929426124,2.34044371582175,2.20186813738226,2.06329255894277,1.92471698050329,1.7861414020638,1.64756582362431,1.50899024518482,1.37041466674533,1.23183908830584,1.09326350986636,0.954687931426864,0.816112352987378,0.677536774547891,0.538961196108403,0.400385617668913,0.261810039229424,0.123234460789936,0.123234460789936,0.123234460789936,0.123234460789936,0.123234460789936,0.123234460789936,0.123234460789936,0.123234460789936,0.123234460789936,0.123234460789936,0.123234460789936,0.123234460789936,0.123234460789936,0.123234460789936,0.123234460789936,0.123234460789936,0.123234460789936,0.123234460789936,0.123234460789936,0.123234460789936,0.123234460789936,28.2525027496364,20.9408147510994,14.9686826128252,10.21097646598,6.54256644172983,3.83832267124075,1.97311528567885,0.821814416210235,0.259290194000945,0.160412750217084,0.400052216024747,0.853078722589995,1.39436240107892,1.89877338265759,2.24118179849203,2.2964577797484,1.9394714575928,1.04509296319129,-0.511807572290083,-2.85636001768525,-2.85636001768525,-2.85636001768525,-2.85636001768525,-2.85636001768525,-2.85636001768525,-2.85636001768525,-2.85636001768525,-2.85636001768525,-2.85636001768525,-2.85636001768525,-2.85636001768525,-2.85636001768525,-2.85636001768525,-2.85636001768525,-2.85636001768525,-2.85636001768525,-2.85636001768525,-2.85636001768525,-2.85636001768525,-2.85636001768525,12.0441961995712,10.4426463101653,8.84109642075941,7.23954653135351,5.63799664194762,4.0364467525417,2.45546957772149,1.01816008554381,-0.0319510715528342,-0.38699453867299,0.0667134412735528,1.01885895339584,1.92581012141953,2.39829415534976,2.30709106490592,1.70743590480076,0.845917361032573,0.0733109075551823,-0.41923385999266,-0.710870191002584,-0.710870191002584,-0.710870191002584,-0.710870191002584,-0.710870191002584,-0.710870191002584,-0.710870191002584,-0.710870191002584,-0.710870191002584,-0.710870191002584,-0.710870191002584,-0.710870191002584,-0.710870191002584,-0.710870191002584,-0.710870191002584,-0.710870191002584,-0.710870191002584,-0.710870191002584,-0.710870191002584,-0.710870191002584,-0.710870191002584,1,1,1,1,1,1,1,1,1,1,1,1,1,1,1,1,1,1,1,1,1,1,1,1,1,1,1,1,1,1,1,1,1,1,1,1,1,1,1,1
1.06452135712959,-0.900611936631523,-0.0263380346106272,0.543585443464608,0.379380251366686,2.15483428629054,1.09474466186541,-1.61605435779723,-1.26144736407435,0.5511052337389,0.900401675552059,-0.489816370463558,2.72745992389118,1.71424069627684,0.0771700705819161,-0.818322659397495,0.808250702341674,1.88132510585716,1.01965657403147,-1.85342575600508,1.70514515408124,-0.620426139050064,-1.9009459605647,-3.32794501497538,0.40165548013967,-1.0047120081145,0.187041940454241,0.194899247631305,-0.860536862314691,-1.05397933415964,-2.27960284239648,1.7625953519602,-1.09531926757796,-2.55612938929819,-0.84957920649952,-0.633839765036033,1.0394985424847,1.21158670973937,1.51473373243933,-0.220459356337429,-0.107425608438685,-0.242296747787242,-0.377167887135796,-0.512039026484354,-0.64691016583291,-0.781781305181467,-0.916652444530023,-1.05152358387858,-1.18639472322714,-1.32126586257569,-1.45613700192425,-1.59100814127281,-1.72587928062136,-1.86075041996992,-1.99562155931847,-2.13049269866703,-2.26536383801559,-2.40023497736414,-2.5351061167127,-2.66997725606126,-2.66997725606126,-2.66997725606126,-2.66997725606126,-2.66997725606126,-2.66997725606126,-2.66997725606126,-2.66997725606126,-2.66997725606126,-2.66997725606126,-2.66997725606126,-2.66997725606126,-2.66997725606126,-2.66997725606126,-2.66997725606126,-2.66997725606126,-2.66997725606126,-2.66997725606126,-2.66997725606126,-2.66997725606126,-2.66997725606126,14.3586856439858,9.50392566054305,5.64977227042834,2.69372822274747,0.533296266606204,-0.934020848889686,-1.81072037463439,-2.19929956152213,-2.20225566044712,-1.92208592230359,-1.46128759798574,-0.922357938387798,-0.407794194403987,-0.020093616928472,0.138246543144483,-0.0352709650793308,-0.643143392494139,-1.78786798999409,-3.5719420084735,-6.09786269882652,-6.09786269882652,-6.09786269882652,-6.09786269882652,-6.09786269882652,-6.09786269882652,-6.09786269882652,-6.09786269882652,-6.09786269882652,-6.09786269882652,-6.09786269882652,-6.09786269882652,-6.09786269882652,-6.09786269882652,-6.09786269882652,-6.09786269882652,-6.09786269882652,-6.09786269882652,-6.09786269882652,-6.09786269882652,-6.09786269882652,6.88567042912917,5.56479784328884,4.2439252574485,2.92305267160816,1.60218008576782,0.28130749992749,-1.01026076183424,-2.0767792536519,-2.54592016272596,-2.29837889553082,-1.69035849465578,-1.16226646625552,-0.884773422075977,-0.843440892421006,-0.970729001569428,-1.16780417207158,-1.39579493406104,-1.71002700453586,-2.1348864571914,-2.61684866002474,-2.61684866002474,-2.61684866002474,-2.61684866002474,-2.61684866002474,-2.61684866002474,-2.61684866002474,-2.61684866002474,-2.61684866002474,-2.61684866002474,-2.61684866002474,-2.61684866002474,-2.61684866002474,-2.61684866002474,-2.61684866002474,-2.61684866002474,-2.61684866002474,-2.61684866002474,-2.61684866002474,-2.61684866002474,-2.61684866002474,1,1,1,1,1,1,1,1,1,1,1,1,1,1,1,1,1,1,1,1,1,1,1,1,1,1,1,1,1,1,1,1,1,1,1,1,1,1,1,1
1.36856689595118,-1.93711388995441,-0.495271807781117,-0.658656384044998,2.4616061921524,2.07618172168205,0.117602986403761,-1.86928138802956,-2.49602308970999,1.30335063209057,0.0555723487708839,0.105098647231943,-0.244441626260532,1.33088868314686,1.78662512391323,-1.09130015498586,-1.36596288710332,-1.03325347497295,1.87369240430729,-2.06251732930889,2.3826162531008,-0.0877324506268451,-2.36179551284764,-2.81267271066529,0.608968814458429,0.530413361285685,-0.922534149125164,0.689757795826758,3.64329542671843,2.70844362684246,-0.501910147138982,0.237859496350401,0.249752201829528,-1.68754317222684,1.00652435548699,-0.222166889997457,-0.0379817985531368,-1.20919757602385,0.0122042687768928,-1.05892230306746,-2.89401963574154,-2.77085470923542,-2.6476897827293,-2.52452485622319,-2.40135992971707,-2.27819500321096,-2.15503007670484,-2.03186515019873,-1.90870022369261,-1.7855352971865,-1.66237037068038,-1.53920544417426,-1.41604051766815,-1.29287559116204,-1.16971066465592,-1.0465457381498,-0.923380811643689,-0.800215885137572,-0.677050958631458,-0.553886032125344,-0.553886032125344,-0.553886032125344,-0.553886032125344,-0.553886032125344,-0.553886032125344,-0.553886032125344,-0.553886032125344,-0.553886032125344,-0.553886032125344,-0.553886032125344,-0.553886032125344,-0.553886032125344,-0.553886032125344,-0.553886032125344,-0.553886032125344,-0.553886032125344,-0.553886032125344,-0.553886032125344,-0.553886032125344,-0.553886032125344,-7.74108739497565,-6.89738182478935,-6.07172952086833,-5.27138442557526,-4.50360048127283,-3.77563163032372,-3.09473181509061,-2.46815497793617,-1.90315506122309,-1.40698600731407,-0.986901758571744,-0.650156257358832,-0.404003446038001,-0.25569726697195,-0.212491662523327,-0.281640575054835,-0.470397946929133,-0.786017720508941,-1.23575383815691,-1.82686024223572,-1.82686024223572,-1.82686024223572,-1.82686024223572,-1.82686024223572,-1.82686024223572,-1.82686024223572,-1.82686024223572,-1.82686024223572,-1.82686024223572,-1.82686024223572,-1.82686024223572,-1.82686024223572,-1.82686024223572,-1.82686024223572,-1.82686024223572,-1.82686024223572,-1.82686024223572,-1.82686024223572,-1.82686024223572,-1.82686024223572,-3.18245432919566,-3.03365356165321,-2.88485279411076,-2.73605202656832,-2.58725125902587,-2.43845049148343,-2.29104218098062,-2.15018437634558,-2.01373289072287,-1.8720911665224,-1.71751585856795,-1.55490284544185,-1.40287042394087,-1.26879699706804,-1.12232286684141,-0.918632713177288,-0.649923317652629,-0.348167617186851,-0.0418987053970312,0.262532344873561,0.262532344873561,0.262532344873561,0.262532344873561,0.262532344873561,0.262532344873561,0.262532344873561,0.262532344873561,0.262532344873561,0.262532344873561,0.262532344873561,0.262532344873561,0.262532344873561,0.262532344873561,0.262532344873561,0.262532344873561,0.262532344873561,0.262532344873561,0.262532344873561,0.262532344873561,0.262532344873561,1,1,1,1,1,1,1,1,1,1,1,1,1,1,1,1,1,1,1,1,1,1,1,1,1,1,1,1,1,1,1,1,1,1,1,1,1,1,1,1
0.616237692784659,-1.21585695859517,1.30979030914502,0.428551249873101,-1.56029805977503,0.00503429707385283,0.406979677332188,1.74449529347611,2.51058939638308,-0.602680383737441,2.57586086432718,0.837610013533265,-2.035115223183,0.744569689050456,0.444956743757425,1.3383620156836,2.0926328703302,0.0850054299052694,-0.967282523266197,-0.417211831949153,-0.532373362365977,-0.00507456309651388,1.83110019690411,3.46519377477636,-0.000773680369377416,0.0850732572442983,-0.309440107132046,-0.938419010412982,-0.013607225136619,-1.5315589450863,0.318423419726132,-2.0148726752513,2.66520785030672,1.7309544475762,-0.676597428816654,0.453935242217529,2.36521710084072,-1.61397992215582,-0.422608713490032,2.54988907885191,-1.14231077793506,-1.03160298701099,-0.920895196086918,-0.810187405162845,-0.699479614238772,-0.588771823314699,-0.478064032390626,-0.367356241466552,-0.256648450542478,-0.145940659618407,-0.0352328686943331,0.0754749222297395,0.186182713153814,0.296890504077888,0.407598295001959,0.518306085926033,0.629013876850106,0.739721667774178,0.850429458698253,0.961137249622324,0.961137249622324,0.961137249622324,0.961137249622324,0.961137249622324,0.961137249622324,0.961137249622324,0.961137249622324,0.961137249622324,0.961137249622324,0.961137249622324,0.961137249622324,0.961137249622324,0.961137249622324,0.961137249622324,0.961137249622324,0.961137249622324,0.961137249622324,0.961137249622324,0.961137249622324,0.961137249622324,-5.255206893243,-3.98952560567554,-2.94870223859791,-2.11024895838909,-1.45167793142809,-0.950501324093892,-0.584231302765492,-0.330380033821879,-0.166459683642046,-0.0699824186049849,-0.018460405089689,0.0105941905248503,0.0396692018596383,0.0912524625356852,0.18783180617401,0.351895066395599,0.605930076821469,0.972424671072643,1.47386668277009,2.13274394553488,2.13274394553488,2.13274394553488,2.13274394553488,2.13274394553488,2.13274394553488,2.13274394553488,2.13274394553488,2.13274394553488,2.13274394553488,2.13274394553488,2.13274394553488,2.13274394553488,2.13274394553488,2.13274394553488,2.13274394553488,2.13274394553488,2.13274394553488,2.13274394553488,2.13274394553488,2.13274394553488,0.975424687181943,0.798017102155586,0.620609517129228,0.443201932102871,0.265794347076514,0.0883867620501535,-0.0886254557366737,-0.260213580587706,-0.407252338516281,-0.503275719184096,-0.529366039516811,-0.478512538381072,-0.351024576228497,-0.153093031434226,0.104040515614999,0.411613993438424,0.767465823503997,1.16667000337654,1.59346967448032,2.02995068333023,2.02995068333023,2.02995068333023,2.02995068333023,2.02995068333023,2.02995068333023,2.02995068333023,2.02995068333023,2.02995068333023,2.02995068333023,2.02995068333023,2.02995068333023,2.02995068333023,2.02995068333023,2.02995068333023,2.02995068333023,2.02995068333023,2.02995068333023,2.02995068333023,2.02995068333023,2.02995068333023,1,1,1,1,1,1,1,1,1,1,1,1,1,1,1,1,1,1,1,1,1,1,1,1,1,1,1,1,1,1,1,1,1,1,1,1,1,1,1,1
2.40891253592761,-1.46093636020855,1.54286748594293,2.88583350548899,-0.884122206393807,-0.0626942082599085,2.96262981241834,-0.535262709720355,-1.04234297596982,0.57822600393766,2.12158029499678,-0.741725997567992,1.28676575770646,-0.237958645543813,-0.368847881500516,0.635485354005082,-0.0542239459756253,-1.86022347798079,1.63402778808568,-0.681041278664535,0.0956581947377657,0.821847802368898,-0.763977656559558,1.12870161230128,0.223049305182274,-1.42532656144329,2.17591415355626,1.91471855821996,1.75151145098059,0.0152490415862463,0.0266379176963447,-0.122074708308629,-1.30896934624266,0.306521839210472,0.232247226760034,-0.995542953848483,0.362786730843339,-1.95033579660181,0.726443782911151,1.31412153018187,3.1032640936463,2.91661793504761,2.72997177644892,2.54332561785024,2.35667945925155,2.17003330065286,1.98338714205418,1.79674098345549,1.6100948248568,1.42344866625812,1.23680250765942,1.05015634906074,0.863510190462049,0.676864031863365,0.490217873264676,0.303571714665988,0.116925556067303,-0.069720602531385,-0.256366761130073,-0.443012919728758,-0.443012919728758,-0.443012919728758,-0.443012919728758,-0.443012919728758,-0.443012919728758,-0.443012919728758,-0.443012919728758,-0.443012919728758,-0.443012919728758,-0.443012919728758,-0.443012919728758,-0.443012919728758,-0.443012919728758,-0.443012919728758,-0.443012919728758,-0.443012919728758,-0.443012919728758,-0.443012919728758,-0.443012919728758,-0.443012919728758,-1.97789354238781,-1.64139337559244,-1.23182884848078,-0.769932816423658,-0.2764381347919,0.227922341043665,0.722415755712203,1.18630925384289,1.5988699800649,1.93936507900739,2.18706169529954,2.32122697357052,2.32112805844951,2.16603209456565,1.83520622654815,1.30791759902617,0.563433356628865,-0.418979356014585,-1.66005339427502,-3.18052161352325,-3.18052161352325,-3.18052161352325,-3.18052161352325,-3.18052161352325,-3.18052161352325,-3.18052161352325,-3.18052161352325,-3.18052161352325,-3.18052161352325,-3.18052161352325,-3.18052161352325,-3.18052161352325,-3.18052161352325,-3.18052161352325,-3.18052161352325,-3.18052161352325,-3.18052161352325,-3.18052161352325,-3.18052161352325,-3.18052161352325,0.385218627445546,0.501620142078708,0.618021656711869,0.734423171345029,0.850824685978193,0.967226200611353,1.08455886460939,1.20592825170363,1.32770253654049,1.43870570935422,1.52548176211335,1.57149956030041,1.55256615762499,1.44247379768155,1.22691846874661,0.907898113505077,0.497538575732039,0.0161163412582468,-0.507846431973412,-1.04754729699029,-1.04754729699029,-1.04754729699029,-1.04754729699029,-1.04754729699029,-1.04754729699029,-1.04754729699029,-1.04754729699029,-1.04754729699029,-1.04754729699029,-1.04754729699029,-1.04754729699029,-1.04754729699029,-1.04754729699029,-1.04754729699029,-1.04754729699029,-1.04754729699029,-1.04754729699029,-1.04754729699029,-1.04754729699029,-1.04754729699029,1,1,1,1,1,1,1,1,1,1,1,1,1,1,1,1,1,1,1,1,1,1,1,1,1,1,1,1,1,1,1,1,1,1,1,1,1,1,1,1
2.58481957481917,1.24681821513726,-0.172917154907323,-1.08317925562563,0.0858428697184506,-0.0246591478515112,-2.58856457861659,1.01723209531986,-0.777798015927024,-0.659427296430419,0.278235520526113,3.67158053948417,-0.192230101965659,-1.92663764612576,0.575732285559582,-0.0989061914492932,-2.39904097109639,-0.255262168750486,0.353279423833376,0.589654245409676,-1.06600010830088,-2.51197120664227,-0.993825548291831,-3.00655882993078,0.602713789491366,0.6801330495733,1.77514616499466,-0.540630384151219,-0.532863548771964,1.38011283385036,0.0548539714745466,-2.39601982837143,2.40681525876802,1.20595463277278,-0.947600765829433,-1.25759221142963,0.0857899781729987,-3.66628059814551,0.426595176981399,-1.24562111456532,3.60898603663523,3.21490340071121,2.8208207647872,2.42673812886319,2.03265549293917,1.63857285701516,1.24449022109115,0.850407585167135,0.456324949243124,0.0622423133191088,-0.331840322604902,-0.725922958528916,-1.12000559445293,-1.51408823037694,-1.90817086630095,-2.30225350222497,-2.69633613814898,-3.09041877407299,-3.48450140999701,-3.87858404592102,-3.87858404592102,-3.87858404592102,-3.87858404592102,-3.87858404592102,-3.87858404592102,-3.87858404592102,-3.87858404592102,-3.87858404592102,-3.87858404592102,-3.87858404592102,-3.87858404592102,-3.87858404592102,-3.87858404592102,-3.87858404592102,-3.87858404592102,-3.87858404592102,-3.87858404592102,-3.87858404592102,-3.87858404592102,-3.87858404592102,-0.24776520235523,-0.404954745399864,-0.457595086778531,-0.426718492700898,-0.333357229376632,-0.198543563015405,-0.0433097598268759,0.111311913979279,0.244289192193397,0.334589808605804,0.361181497006839,0.303031991186829,0.139109024936113,-0.151619667954979,-0.590186353696122,-1.19762329849698,-1.99496276856722,-3.0032370301165,-4.2434783493545,-5.73671899249089,-5.73671899249089,-5.73671899249089,-5.73671899249089,-5.73671899249089,-5.73671899249089,-5.73671899249089,-5.73671899249089,-5.73671899249089,-5.73671899249089,-5.73671899249089,-5.73671899249089,-5.73671899249089,-5.73671899249089,-5.73671899249089,-5.73671899249089,-5.73671899249089,-5.73671899249089,-5.73671899249089,-5.73671899249089,-5.73671899249089,1.17763745636032,0.957383119970435,0.737128783580646,0.516874447190848,0.296620110801017,0.0763657744112107,-0.113060206430153,-0.13399504612123,0.104857434013759,0.593616746122274,1.09586369667485,1.15546052644182,0.559786403882825,-0.421641841934731,-1.49798620363165,-2.60906633316114,-3.56329884253504,-4.03210899801763,-4.01859115242575,-3.81582842811385,-3.81582842811385,-3.81582842811385,-3.81582842811385,-3.81582842811385,-3.81582842811385,-3.81582842811385,-3.81582842811385,-3.81582842811385,-3.81582842811385,-3.81582842811385,-3.81582842811385,-3.81582842811385,-3.81582842811385,-3.81582842811385,-3.81582842811385,-3.81582842811385,-3.81582842811385,-3.81582842811385,-3.81582842811385,-3.81582842811385,1,1,1,1,1,1,1,1,1,1,1,1,1,1,1,1,1,1,1,1,1,1,1,1,1,1,1,1,1,1,1,1,1,1,1,1,1,1,1,1
-1.20955769626664,1.70070958680931,0.776521839398696,0.870037295829386,-0.581545222093271,-1.39854765190748,-0.208625639669976,1.65733680651698,0.705479315017687,-2.54330153195813,-1.28061663486835,0.439384107189731,0.830343011983889,3.32300252201999,2.43256679078411,-0.911249696646358,4.31748689042425,3.43112249896132,-0.610246544016851,-0.964253980506365,-1.23019942935418,-0.230585025395239,-0.872333630886038,-1.46621083764428,1.2674800381333,1.13559129524252,-1.94293914440793,-0.763020367479202,-1.27541121915966,-0.10890032401683,0.0229683943447689,1.07320021147157,0.38464242285365,0.167346524768556,1.32717854580306,-1.2841874009951,0.252569170081822,-0.416014892297161,-0.586639672521027,0.985922162638337,0.00467951552266044,0.0806256228291584,0.156571730135656,0.232517837442153,0.308463944748651,0.384410052055147,0.460356159361647,0.536302266668143,0.612248373974641,0.688194481281135,0.764140588587635,0.840086695894133,0.916032803200629,0.991978910507127,1.06792501781363,1.14387112512012,1.21981723242662,1.29576333973312,1.37170944703961,1.44765555434611,1.44765555434611,1.44765555434611,1.44765555434611,1.44765555434611,1.44765555434611,1.44765555434611,1.44765555434611,1.44765555434611,1.44765555434611,1.44765555434611,1.44765555434611,1.44765555434611,1.44765555434611,1.44765555434611,1.44765555434611,1.44765555434611,1.44765555434611,1.44765555434611,1.44765555434611,1.44765555434611,-10.8326681913898,-8.41504558976251,-6.29856954052578,-4.46653207288252,-2.90222521603558,-1.58894099918784,-0.509971451542152,0.351391397698608,1.01185551933158,1.48812888415391,1.79691946296271,1.95493522655514,1.97888414572834,1.88547419127941,1.69141333400549,1.41340954470377,1.06817079417133,0.672405053205312,0.242820292602865,-0.203875516838847,-0.203875516838847,-0.203875516838847,-0.203875516838847,-0.203875516838847,-0.203875516838847,-0.203875516838847,-0.203875516838847,-0.203875516838847,-0.203875516838847,-0.203875516838847,-0.203875516838847,-0.203875516838847,-0.203875516838847,-0.203875516838847,-0.203875516838847,-0.203875516838847,-0.203875516838847,-0.203875516838847,-0.203875516838847,-0.203875516838847,-5.14051412220092,-4.30099433802005,-3.46147455383921,-2.62195476965837,-1.78243498547751,-0.94291520129666,-0.121990709348504,0.576167956913539,1.00937964363776,1.16569753517951,1.21209117878407,1.28462450325189,1.32689026925982,1.26461282692105,1.21156127686936,1.3088959690628,1.47812204257531,1.54773788076733,1.51061945956171,1.45858174457106,1.45858174457106,1.45858174457106,1.45858174457106,1.45858174457106,1.45858174457106,1.45858174457106,1.45858174457106,1.45858174457106,1.45858174457106,1.45858174457106,1.45858174457106,1.45858174457106,1.45858174457106,1.45858174457106,1.45858174457106,1.45858174457106,1.45858174457106,1.45858174457106,1.45858174457106,1.45858174457106,1,1,1,1,1,1,1,1,1,1,1,1,1,1,1,1,1,1,1,1,1,1,1,1,1,1,1,1,1,1,1,1,1,1,1,1,1,1,1,1
0.912989238682254,-1.50404794777612,0.372623868055465,0.285119050704937,2.47386874550891,3.89354955080486,1.55390605410563,0.2733782196782,-0.213957497725145,-3.09376567755014,-1.63238630862843,4.18612131445349,1.79873433610087,0.244983276451757,0.752247282841816,0.0522655300579142,-0.846340504770913,-2.33631436420318,1.21779058689839,-1.0584486591671,1.3335573156284,-0.477975222253724,-1.4041621128635,-1.82953162913616,-0.270129717547386,-0.566867565577603,0.459948895006724,0.537735462523068,-0.0399978681772915,0.921832680053845,-0.539000129776596,-0.84944178534875,-0.787524666859015,-0.543348059884384,0.162375865425917,1.58702845948384,-0.555397096518071,0.193790378425199,-2.39990764889092,-2.51178538258812,-2.65990558708462,-2.46674140774585,-2.27357722840709,-2.08041304906832,-1.88724886972956,-1.69408469039079,-1.50092051105203,-1.30775633171327,-1.1145921523745,-0.921427973035735,-0.728263793696971,-0.535099614358206,-0.34193543501944,-0.148771255680677,0.0443929236580889,0.237557102996853,0.430721282335618,0.623885461674387,0.817049641013151,1.01021382035191,1.01021382035191,1.01021382035191,1.01021382035191,1.01021382035191,1.01021382035191,1.01021382035191,1.01021382035191,1.01021382035191,1.01021382035191,1.01021382035191,1.01021382035191,1.01021382035191,1.01021382035191,1.01021382035191,1.01021382035191,1.01021382035191,1.01021382035191,1.01021382035191,1.01021382035191,1.01021382035191,3.58925694736345,2.05148432919756,0.816496977337849,-0.141025957502308,-0.846405324609503,-1.32496197327034,-1.60201675277142,-1.70289051239935,-1.65290410144074,-1.47737836918217,-1.20163416491027,-0.850992337911618,-0.450773737472835,-0.0262992128805131,0.397110386578744,0.794134211618323,1.13945141295163,1.40774114129205,1.57368254735301,1.61195478184788,1.61195478184788,1.61195478184788,1.61195478184788,1.61195478184788,1.61195478184788,1.61195478184788,1.61195478184788,1.61195478184788,1.61195478184788,1.61195478184788,1.61195478184788,1.61195478184788,1.61195478184788,1.61195478184788,1.61195478184788,1.61195478184788,1.61195478184788,1.61195478184788,1.61195478184788,1.61195478184788,-3.20582894051565,-2.95862683506748,-2.71142472961931,-2.46422262417114,-2.21702051872297,-1.9698184132748,-1.72228332192186,-1.47137385141667,-1.20907608817619,-0.933008368343881,-0.657566823245247,-0.404899638104141,-0.184208921075284,0.0133702719752975,0.200728835588469,0.385057522085605,0.573662779264218,0.779023576952836,1.00956506203477,1.25837260151059,1.25837260151059,1.25837260151059,1.25837260151059,1.25837260151059,1.25837260151059,1.25837260151059,1.25837260151059,1.25837260151059,1.25837260151059,1.25837260151059,1.25837260151059,1.25837260151059,1.25837260151059,1.25837260151059,1.25837260151059,1.25837260151059,1.25837260151059,1.25837260151059,1.25837260151059,1.25837260151059,1,1,1,1,1,1,1,1,1,1,1,1,1,1,1,1,1,1,1,1,1,1,1,1,1,1,1,1,1,1,1,1,1,1,1,1,1,1,1,1
0.0444313765012478,2.88471225884282,0.685522570310485,-2.28970498074429,1.71942884890797,1.24882601781741,-0.871282924825477,-0.260373007104601,1.10237273690885,-1.17338694604435,-2.83302395783498,1.10691113270351,-0.853329397670237,-1.66512192452041,0.476306361571169,1.4723121935845,-2.00155730695791,2.87748689233079,0.178608074321815,1.41305596083036,-2.27834123535196,1.39280467323499,-0.202785959141474,-3.01203943506532,0.177381516551495,-0.380522268757794,-1.59031994260615,0.224260113415662,0.478993145405125,-1.50399316451839,-0.747773924493783,0.780250044636706,2.36828343404413,0.402525810517906,3.88399813490919,2.38681934815074,0.192216146257374,0.393951655110989,2.01297019389434,0.791899685726825,2.29450490841256,2.16112021630533,2.0277355241981,1.89435083209086,1.76096613998363,1.6275814478764,1.49419675576917,1.36081206366193,1.2274273715547,1.09404267944747,0.96065798734023,0.827273295232999,0.693888603125766,0.560503911018534,0.427119218911299,0.293734526804066,0.160349834696834,0.0269651425895994,-0.106419549517632,-0.239804241624865,-0.239804241624865,-0.239804241624865,-0.239804241624865,-0.239804241624865,-0.239804241624865,-0.239804241624865,-0.239804241624865,-0.239804241624865,-0.239804241624865,-0.239804241624865,-0.239804241624865,-0.239804241624865,-0.239804241624865,-0.239804241624865,-0.239804241624865,-0.239804241624865,-0.239804241624865,-0.239804241624865,-0.239804241624865,-0.239804241624865,12.3717622417435,9.30035995025412,6.79008482782406,4.78837283128337,3.24265991746213,2.1003820431904,1.30897516529829,0.81587524061587,0.568518225973211,0.514340078200421,0.600776754127553,0.775264210584716,0.985238404401954,1.17813529240941,1.30139083143711,1.30244097831513,1.12872168987361,0.727668922942598,0.0467186343521639,-0.966693219067592,-0.966693219067592,-0.966693219067592,-0.966693219067592,-0.966693219067592,-0.966693219067592,-0.966693219067592,-0.966693219067592,-0.966693219067592,-0.966693219067592,-0.966693219067592,-0.966693219067592,-0.966693219067592,-0.966693219067592,-0.966693219067592,-0.966693219067592,-0.966693219067592,-0.966693219067592,-0.966693219067592,-0.966693219067592,-0.966693219067592,7.48448358437911,6.54230643929986,5.60012929422061,4.65795214914138,3.71577500406214,2.77359785898289,1.85817586330153,1.09046344891539,0.563313888346457,0.337301047632284,0.416171571115113,0.652706133177691,0.835590030527475,0.885241509265533,0.842365597190888,0.733312799499421,0.572194361554295,0.407920963556064,0.274976414620097,0.16247864318888,0.16247864318888,0.16247864318888,0.16247864318888,0.16247864318888,0.16247864318888,0.16247864318888,0.16247864318888,0.16247864318888,0.16247864318888,0.16247864318888,0.16247864318888,0.16247864318888,0.16247864318888,0.16247864318888,0.16247864318888,0.16247864318888,0.16247864318888,0.16247864318888,0.16247864318888,0.16247864318888,1,1,1,1,1,1,1,1,1,1,1,1,1,1,1,1,1,1,1,1,1,1,1,1,1,1,1,1,1,1,1,1,1,1,1,1,1,1,1,1
-2.386978728739,-0.754304734950752,1.26987080412584,0.130393667917508,-0.389062169210331,-0.915125868699662,-0.193768667345545,-0.197527966564863,-0.279472124049457,0.224443004299635,-1.58669856292639,-2.13939824348567,-1.43789472336303,-1.48207257447461,0.714999579747927,1.10414264113146,-0.749748953134164,-0.415400604285526,2.83189792833946,1.84666151997151,1.03540578050759,0.928336664228025,0.775956886262691,-2.20463201371753,-1.41614134585129,-1.5962831352929,0.284734575624054,-1.02668271115312,2.0572696561432,-0.109583332577669,-1.25349844571642,-0.295559193327062,-2.83719149198913,-0.726817770568259,1.18505868146729,1.35548758044759,0.0263547064062344,0.222161677366946,-0.103481584147499,-0.643243104054667,2.02172065781423,1.92323396790186,1.82474727798949,1.72626058807712,1.62777389816475,1.52928720825239,1.43080051834002,1.33231382842765,1.23382713851528,1.13534044860291,1.03685375869054,0.938367068778174,0.839880378865804,0.741393688953435,0.642906999041065,0.544420309128698,0.445933619216328,0.347446929303961,0.248960239391591,0.150473549479225,0.150473549479225,0.150473549479225,0.150473549479225,0.150473549479225,0.150473549479225,0.150473549479225,0.150473549479225,0.150473549479225,0.150473549479225,0.150473549479225,0.150473549479225,0.150473549479225,0.150473549479225,0.150473549479225,0.150473549479225,0.150473549479225,0.150473549479225,0.150473549479225,0.150473549479225,0.150473549479225,0.17359805487761,1.01115506801631,1.58962962804272,1.94069403582378,2.09602059222641,2.08728159811754,1.94614935436409,1.704296161833,1.39339432139119,1.04511613390558,0.691133900243122,0.363119921270725,0.0927464978553196,-0.0883140691361675,-0.14838947883681,-0.0558074303796694,0.221104377102167,0.714018244475636,1.45460647260767,2.47454136236518,2.47454136236518,2.47454136236518,2.47454136236518,2.47454136236518,2.47454136236518,2.47454136236518,2.47454136236518,2.47454136236518,2.47454136236518,2.47454136236518,2.47454136236518,2.47454136236518,2.47454136236518,2.47454136236518,2.47454136236518,2.47454136236518,2.47454136236518,2.47454136236518,2.47454136236518,2.47454136236518,2.99899186264759,2.76773076664214,2.53646967063668,2.30520857463123,2.07394747862577,1.84268638262032,1.61283349817374,1.38965749176474,1.17357337001879,0.969864569278926,0.797991153577051,0.676718394288326,0.605192831009168,0.566680135424889,0.545844727376076,0.537278185937819,0.542209796266601,0.562299104649114,0.595648529301522,0.636368387756862,0.636368387756862,0.636368387756862,0.636368387756862,0.636368387756862,0.636368387756862,0.636368387756862,0.636368387756862,0.636368387756862,0.636368387756862,0.636368387756862,0.636368387756862,0.636368387756862,0.636368387756862,0.636368387756862,0.636368387756862,0.636368387756862,0.636368387756862,0.636368387756862,0.636368387756862,0.636368387756862,1,1,1,1,1,1,1,1,1,1,1,1,1,1,1,1,1,1,1,1,1,1,1,1,1,1,1,1,1,1,1,1,1,1,1,1,1,1,1,1
-1.01999842654953,0.586195889874961,-0.1003362813656,-1.14679514039896,-1.5204924635121,2.24021761932115,0.729127444796108,-0.155688589990087,0.370603103296355,-0.966325463204459,-3.53761838425089,0.992034925964848,-0.175402354309226,1.58085649808163,0.221863535639262,0.578918877551478,-1.44078815669631,0.614050869592001,-0.269315083322683,-1.89529564266974,-0.0225226196865442,-1.41081733519678,-2.25272481917379,-3.75865141922361,4.36891449949315,1.24580483484068,-0.546134295328862,0.415685268263257,0.695024921054845,0.187282479441587,0.954856568098773,-0.418831078708324,0.207873940717375,2.94479251234813,1.25444700994097,0.302070448480553,-1.04376731750835,0.425893899870342,1.93226446378354,0.188942274075067,1.11148580884941,1.07549518866158,1.03950456847375,1.00351394828592,0.967523328098084,0.931532707910254,0.895542087722422,0.859551467534589,0.823560847346759,0.787570227158925,0.751579606971092,0.715588986783263,0.679598366595432,0.6436077464076,0.60761712621977,0.571626506031938,0.535635885844108,0.499645265656278,0.463654645468441,0.427664025280611,0.427664025280611,0.427664025280611,0.427664025280611,0.427664025280611,0.427664025280611,0.427664025280611,0.427664025280611,0.427664025280611,0.427664025280611,0.427664025280611,0.427664025280611,0.427664025280611,0.427664025280611,0.427664025280611,0.427664025280611,0.427664025280611,0.427664025280611,0.427664025280611,0.427664025280611,0.427664025280611,18.0608317753584,12.9228995798107,8.79799477266589,5.58695689084339,3.19062547126243,1.50984005084232,0.445440166502369,-0.101734644838146,-0.230844846259895,-0.0410509008436026,0.36848672833003,0.898607578180307,1.45015118562655,1.92395708758804,2.22086482098406,2.24171392273395,1.887343929757,1.05859437897247,-0.343695192700306,-2.41868524834201,-2.41868524834201,-2.41868524834201,-2.41868524834201,-2.41868524834201,-2.41868524834201,-2.41868524834201,-2.41868524834201,-2.41868524834201,-2.41868524834201,-2.41868524834201,-2.41868524834201,-2.41868524834201,-2.41868524834201,-2.41868524834201,-2.41868524834201,-2.41868524834201,-2.41868524834201,-2.41868524834201,-2.41868524834201,-2.41868524834201,1.17785398487283,1.09959120143102,1.02132841798923,0.943065634547436,0.864802851105628,0.786540067663836,0.709685393404913,0.639676699326765,0.580845421457175,0.554950960311961,0.596396175541415,0.718539235521407,0.91106527551592,1.14476817517548,1.34100089703854,1.37845249028033,1.17283660888922,0.724502332848306,0.0911283260784579,-0.640652408710595,-0.640652408710595,-0.640652408710595,-0.640652408710595,-0.640652408710595,-0.640652408710595,-0.640652408710595,-0.640652408710595,-0.640652408710595,-0.640652408710595,-0.640652408710595,-0.640652408710595,-0.640652408710595,-0.640652408710595,-0.640652408710595,-0.640652408710595,-0.640652408710595,-0.640652408710595,-0.640652408710595,-0.640652408710595,-0.640652408710595,1,1,1,1,1,1,1,1,1,1,1,1,1,1,1,1,1,1,1,1,1,1,1,1,1,1,1,1,1,1,1,1,1,1,1,1,1,1,1,1
-0.188838738938417,0.829418452286408,-1.99912962839694,-1.15025541019629,-0.284641468988335,1.42429591832752,-0.0365358061500336,2.04649393265744,0.82758060743622,-0.685675401452212,-0.821136441519599,-0.874471681483113,-0.179685989972185,2.71396046306172,-0.190942961154914,1.13008636139289,1.21469067542724,-0.0959035071590879,-1.76210280506637,-0.794881511055648,-0.100178094270129,1.23979394950931,0.0944478143766716,-0.18335830032316,1.67159366233419,-0.0983464429014713,-0.192716894807814,1.57111422940198,-0.359443218229453,0.719958280581899,0.0423639546690886,-1.53504607844806,0.169679191128838,-2.36952882084183,0.16568247179981,-0.756725882827869,-2.60739703064082,1.5381958058855,0.875654096378378,0.948122214369945,2.82826540671568,2.63925797769284,2.45025054867001,2.26124311964717,2.07223569062433,1.8832282616015,1.69422083257866,1.50521340355582,1.31620597453299,1.12719854551015,0.938191116487312,0.749183687464475,0.56017625844164,0.371168829418801,0.182161400395966,-0.006846028626871,-0.19585345764971,-0.384860886672545,-0.573868315695382,-0.762875744718217,-0.762875744718217,-0.762875744718217,-0.762875744718217,-0.762875744718217,-0.762875744718217,-0.762875744718217,-0.762875744718217,-0.762875744718217,-0.762875744718217,-0.762875744718217,-0.762875744718217,-0.762875744718217,-0.762875744718217,-0.762875744718217,-0.762875744718217,-0.762875744718217,-0.762875744718217,-0.762875744718217,-0.762875744718217,-0.762875744718217,-21.0868937802113,-15.4392199027066,-10.725599654285,-6.8704888532606,-3.79834331794779,-1.43361886666085,0.299228682285963,1.47574351057832,2.17146979990196,2.46195173194259,2.42273348838592,2.12935925091765,1.65737320122355,1.08231952098928,0.479742391900508,-0.0748140043569432,-0.505805486097447,-0.73768787163524,-0.694916979284699,-0.301948627359961,-0.301948627359961,-0.301948627359961,-0.301948627359961,-0.301948627359961,-0.301948627359961,-0.301948627359961,-0.301948627359961,-0.301948627359961,-0.301948627359961,-0.301948627359961,-0.301948627359961,-0.301948627359961,-0.301948627359961,-0.301948627359961,-0.301948627359961,-0.301948627359961,-0.301948627359961,-0.301948627359961,-0.301948627359961,-0.301948627359961,-2.63049965479788,-2.07737747573901,-1.52425529668015,-0.971133117621301,-0.418010938562435,0.135111240496433,0.671140691756262,1.11127456362282,1.40126506314888,1.55962634395058,1.63703725533259,1.65157911945468,1.57310854333459,1.3637896245548,1.01582265480393,0.551122821420336,0.0178584569716786,-0.501922366888151,-0.930209291146349,-1.2708201822305,-1.2708201822305,-1.2708201822305,-1.2708201822305,-1.2708201822305,-1.2708201822305,-1.2708201822305,-1.2708201822305,-1.2708201822305,-1.2708201822305,-1.2708201822305,-1.2708201822305,-1.2708201822305,-1.2708201822305,-1.2708201822305,-1.2708201822305,-1.2708201822305,-1.2708201822305,-1.2708201822305,-1.2708201822305,-1.2708201822305,1,1,1,1,1,1,1,1,1,1,1,1,1,1,1,1,1,1,1,1,1,1,1,1,1,1,1,1,1,1,1,1,1,1,1,1,1,1,1,1
0.238825862435749,-0.422406092754003,0.114420005759769,-1.46306996995447,1.78847405594481,0.589629537009399,3.13625686644385,0.785247939839927,0.531996811895219,-1.60069271914716,2.36512858443067,1.51181666862694,-2.2050986435855,0.140761511429488,-0.158419549574056,0.0169709500141444,2.46795219973876,-1.72659506800795,-1.46693039666537,-3.38028909898125,0.807442088067097,0.0567880936717078,3.07486256379764,-1.64137052265655,-1.23312762869359,1.79651394410894,0.415735546163193,-1.34533322612386,-2.36241550623675,-0.0532688949951297,3.13498782468568,-2.30716758503807,2.35820543082162,0.451752652517488,-3.16645243445455,2.9490763891601,0.687744026266081,1.04988090251562,1.02124170401079,-2.79711914432405,2.58007339603777,2.48875450401276,2.39743561198776,2.30611671996276,2.21479782793775,2.12347893591275,2.03216004388775,1.94084115186274,1.84952225983774,1.75820336781274,1.66688447578773,1.57556558376273,1.48424669173773,1.39292779971272,1.30160890768772,1.21029001566272,1.11897112363771,1.02765223161271,0.936333339587707,0.845014447562704,0.845014447562704,0.845014447562704,0.845014447562704,0.845014447562704,0.845014447562704,0.845014447562704,0.845014447562704,0.845014447562704,0.845014447562704,0.845014447562704,0.845014447562704,0.845014447562704,0.845014447562704,0.845014447562704,0.845014447562704,0.845014447562704,0.845014447562704,0.845014447562704,0.845014447562704,0.845014447562704,-34.1141699778564,-24.6159397834183,-16.7872957225242,-10.4811108215212,-5.55025810675639,-1.84761060457687,0.773958658670235,2.46157665663785,3.36237036297885,3.62346675134613,3.39199279539258,2.81507546877113,2.03984174513468,1.21341859813609,0.48293300142827,-0.00448807133590456,-0.101717646503474,0.338371249578449,1.46290559056265,3.4190123501022,3.4190123501022,3.4190123501022,3.4190123501022,3.4190123501022,3.4190123501022,3.4190123501022,3.4190123501022,3.4190123501022,3.4190123501022,3.4190123501022,3.4190123501022,3.4190123501022,3.4190123501022,3.4190123501022,3.4190123501022,3.4190123501022,3.4190123501022,3.4190123501022,3.4190123501022,3.4190123501022,-1.7271846206616,-1.20671577329928,-0.686246925936968,-0.165778078574653,0.354690768787669,0.875159616149981,1.39026644838622,1.86416832852373,2.21851044109936,2.36981602165739,2.27655130620905,1.96320235095896,1.53241066977925,1.14105188335543,0.917222645180299,0.892270711054813,1.02494885320648,1.26739118205867,1.58591487679234,1.94486909758899,1.94486909758899,1.94486909758899,1.94486909758899,1.94486909758899,1.94486909758899,1.94486909758899,1.94486909758899,1.94486909758899,1.94486909758899,1.94486909758899,1.94486909758899,1.94486909758899,1.94486909758899,1.94486909758899,1.94486909758899,1.94486909758899,1.94486909758899,1.94486909758899,1.94486909758899,1.94486909758899,1,1,1,1,1,1,1,1,1,0,1,1,1,1,1,1,1,1,1,1,1,1,1,1,1,1,1,1,1,1,1,1,1,1,1,1,1,1,1,1
-1.43288103916815,0.597665824325722,-0.659068647964656,1.70785205158753,2.05126483154849,0.84360611908644,-0.744585757907065,-1.38598630007422,0.724572753293048,0.239236448742931,3.20489452745781,1.72296040008116,0.367415641015887,-0.660573466633636,-0.0888248595912309,-0.035229535147975,0.9866911182236,2.17064908484692,0.27715232831474,2.71095024136389,-0.805956518479951,0.561583975416593,0.475291770995456,1.61647085109826,0.888661780893049,1.46038324462171,0.818039096901561,0.871516995019759,-2.68510043036513,0.0195487915598722,-0.310794878469634,-0.798037127034773,0.662928493951956,-0.205694404972899,1.25939845127673,-2.8003212361996,-3.46344835164073,-0.842905984813378,-2.27615621355083,0.715465379226366,1.70247223726104,1.62579649391757,1.54912075057409,1.47244500723062,1.39576926388714,1.31909352054367,1.24241777720019,1.16574203385671,1.08906629051324,1.01239054716976,0.935714803826288,0.859039060482813,0.782363317139339,0.705687573795863,0.629011830452386,0.552336087108912,0.475660343765437,0.398984600421963,0.322308857078486,0.245633113735012,0.245633113735012,0.245633113735012,0.245633113735012,0.245633113735012,0.245633113735012,0.245633113735012,0.245633113735012,0.245633113735012,0.245633113735012,0.245633113735012,0.245633113735012,0.245633113735012,0.245633113735012,0.245633113735012,0.245633113735012,0.245633113735012,0.245633113735012,0.245633113735012,0.245633113735012,0.245633113735012,-25.2301061810412,-18.2381082294746,-12.4784164858753,-7.84265530038999,-4.22244902316546,-1.50942200434843,0.40480140591432,1.62859685747606,2.27034000019003,2.43840648390948,2.24117195848767,1.78701207377786,1.18430247963325,0.541418825907146,-0.0332632375472475,-0.431368060876638,-0.544519994227782,-0.26434338774747,0.517537408417578,1.90949804412061,1.90949804412061,1.90949804412061,1.90949804412061,1.90949804412061,1.90949804412061,1.90949804412061,1.90949804412061,1.90949804412061,1.90949804412061,1.90949804412061,1.90949804412061,1.90949804412061,1.90949804412061,1.90949804412061,1.90949804412061,1.90949804412061,1.90949804412061,1.90949804412061,1.90949804412061,1.90949804412061,-3.28903113768143,-2.71734011549333,-2.14564909330528,-1.57395807111723,-1.00226704892915,-0.430576026741084,0.148856878692452,0.766360073696487,1.41199463701707,1.99591640897766,2.35783843532474,2.33949686179314,1.90759880484567,1.22418205478983,0.551978833743334,0.0652010924736519,-0.211845952425458,-0.291905046627754,-0.16255571917619,0.122459363761946,0.122459363761946,0.122459363761946,0.122459363761946,0.122459363761946,0.122459363761946,0.122459363761946,0.122459363761946,0.122459363761946,0.122459363761946,0.122459363761946,0.122459363761946,0.122459363761946,0.122459363761946,0.122459363761946,0.122459363761946,0.122459363761946,0.122459363761946,0.122459363761946,0.122459363761946,0.122459363761946,1,1,1,1,1,1,1,1,1,1,1,1,1,1,1,1,1,1,1,1,1,1,1,1,1,1,1,1,1,1,1,1,1,1,1,1,1,1,1,1
3.17727948773668,0.0659842395875372,-1.32346596612732,1.25643921385891,-0.371404573084483,-0.46925041380257,0.112070571816357,0.0994809027139851,0.410143857523176,0.738557611595223,2.58477292874065,1.06009884197233,-1.07694126666068,-1.3368438555073,-0.694319190670132,0.0709389455574598,-3.77650699646365,0.759778460555699,0.910997578474232,-0.568258143052622,-0.450561728576252,3.02801984900018,1.71444692856419,1.98184654693581,0.577224807437123,-1.86565063959272,1.83331946558318,-1.28736749843476,-2.48772837980751,-1.74967163611183,2.31361102383506,-1.40538131447028,-2.26657248088025,-1.02279736255368,-1.00365768311814,3.14643217119708,-0.522933175346273,-0.539231495109345,-3.22904686642024,-0.524852325066217,3.49616398203815,3.0826498339386,2.66913568583905,2.25562153773949,1.84210738963994,1.42859324154039,1.01507909344083,0.601564945341281,0.188050797241727,-0.225463350857824,-0.638977498957379,-1.05249164705693,-1.46600579515648,-1.87951994325604,-2.29303409135559,-2.70654823945514,-3.1200623875547,-3.53357653565425,-3.9470906837538,-4.36060483185336,-4.36060483185336,-4.36060483185336,-4.36060483185336,-4.36060483185336,-4.36060483185336,-4.36060483185336,-4.36060483185336,-4.36060483185336,-4.36060483185336,-4.36060483185336,-4.36060483185336,-4.36060483185336,-4.36060483185336,-4.36060483185336,-4.36060483185336,-4.36060483185336,-4.36060483185336,-4.36060483185336,-4.36060483185336,-4.36060483185336,-3.33236314795617,-2.93188839519188,-2.47959161014393,-1.99651775594508,-1.50371179572812,-1.02221869262583,-0.57308340977098,-0.177350910296359,0.143933842665261,0.369725885981095,0.478980256518369,0.45065199114431,0.263696126726122,-0.102932299868966,-0.67027825177373,-1.45938669212095,-2.49130258404341,-3.78707089067389,-5.36773657514516,-7.25434460059001,-7.25434460059001,-7.25434460059001,-7.25434460059001,-7.25434460059001,-7.25434460059001,-7.25434460059001,-7.25434460059001,-7.25434460059001,-7.25434460059001,-7.25434460059001,-7.25434460059001,-7.25434460059001,-7.25434460059001,-7.25434460059001,-7.25434460059001,-7.25434460059001,-7.25434460059001,-7.25434460059001,-7.25434460059001,-7.25434460059001,-2.9269802279818,-2.48863244044543,-2.05028465290905,-1.61193686537267,-1.17358907783629,-0.735241290299904,-0.303665520265913,0.0840763904760342,0.371169954047771,0.502602206789328,0.45505859758771,0.249237145017672,-0.08493019897635,-0.552501963217875,-1.18503292759549,-1.99583072922781,-2.96555630193546,-4.06416797464614,-5.26040803201009,-6.51039683131102,-6.51039683131102,-6.51039683131102,-6.51039683131102,-6.51039683131102,-6.51039683131102,-6.51039683131102,-6.51039683131102,-6.51039683131102,-6.51039683131102,-6.51039683131102,-6.51039683131102,-6.51039683131102,-6.51039683131102,-6.51039683131102,-6.51039683131102,-6.51039683131102,-6.51039683131102,-6.51039683131102,-6.51039683131102,-6.51039683131102,1,1,1,1,1,1,1,1,1,1,1,1,1,1,1,1,1,1,1,0,0,0,0,0,0,0,0,0,0,0,0,0,0,0,0,0,0,0,0,0
-0.659423291255186,2.20883746453111,-0.958770526005141,-1.9094946701599,-0.951418561616194,0.263196201555211,-0.516860685579646,-2.01647230144279,-0.229417994055598,-0.471869823808566,-1.54300147802604,0.317750126637593,-1.58489294775944,-1.76136536198671,-0.889295740916422,0.90248644421084,0.778732704285606,-1.00304186355822,-0.0132035239999251,-3.98323896475842,-0.105441694530995,-2.34352852355462,1.17351532550006,-1.30735621388897,0.108612841463859,-0.42119928717797,0.562862654542116,3.06272375535932,-0.811008729997276,-0.713359007713427,-0.202565751183506,0.436542360701473,0.717509108758682,2.29455157073746,0.669918137506356,-1.73261097901551,0.473152000868142,-1.93854728458669,-1.3428323581344,1.06492391059574,0.508736781174998,0.439582672517822,0.370428563860647,0.301274455203471,0.232120346546295,0.162966237889121,0.093812129231944,0.0246580205747691,-0.0444960880824077,-0.113650196739584,-0.182804305396759,-0.251958414053934,-0.321112522711111,-0.390266631368284,-0.459420740025459,-0.528574848682636,-0.597728957339811,-0.666883065996988,-0.736037174654165,-0.805191283311341,-0.805191283311341,-0.805191283311341,-0.805191283311341,-0.805191283311341,-0.805191283311341,-0.805191283311341,-0.805191283311341,-0.805191283311341,-0.805191283311341,-0.805191283311341,-0.805191283311341,-0.805191283311341,-0.805191283311341,-0.805191283311341,-0.805191283311341,-0.805191283311341,-0.805191283311341,-0.805191283311341,-0.805191283311341,-0.805191283311341,17.7367000298596,12.6752111976925,8.56601084825756,5.31948673018439,2.84602659210257,1.05601818264172,-0.140150749568547,-0.83209245589863,-1.10941918771892,-1.06174319639982,-0.778676733311716,-0.349832049824997,0.135178602689948,0.58674297286271,0.91524880932292,1.03108386070017,0.844635875624059,0.266292602724205,-0.793558209369753,-2.42452881202823,-2.42452881202823,-2.42452881202823,-2.42452881202823,-2.42452881202823,-2.42452881202823,-2.42452881202823,-2.42452881202823,-2.42452881202823,-2.42452881202823,-2.42452881202823,-2.42452881202823,-2.42452881202823,-2.42452881202823,-2.42452881202823,-2.42452881202823,-2.42452881202823,-2.42452881202823,-2.42452881202823,-2.42452881202823,-2.42452881202823,0.878925094568428,0.749642991817009,0.620360889065595,0.491078786314179,0.361796683562762,0.23251458081134,0.101401167507769,-0.0371610121231214,-0.173238194937609,-0.282088169713392,-0.346957413441787,-0.373402518631613,-0.377187500237646,-0.364790970085583,-0.336219415598729,-0.30439656973452,-0.295828444496571,-0.325527387997834,-0.383072431726227,-0.44984628449008,-0.44984628449008,-0.44984628449008,-0.44984628449008,-0.44984628449008,-0.44984628449008,-0.44984628449008,-0.44984628449008,-0.44984628449008,-0.44984628449008,-0.44984628449008,-0.44984628449008,-0.44984628449008,-0.44984628449008,-0.44984628449008,-0.44984628449008,-0.44984628449008,-0.44984628449008,-0.44984628449008,-0.44984628449008,-0.44984628449008,1,1,1,1,1,1,1,1,1,1,1,1,1,1,1,1,1,1,1,1,1,1,1,1,1,1,1,1,1,1,1,1,1,1,1,1,1,1,1,1
0.468414219560212,-2.45889352884553,-0.885457398718696,1.95346348282652,-3.35299367095153,-2.7161745322565,-0.764219108245962,-0.768755470296302,0.625964575753605,-0.478231300706016,-1.99517089630089,2.07818053083135,-0.798287073445611,-0.211852767240929,2.79167071090097,-0.316329539048446,0.0761321852536234,0.539177612785203,-0.83263091261408,-3.48469465530419,0.947128828747854,1.14190787331598,-1.82078346747012,-0.362016759668537,0.85886263204249,0.758653391562365,-1.05876733119814,1.13328876499031,0.17915261118509,2.14563514368764,-0.207020993251385,1.53022059599334,-0.596993939590316,-1.17845120613019,0.503420367501324,1.59856678796389,2.75803526169442,1.61648404417053,0.441290036049914,1.85540904563251,2.45247006776363,2.16141942922903,1.87036879069441,1.5793181521598,1.28826751362519,0.997216875090581,0.706166236555973,0.415115598021361,0.124064959486748,-0.16698567904786,-0.458036317582472,-0.749086956117081,-1.04013759465169,-1.3311882331863,-1.62223887172091,-1.91328951025552,-2.20434014879013,-2.49539078732474,-2.78644142585935,-3.07749206439397,-3.07749206439397,-3.07749206439397,-3.07749206439397,-3.07749206439397,-3.07749206439397,-3.07749206439397,-3.07749206439397,-3.07749206439397,-3.07749206439397,-3.07749206439397,-3.07749206439397,-3.07749206439397,-3.07749206439397,-3.07749206439397,-3.07749206439397,-3.07749206439397,-3.07749206439397,-3.07749206439397,-3.07749206439397,-3.07749206439397,31.2074292732973,23.0440901848425,16.306103699188,10.8644187323017,6.58998420015186,3.35374901870673,1.02666210393447,-0.520327628196764,-1.41627126171878,-1.79021988066339,-1.77122456906243,-1.48833641094771,-1.07060649035105,-0.647085891304256,-0.346825697839179,-0.298876993987637,-0.632290863781364,-1.47611839125235,-2.95941066043218,-5.21121875535291,-5.21121875535291,-5.21121875535291,-5.21121875535291,-5.21121875535291,-5.21121875535291,-5.21121875535291,-5.21121875535291,-5.21121875535291,-5.21121875535291,-5.21121875535291,-5.21121875535291,-5.21121875535291,-5.21121875535291,-5.21121875535291,-5.21121875535291,-5.21121875535291,-5.21121875535291,-5.21121875535291,-5.21121875535291,-5.21121875535291,1.8759768300592,1.64774253806423,1.41950824606925,1.19127395407428,0.963039662079307,0.734805370084331,0.50645033194667,0.277692942853355,0.0496426736059661,-0.175339937272769,-0.394546300456968,-0.605529837760848,-0.80708210736481,-0.999479324493844,-1.18318309721893,-1.35855060191611,-1.52742155864969,-1.69319710887772,-1.8585593744981,-2.02424713164249,-2.02424713164249,-2.02424713164249,-2.02424713164249,-2.02424713164249,-2.02424713164249,-2.02424713164249,-2.02424713164249,-2.02424713164249,-2.02424713164249,-2.02424713164249,-2.02424713164249,-2.02424713164249,-2.02424713164249,-2.02424713164249,-2.02424713164249,-2.02424713164249,-2.02424713164249,-2.02424713164249,-2.02424713164249,-2.02424713164249,1,1,1,1,1,1,1,1,1,1,1,1,1,1,1,1,1,1,1,1,1,1,1,1,1,1,1,1,1,1,1,1,1,1,1,1,1,1,1,1
0.142462659374988,-1.39018542410317,0.339504786048099,-1.57592115566661,-1.57692269192863,0.527486714605396,1.03230150412543,0.49005591885634,0.733495626130345,1.37391675096485,0.20810633724674,1.44959100822851,0.264781291202636,0.579967800861874,0.666548818312133,2.68224326420098,-0.049706792219645,1.70725916186137,-0.152991906843594,3.72473722498683,-0.366123642143769,0.505756270777193,1.33714805080323,1.65208560739314,-2.21739076972697,-0.157998239758314,-1.12267469635036,2.1513020954038,1.2866862082821,1.69941367873421,-2.73785604817184,-0.253461149005208,-0.714696211257442,-0.138792059279481,-0.804176011147939,-3.93706268665831,-0.779964769539696,2.21450966474992,-2.45181192675241,-0.953242637686428,0.846667214176595,0.785082056631362,0.723496899086128,0.661911741540893,0.60032658399566,0.538741426450425,0.477156268905192,0.415571111359959,0.353985953814725,0.292400796269492,0.230815638724257,0.169230481179024,0.10764532363379,0.0460601660885569,-0.0155249914566777,-0.0771101490019124,-0.138695306547145,-0.200280464092378,-0.261865621637611,-0.323450779182847,-0.323450779182847,-0.323450779182847,-0.323450779182847,-0.323450779182847,-0.323450779182847,-0.323450779182847,-0.323450779182847,-0.323450779182847,-0.323450779182847,-0.323450779182847,-0.323450779182847,-0.323450779182847,-0.323450779182847,-0.323450779182847,-0.323450779182847,-0.323450779182847,-0.323450779182847,-0.323450779182847,-0.323450779182847,-0.323450779182847,0.435966321273607,0.186246206226806,0.0258387470803139,-0.057747045238755,-0.0770021598032855,-0.0444175856861682,0.0275156880397116,0.126306672301473,0.239464378026218,0.354497816141071,0.458915997573136,0.540227933249531,0.585942634097369,0.58356911104376,0.520616375015825,0.384593436940666,0.163009307745407,-0.156627001642832,-0.586806480296968,-1.14002011728986,-1.14002011728986,-1.14002011728986,-1.14002011728986,-1.14002011728986,-1.14002011728986,-1.14002011728986,-1.14002011728986,-1.14002011728986,-1.14002011728986,-1.14002011728986,-1.14002011728986,-1.14002011728986,-1.14002011728986,-1.14002011728986,-1.14002011728986,-1.14002011728986,-1.14002011728986,-1.14002011728986,-1.14002011728986,-1.14002011728986,1.43224288733279,1.28743393338703,1.14262497944127,0.997816025495506,0.853007071549741,0.708198117603978,0.564375330601871,0.42678084511812,0.302669354488946,0.197841673281976,0.113266787819901,0.0448738945758205,-0.0109984257462106,-0.0525828012575644,-0.0759344576478416,-0.0823841624793324,-0.0793373022561585,-0.0737931247887431,-0.0681060224460062,-0.0621316615780678,-0.0621316615780678,-0.0621316615780678,-0.0621316615780678,-0.0621316615780678,-0.0621316615780678,-0.0621316615780678,-0.0621316615780678,-0.0621316615780678,-0.0621316615780678,-0.0621316615780678,-0.0621316615780678,-0.0621316615780678,-0.0621316615780678,-0.0621316615780678,-0.0621316615780678,-0.0621316615780678,-0.0621316615780678,-0.0621316615780678,-0.0621316615780678,-0.0621316615780678,1,1,1,1,1,1,1,1,1,1,1,1,1,1,1,1,1,1,1,1,1,1,1,1,1,1,1,1,1,1,1,1,1,1,1,1,1,1,1,1
0.868172370562171,-1.3280643151022,0.982057132298062,-0.0810973895995479,-0.26217076311123,-0.576309088671316,1.33064065648201,0.182575069874344,0.335442418384751,0.616728517023732,2.2477021747347,1.48499579777475,2.24407346584687,0.973184962649793,-2.0793118320935,0.573050936408356,0.522984496406343,-0.860922039348949,0.68151610484192,-0.222338291409139,-2.05783110714673,0.100024621750331,0.729572833364907,-1.41489478261795,-1.68709117125626,1.19358917333201,1.00810434177164,1.41085957143467,-1.89926328687296,-1.13277278848309,1.79890442661471,0.679523329495488,0.0286840811105122,-1.48629016701892,-0.851352728569832,0.252310966422181,-0.165204458125345,0.867646588800842,0.789271819216639,-2.71321261704654,1.61479315415797,1.5476089687934,1.48042478342883,1.41324059806426,1.34605641269969,1.27887222733512,1.21168804197055,1.14450385660598,1.07731967124141,1.01013548587684,0.942951300512274,0.875767115147706,0.808582929783135,0.741398744418566,0.674214559053995,0.607030373689426,0.539846188324857,0.472662002960286,0.405477817595717,0.338293632231149,0.338293632231149,0.338293632231149,0.338293632231149,0.338293632231149,0.338293632231149,0.338293632231149,0.338293632231149,0.338293632231149,0.338293632231149,0.338293632231149,0.338293632231149,0.338293632231149,0.338293632231149,0.338293632231149,0.338293632231149,0.338293632231149,0.338293632231149,0.338293632231149,0.338293632231149,0.338293632231149,5.20534360150902,3.84931771577971,2.78503418941528,1.9813530582649,1.40713435817773,1.0312381250029,0.822524394589619,0.749853202787014,0.782084585444235,0.88807857841047,1.03669521753487,1.19679453866658,1.33723657765477,1.42688137034861,1.43458895259722,1.32921936024984,1.07963262915556,0.654688795163523,0.0232478941229726,-0.845830038116988,-0.845830038116988,-0.845830038116988,-0.845830038116988,-0.845830038116988,-0.845830038116988,-0.845830038116988,-0.845830038116988,-0.845830038116988,-0.845830038116988,-0.845830038116988,-0.845830038116988,-0.845830038116988,-0.845830038116988,-0.845830038116988,-0.845830038116988,-0.845830038116988,-0.845830038116988,-0.845830038116988,-0.845830038116988,-0.845830038116988,0.199270446841201,0.310566540883955,0.421862634926707,0.533158728969458,0.644454823012214,0.755750917054966,0.865906420017366,0.969248140364765,1.05930849383809,1.13075125590639,1.17967840199722,1.20397209933806,1.19960686753327,1.15410899180244,1.04819644718993,0.869806271044933,0.626792142075368,0.343370880734808,0.0442234406548305,-0.257490576833559,-0.257490576833559,-0.257490576833559,-0.257490576833559,-0.257490576833559,-0.257490576833559,-0.257490576833559,-0.257490576833559,-0.257490576833559,-0.257490576833559,-0.257490576833559,-0.257490576833559,-0.257490576833559,-0.257490576833559,-0.257490576833559,-0.257490576833559,-0.257490576833559,-0.257490576833559,-0.257490576833559,-0.257490576833559,-0.257490576833559,1,1,1,1,1,1,1,1,1,1,1,1,1,1,1,1,1,1,1,1,1,1,1,1,1,1,1,1,1,1,1,1,1,1,1,1,1,1,1,1
0.550821066361511,-0.340085825857434,-1.18897979368458,-0.177520324939437,2.19777618618128,-0.241362842195031,1.68652253802746,-0.427483809038284,-0.13278919211311,0.104936623092229,0.547961989152432,-1.02848915622503,-0.670979294202315,-0.476176876680535,-1.63921934272107,-0.611560195971371,-0.0639328817302793,-0.793682714664611,1.51617794389057,-0.184632923312403,-0.297522954808835,1.54295770066795,-0.245206139666724,-0.556663974167442,-0.760417801486254,-0.666469759497,-0.12719503206686,0.577948389916207,0.636937373919904,-0.385051877967204,-1.06422758213525,-0.442724663566969,0.190889789747736,-2.01597349229712,-1.0412394123795,1.05916092488302,-1.23901074631583,0.913785485666535,0.125080607581276,1.31804046150597,-0.622595761704744,-0.696164005857592,-0.769732250010441,-0.843300494163289,-0.916868738316136,-0.990436982468988,-1.06400522662183,-1.13757347077468,-1.21114171492753,-1.28470995908038,-1.35827820323323,-1.43184644738608,-1.50541469153892,-1.57898293569177,-1.65255117984462,-1.72611942399747,-1.79968766815032,-1.87325591230317,-1.94682415645602,-2.02039240060886,-2.02039240060886,-2.02039240060886,-2.02039240060886,-2.02039240060886,-2.02039240060886,-2.02039240060886,-2.02039240060886,-2.02039240060886,-2.02039240060886,-2.02039240060886,-2.02039240060886,-2.02039240060886,-2.02039240060886,-2.02039240060886,-2.02039240060886,-2.02039240060886,-2.02039240060886,-2.02039240060886,-2.02039240060886,-2.02039240060886,13.7782083300772,9.94642676159054,6.75231998833283,4.14238973190312,2.06313771390044,0.461065655923825,-0.717324720427706,-1.52553169355511,-2.01705354185937,-2.24538854374145,-2.26403497760231,-2.12649112184293,-1.8862552548643,-1.59682565506733,-1.31170060085305,-1.0843783706224,-0.968357242776372,-1.01713549571589,-1.28421140784201,-1.82308325755562,-1.82308325755562,-1.82308325755562,-1.82308325755562,-1.82308325755562,-1.82308325755562,-1.82308325755562,-1.82308325755562,-1.82308325755562,-1.82308325755562,-1.82308325755562,-1.82308325755562,-1.82308325755562,-1.82308325755562,-1.82308325755562,-1.82308325755562,-1.82308325755562,-1.82308325755562,-1.82308325755562,-1.82308325755562,-1.82308325755562,-0.320240884312008,-0.445672793204906,-0.571104702097802,-0.696536610990696,-0.821968519883592,-0.947400428776489,-1.07171790960785,-1.18816646685801,-1.28550217875794,-1.35974564081901,-1.42092945528156,-1.48159564504703,-1.54223644403592,-1.59439177428009,-1.63404991750096,-1.66504801056444,-1.69281496115108,-1.72172581913621,-1.75561652803725,-1.79456711273363,-1.79456711273363,-1.79456711273363,-1.79456711273363,-1.79456711273363,-1.79456711273363,-1.79456711273363,-1.79456711273363,-1.79456711273363,-1.79456711273363,-1.79456711273363,-1.79456711273363,-1.79456711273363,-1.79456711273363,-1.79456711273363,-1.79456711273363,-1.79456711273363,-1.79456711273363,-1.79456711273363,-1.79456711273363,-1.79456711273363,1,1,1,1,1,1,1,1,1,1,1,1,1,1,1,1,1,1,1,1,1,1,1,1,1,1,1,1,1,1,1,1,1,1,1,1,1,1,1,1
-0.511169926606136,-1.19111066975221,-0.516174411279795,1.48672314937107,-0.515494508538848,-0.483181389797785,-2.67726593030321,2.58163998319738,-0.632775815415194,-0.71909683278061,-1.04083385459593,-1.09839299857764,-1.88429484502984,-2.75831608649252,1.53666141291106,0.159779334902117,0.0910304376212565,1.24836244017077,-1.07519712139482,1.00226374158883,1.93772635533584,-1.00212021379264,0.678776157537913,-2.74509969782933,-0.990813307497589,-3.19201184794817,-0.254628860235012,1.74138200108217,1.60689831136259,-0.964059423482178,-0.748541697182066,-0.7667680379268,-0.471937308508656,-1.97217804119752,-1.90556858662361,0.0799829471565445,0.561319366236111,-1.81614549107017,3.39560697548353,0.161240535636056,-3.03817987992526,-2.89924716069707,-2.76031444146889,-2.62138172224071,-2.48244900301252,-2.34351628378434,-2.20458356455615,-2.06565084532797,-1.92671812609979,-1.7877854068716,-1.64885268764342,-1.50991996841524,-1.37098724918705,-1.23205452995887,-1.09312181073069,-0.954189091502503,-0.81525637227432,-0.676323653046135,-0.537390933817953,-0.398458214589766,-0.398458214589766,-0.398458214589766,-0.398458214589766,-0.398458214589766,-0.398458214589766,-0.398458214589766,-0.398458214589766,-0.398458214589766,-0.398458214589766,-0.398458214589766,-0.398458214589766,-0.398458214589766,-0.398458214589766,-0.398458214589766,-0.398458214589766,-0.398458214589766,-0.398458214589766,-0.398458214589766,-0.398458214589766,-0.398458214589766,-19.004914259326,-15.0869495300686,-11.7324226053982,-8.9012634431046,-6.55340200097739,-4.64876823680632,-3.1472921083811,-2.00890357349147,-1.19353258992712,-0.661109115477755,-0.371563107933104,-0.284824525082897,-0.360823324716813,-0.559489464624583,-0.840752902595922,-1.16454359642055,-1.49079150388813,-1.77942658278846,-1.9903787909112,-2.08357808604605,-2.08357808604605,-2.08357808604605,-2.08357808604605,-2.08357808604605,-2.08357808604605,-2.08357808604605,-2.08357808604605,-2.08357808604605,-2.08357808604605,-2.08357808604605,-2.08357808604605,-2.08357808604605,-2.08357808604605,-2.08357808604605,-2.08357808604605,-2.08357808604605,-2.08357808604605,-2.08357808604605,-2.08357808604605,-2.08357808604605,-3.72106459584952,-3.52499117737534,-3.32891775890115,-3.13284434042696,-2.93677092195277,-2.74069750347859,-2.53811498959774,-2.29849160016007,-1.99296109645351,-1.60397276671319,-1.16931930048293,-0.81569978586966,-0.665558490057322,-0.72268901106268,-0.899669588268488,-1.09590271754543,-1.21450247948382,-1.19848208811134,-1.08215212744586,-0.936955789910682,-0.936955789910682,-0.936955789910682,-0.936955789910682,-0.936955789910682,-0.936955789910682,-0.936955789910682,-0.936955789910682,-0.936955789910682,-0.936955789910682,-0.936955789910682,-0.936955789910682,-0.936955789910682,-0.936955789910682,-0.936955789910682,-0.936955789910682,-0.936955789910682,-0.936955789910682,-0.936955789910682,-0.936955789910682,-0.936955789910682,1,1,1,1,1,1,0,1,1,1,1,1,1,1,1,1,1,1,1,1,1,1,1,1,1,1,1,1,1,1,1,1,1,1,1,1,1,1,1,1
0.709631895230787,-2.14104602574147,-1.24939515363883,0.715647143023901,1.20212331613253,-0.940697446564942,0.611717779009102,0.620748604069702,-0.506143040003126,-0.0612897810143753,-0.328088444905282,-1.79816088384172,1.46478952620892,-0.28352891617228,-1.64675115221646,-0.971321752593143,-2.13675522514359,-1.33050670591367,-1.41024490001381,1.36917840641405,-1.03234889094725,-2.41625836375402,-0.442005477220405,-0.681732542165305,-2.77552621520598,0.223296798016104,1.81846199451294,0.0183541519325523,-0.264081694162227,-1.33843403582555,0.173793395307046,-0.423898035946948,-0.720928245211086,0.248867524211676,-1.21082353476734,-0.916788300103908,-0.882712416058736,-1.3477168788415,1.13916383146422,0.394731273723332,-1.5444660031997,-1.40975077177918,-1.27503554035866,-1.14032030893814,-1.00560507751762,-0.870889846097097,-0.736174614676576,-0.601459383256055,-0.466744151835533,-0.332028920415011,-0.197313688994489,-0.0625984575739693,0.0721167738465525,0.206832005267074,0.341547236687598,0.476262468108114,0.610977699528641,0.74569293094916,0.880408162369681,1.0151233937902,1.0151233937902,1.0151233937902,1.0151233937902,1.0151233937902,1.0151233937902,1.0151233937902,1.0151233937902,1.0151233937902,1.0151233937902,1.0151233937902,1.0151233937902,1.0151233937902,1.0151233937902,1.0151233937902,1.0151233937902,1.0151233937902,1.0151233937902,1.0151233937902,1.0151233937902,1.0151233937902,-5.52211761474389,-5.01797880167153,-4.4363783312487,-3.79670932678363,-3.11836491158455,-2.42073820895967,-1.72322234221724,-1.04521043466549,-0.406095609612652,0.174729009633051,0.677870299763395,1.08393513747014,1.37353039944507,1.52726296237991,1.52573970296645,1.34956749789647,0.979353223861793,0.395703757554102,-0.420774024334788,-1.48947324511319,-1.48947324511319,-1.48947324511319,-1.48947324511319,-1.48947324511319,-1.48947324511319,-1.48947324511319,-1.48947324511319,-1.48947324511319,-1.48947324511319,-1.48947324511319,-1.48947324511319,-1.48947324511319,-1.48947324511319,-1.48947324511319,-1.48947324511319,-1.48947324511319,-1.48947324511319,-1.48947324511319,-1.48947324511319,-1.48947324511319,-4.47969822723297,-3.94451102355686,-3.40932381988074,-2.87413661620462,-2.3389494125285,-1.80376220885238,-1.27388484090346,-0.777639532462334,-0.350442561994695,-0.00343685728577015,0.274100715313583,0.485313941879117,0.627344387860683,0.707247125393733,0.730368469566583,0.699736706172535,0.638931430671168,0.576380617436437,0.510165526483421,0.429705136925298,0.429705136925298,0.429705136925298,0.429705136925298,0.429705136925298,0.429705136925298,0.429705136925298,0.429705136925298,0.429705136925298,0.429705136925298,0.429705136925298,0.429705136925298,0.429705136925298,0.429705136925298,0.429705136925298,0.429705136925298,0.429705136925298,0.429705136925298,0.429705136925298,0.429705136925298,0.429705136925298,1,1,1,1,1,1,1,1,1,1,1,1,1,1,1,1,1,1,1,1,1,1,1,1,1,1,1,1,1,1,1,1,1,1,1,1,1,1,1,1
-2.42953049864162,0.261054023699213,0.0675892303327039,3.62998184872781,1.4224578209399,2.89732830855951,0.41667984991679,-2.71233528262518,-0.790009883739751,-0.888405077834278,-0.382801503363554,-1.11772261646992,-0.746775829893991,-0.525813071473364,0.230289252724292,-2.43845208688524,1.33920486581838,-1.90605390756604,0.0491730733109819,1.21604273721668,2.9371608834664,0.948222811402312,1.60281319100859,-1.18311090408306,-0.938318733656864,-4.62482322739146,0.120466947811808,-2.4861037179759,0.701846268523843,2.1538433853716,0.231641834410091,0.649513113966,1.10167727604806,1.35380759997478,1.16596677153506,-1.06998558007151,1.37896415263925,-0.462224387219225,-0.381726203093972,0.0943188933785351,1.96738335221253,1.78742247161275,1.60746159101297,1.42750071041319,1.24753982981341,1.06757894921364,0.887618068613856,0.707657188014078,0.527696307414303,0.347735426814523,0.167774546214746,-0.0121863343850332,-0.192147214984811,-0.372108095584588,-0.552068976184366,-0.732029856784145,-0.91199073738392,-1.0919516179837,-1.27191249858348,-1.45187337918325,-1.45187337918325,-1.45187337918325,-1.45187337918325,-1.45187337918325,-1.45187337918325,-1.45187337918325,-1.45187337918325,-1.45187337918325,-1.45187337918325,-1.45187337918325,-1.45187337918325,-1.45187337918325,-1.45187337918325,-1.45187337918325,-1.45187337918325,-1.45187337918325,-1.45187337918325,-1.45187337918325,-1.45187337918325,-1.45187337918325,19.4090925911467,15.5073597280646,12.0720339370217,9.078755370478,6.50316418089369,4.32090052072885,2.50760454244361,1.03891639849809,-0.109523758647617,-0.96207577653337,-1.54309950269906,-1.87695478468459,-1.98800147002984,-1.90059940627466,-1.63910844095897,-1.22788842162264,-0.691299195805563,-0.053700611047617,0.660547485111305,1.42708524513136,1.42708524513136,1.42708524513136,1.42708524513136,1.42708524513136,1.42708524513136,1.42708524513136,1.42708524513136,1.42708524513136,1.42708524513136,1.42708524513136,1.42708524513136,1.42708524513136,1.42708524513136,1.42708524513136,1.42708524513136,1.42708524513136,1.42708524513136,1.42708524513136,1.42708524513136,1.42708524513136,8.8325574165652,7.68629017655953,6.54002293655386,5.39375569654818,4.24748845654252,3.10122121653684,1.96840332174365,0.913334778728306,-0.00186886811164655,-0.733629090203383,-1.24740888641067,-1.53452496195497,-1.62424972300679,-1.55257238731187,-1.33292076474734,-0.979310662989665,-0.537670807965039,-0.064861501575848,0.410907371382292,0.887448161745727,0.887448161745727,0.887448161745727,0.887448161745727,0.887448161745727,0.887448161745727,0.887448161745727,0.887448161745727,0.887448161745727,0.887448161745727,0.887448161745727,0.887448161745727,0.887448161745727,0.887448161745727,0.887448161745727,0.887448161745727,0.887448161745727,0.887448161745727,0.887448161745727,0.887448161745727,0.887448161745727,1,1,0,0,0,1,1,1,1,1,1,1,1,1,1,1,1,1,1,1,1,1,1,1,1,1,1,1,1,1,1,1,1,1,1,1,1,1,1,1
-0.619262899430253,3.30707343539621,0.343486095063702,-2.11732954526933,-0.0846515482544952,1.21395365870322,0.404899737099464,-0.60841368563238,1.06088042858375,-1.62368938415215,-0.935731278493961,-0.939122396552861,-1.68374117370497,2.8528575621657,0.163955147171473,-0.613824690463037,-0.0308868252245436,-2.00310615745524,1.22738651902077,0.28560888708498,0.686864236287335,1.63729334115343,0.359409438804372,1.46321675859652,-0.785430515301664,-2.48645008657258,0.245415173269325,-0.155730738285218,-1.28197885962455,-0.736015580572001,-0.686568240249624,-0.0682508082583499,0.584643920965755,2.91923601715915,0.15524448149908,-1.58195036544785,-0.985846319608982,1.37310013278254,-1.06170784458662,-1.0090078389616,-2.47532666812047,-2.18983951996045,-1.90435237180042,-1.61886522364039,-1.33337807548037,-1.04789092732034,-0.762403779160312,-0.476916631000286,-0.191429482840258,0.0940576653197684,0.379544813479795,0.665031961639823,0.950519109799853,1.23600625795988,1.5214934061199,1.80698055427993,2.09246770243996,2.37795485059998,2.66344199876001,2.94892914692004,2.94892914692004,2.94892914692004,2.94892914692004,2.94892914692004,2.94892914692004,2.94892914692004,2.94892914692004,2.94892914692004,2.94892914692004,2.94892914692004,2.94892914692004,2.94892914692004,2.94892914692004,2.94892914692004,2.94892914692004,2.94892914692004,2.94892914692004,2.94892914692004,2.94892914692004,2.94892914692004,-6.76758541038702,-5.67492754569612,-4.67836168088463,-3.77193861837695,-2.94970916059749,-2.20572410997065,-1.53403426892085,-0.928690439872482,-0.383743425249971,0.106755972522279,0.548756951019863,0.948208707818365,1.31106044049339,1.64326134662053,1.95076062377536,2.23950746953347,2.51545108147046,2.78454065716193,3.05272539418348,3.32595449011068,3.32595449011068,3.32595449011068,3.32595449011068,3.32595449011068,3.32595449011068,3.32595449011068,3.32595449011068,3.32595449011068,3.32595449011068,3.32595449011068,3.32595449011068,3.32595449011068,3.32595449011068,3.32595449011068,3.32595449011068,3.32595449011068,3.32595449011068,3.32595449011068,3.32595449011068,3.32595449011068,-6.39683369215679,-5.73080834459974,-5.06478299704273,-4.39875764948572,-3.7327323019287,-3.06670695437167,-2.35780349657466,-1.454854042604,-0.446430834759227,0.44453305403256,1.18652929430427,1.87861084637365,2.47122476597615,2.79505283983575,2.81991535106654,2.68129820233967,2.4797013788259,2.22009124707889,1.9166634609905,1.6091371200093,1.6091371200093,1.6091371200093,1.6091371200093,1.6091371200093,1.6091371200093,1.6091371200093,1.6091371200093,1.6091371200093,1.6091371200093,1.6091371200093,1.6091371200093,1.6091371200093,1.6091371200093,1.6091371200093,1.6091371200093,1.6091371200093,1.6091371200093,1.6091371200093,1.6091371200093,1.6091371200093,1,1,1,1,1,1,1,1,1,1,1,1,1,1,1,1,1,1,1,1,1,1,1,1,1,1,1,1,1,1,1,1,1,1,1,1,1,1,1,1
0.281408589052183,2.01723457968089,-0.234304152121124,-2.04658189078515,-1.44095283296666,-0.16243476537416,-0.876425353745361,3.27526081476545,-0.992527993134093,-1.74048217660376,-1.91353600585573,-2.0317015977382,0.355430373484575,0.766186142709094,0.29063104032374,1.02655249809415,1.77330385042812,-2.05475307217709,-1.24947655392515,1.80409402976965,-0.252560362790284,1.48170183397692,0.188655957454577,0.685685868195071,0.941485792419282,-2.15304892415452,-0.487914402624014,2.22893953375237,-0.785600618004812,-1.85484832380232,0.77362879557541,0.182928819917592,0.194544822455528,1.58464213612048,1.12483790068888,-0.270935068677343,4.07312886159545,-0.15098376542737,-1.46833577899753,1.97773172627598,2.33779422427985,2.04373231106351,1.74967039784716,1.45560848463081,1.16154657141447,0.867484658198119,0.573422744981773,0.279360831765427,-0.0147010814509194,-0.308762994667267,-0.602824907883612,-0.896886821099958,-1.1909487343163,-1.48501064753265,-1.779072560749,-2.07313447396534,-2.36719638718169,-2.66125830039804,-2.95532021361439,-3.24938212683074,-3.24938212683074,-3.24938212683074,-3.24938212683074,-3.24938212683074,-3.24938212683074,-3.24938212683074,-3.24938212683074,-3.24938212683074,-3.24938212683074,-3.24938212683074,-3.24938212683074,-3.24938212683074,-3.24938212683074,-3.24938212683074,-3.24938212683074,-3.24938212683074,-3.24938212683074,-3.24938212683074,-3.24938212683074,-3.24938212683074,8.32989492964822,6.4095063300046,4.77393512412114,3.39884829502372,2.25991282573822,1.33279569929052,0.593163898706504,0.0166844070120487,-0.42097579276696,-0.744149717604646,-0.977170384475118,-1.1443708103525,-1.27008401221092,-1.37864300702449,-1.49438081176732,-1.64163044341355,-1.8447249189373,-2.12799725531266,-2.51578046951376,-3.03240757851471,-3.03240757851471,-3.03240757851471,-3.03240757851471,-3.03240757851471,-3.03240757851471,-3.03240757851471,-3.03240757851471,-3.03240757851471,-3.03240757851471,-3.03240757851471,-3.03240757851471,-3.03240757851471,-3.03240757851471,-3.03240757851471,-3.03240757851471,-3.03240757851471,-3.03240757851471,-3.03240757851471,-3.03240757851471,-3.03240757851471,6.10349235932187,5.27550140344354,4.44751044756521,3.61951949168688,2.79152853580855,1.96353757993022,1.14507378317416,0.378688903757839,-0.305453894282634,-0.88620569482983,-1.33837988304903,-1.65555196608535,-1.85730951064671,-1.971885458795,-2.03550892046237,-2.08697526139478,-2.13789688232874,-2.17272826081606,-2.1855969703198,-2.18838759857431,-2.18838759857431,-2.18838759857431,-2.18838759857431,-2.18838759857431,-2.18838759857431,-2.18838759857431,-2.18838759857431,-2.18838759857431,-2.18838759857431,-2.18838759857431,-2.18838759857431,-2.18838759857431,-2.18838759857431,-2.18838759857431,-2.18838759857431,-2.18838759857431,-2.18838759857431,-2.18838759857431,-2.18838759857431,-2.18838759857431,1,1,1,1,1,1,1,1,1,1,1,1,1,1,1,1,1,1,1,1,1,1,1,1,1,1,1,1,1,1,1,1,1,1,1,1,1,1,1,1
-0.233148256229126,0.335278089461821,-1.11446988356122,3.07331893871519,0.717802438532136,-2.02387935972234,-1.67021600474362,-0.70231162040751,1.02440916437788,-0.171042797825177,1.52634562108786,0.613512559654373,-1.7993418404229,-0.130894950843155,-1.68814659815287,-2.477100471677,-0.969936422751541,1.95221357369519,3.14670410955223,-0.828707093872781,-2.54551497044734,1.166371066942,-0.240893619339973,-0.400760297165871,-0.349458616857685,1.6134475717389,1.46733055976972,-3.41368460215233,-0.370646936706835,0.714024650070378,0.799749771863846,-0.43362525008909,-1.91076502599692,-0.984935884318631,-0.0967598012573827,1.07713271298,0.948124328468525,-0.668376267565185,-0.523124098838956,0.212809521875872,-2.68731056545726,-2.57928385706609,-2.47125714867492,-2.36323044028375,-2.25520373189259,-2.14717702350142,-2.03915031511025,-1.93112360671909,-1.82309689832792,-1.71507018993675,-1.60704348154558,-1.49901677315442,-1.39099006476325,-1.28296335637208,-1.17493664798092,-1.06690993958975,-0.958883231198582,-0.850856522807415,-0.742829814416249,-0.634803106025082,-0.634803106025082,-0.634803106025082,-0.634803106025082,-0.634803106025082,-0.634803106025082,-0.634803106025082,-0.634803106025082,-0.634803106025082,-0.634803106025082,-0.634803106025082,-0.634803106025082,-0.634803106025082,-0.634803106025082,-0.634803106025082,-0.634803106025082,-0.634803106025082,-0.634803106025082,-0.634803106025082,-0.634803106025082,-0.634803106025082,-8.86575789353525,-6.85505012863037,-5.24368300646748,-3.98975044359696,-3.05134635656918,-2.3865646619345,-1.95349927624328,-1.71024411604589,-1.61489309789269,-1.62554013833405,-1.70027915392035,-1.79720406120192,-1.87440877672915,-1.88998721705241,-1.80203329872206,-1.56864093828844,-1.14790405230197,-0.497916557312941,0.423227630128201,1.65743459347114,1.65743459347114,1.65743459347114,1.65743459347114,1.65743459347114,1.65743459347114,1.65743459347114,1.65743459347114,1.65743459347114,1.65743459347114,1.65743459347114,1.65743459347114,1.65743459347114,1.65743459347114,1.65743459347114,1.65743459347114,1.65743459347114,1.65743459347114,1.65743459347114,1.65743459347114,1.65743459347114,-1.21430154588542,-1.30024971852829,-1.38619789117117,-1.47214606381405,-1.55809423645692,-1.6440424090998,-1.72992234188707,-1.81108469798568,-1.86713900576439,-1.885877410207,-1.88207218256229,-1.87301518953742,-1.8522551731145,-1.79700625135159,-1.67636038361512,-1.44148095198043,-1.03854284641967,-0.455528815630094,0.256835645690964,1.02406608710955,1.02406608710955,1.02406608710955,1.02406608710955,1.02406608710955,1.02406608710955,1.02406608710955,1.02406608710955,1.02406608710955,1.02406608710955,1.02406608710955,1.02406608710955,1.02406608710955,1.02406608710955,1.02406608710955,1.02406608710955,1.02406608710955,1.02406608710955,1.02406608710955,1.02406608710955,1.02406608710955,1,1,1,1,1,1,1,1,1,1,1,1,1,1,1,1,1,1,1,1,1,1,1,1,1,1,1,1,1,1,1,1,1,1,1,1,1,1,1,1
0.772423131083986,-1.31541289065359,-2.12564017315831,-0.436982736872238,-0.367666808231669,0.275974760902162,-0.808454893470867,0.280083430725604,0.610939022055634,2.13232088237328,0.624882550714682,-1.7166215586911,-0.319553373999339,-2.50980746277678,-2.8030565750625,2.42885432961539,1.30614205330373,-0.370015517250536,1.1508823368371,0.760431594777401,-0.229278692919017,0.36445326338468,2.21370636832896,-0.811064062161018,0.973412868740548,0.205998349038964,0.977847927669863,-0.164860801049073,2.8462931114554,0.191219054136075,-0.835057868802846,-1.4590996496052,1.39257975223355,0.0136230778376696,-2.82698452826511,1.21159879775316,-2.16564087862685,1.8262278826487,0.546284216270097,-2.52418305734911,0.00681080470559881,0.0063749241332598,0.0059390435609199,0.00550316298858089,0.00506728241624188,0.00463140184390198,0.00419552127156209,0.00375964069922397,0.00332376012688584,0.00288787955454595,0.00245199898220605,0.00201611840986615,0.00158023783752803,0.00114435726518813,0.000708476692848237,0.000272596120508339,-0.000163284451829782,-0.000599165024169679,-0.00103504559650958,-0.0014709261688477,-0.0014709261688477,-0.0014709261688477,-0.0014709261688477,-0.0014709261688477,-0.0014709261688477,-0.0014709261688477,-0.0014709261688477,-0.0014709261688477,-0.0014709261688477,-0.0014709261688477,-0.0014709261688477,-0.0014709261688477,-0.0014709261688477,-0.0014709261688477,-0.0014709261688477,-0.0014709261688477,-0.0014709261688477,-0.0014709261688477,-0.0014709261688477,-0.0014709261688477,18.0466963317729,12.5166883580036,8.10828212531448,4.70936291287051,2.20781599983668,0.491526665377974,-0.551619811340618,-1.03373815115412,-1.06694307489752,-0.763349303405848,-0.235071557514111,0.405775441942659,1.04707697412947,1.5767183182113,1.88258475335313,1.85256155871996,1.37453401347678,0.336387396788595,-1.37399301217967,-3.86872193426295,-3.86872193426295,-3.86872193426295,-3.86872193426295,-3.86872193426295,-3.86872193426295,-3.86872193426295,-3.86872193426295,-3.86872193426295,-3.86872193426295,-3.86872193426295,-3.86872193426295,-3.86872193426295,-3.86872193426295,-3.86872193426295,-3.86872193426295,-3.86872193426295,-3.86872193426295,-3.86872193426295,-3.86872193426295,-3.86872193426295,-0.559164368595815,-0.570966799727652,-0.582769230859475,-0.594571661991297,-0.60637409312313,-0.618176524254961,-0.61982281056323,-0.558297413093319,-0.369401708792036,-0.0337373070832783,0.386828196000254,0.770002114523242,1.00510522535296,1.05465088586771,0.944296270262909,0.696581282177574,0.296153586114992,-0.269921631156723,-0.96466914736356,-1.71842540157111,-1.71842540157111,-1.71842540157111,-1.71842540157111,-1.71842540157111,-1.71842540157111,-1.71842540157111,-1.71842540157111,-1.71842540157111,-1.71842540157111,-1.71842540157111,-1.71842540157111,-1.71842540157111,-1.71842540157111,-1.71842540157111,-1.71842540157111,-1.71842540157111,-1.71842540157111,-1.71842540157111,-1.71842540157111,-1.71842540157111,1,1,1,1,1,1,1,1,1,1,1,1,1,1,1,1,1,1,1,1,1,1,1,1,1,1,1,1,1,1,1,1,1,1,1,1,1,1,1,1
1.95441951162086,2.10444474600774,-1.16097763637552,-1.16284216137888,0.197655880373941,0.426291059721223,0.6022367527924,1.19805421462377,-0.369788692094202,1.24993947031871,0.0337915904726618,0.421929037530365,0.999494257719075,-2.34378950587566,1.92590528012959,1.97493232081118,0.714530349383754,1.2620750704411,2.5876424849158,-1.30014917534347,1.52378629025465,0.458879263438099,-2.31120859211226,-1.99308227407,-0.141436390529798,-1.08809372452809,-1.26023166055763,0.0517947850969218,-1.86337717959579,1.4490875764996,0.0367638537135679,-0.795275540771373,0.781038792213685,0.91613638321717,1.06540697549886,-2.25041939190476,-0.762734946660141,-1.4710300779182,-1.08731796102624,-2.20481788898813,0.118648562834377,0.271785039471595,0.424921516108816,0.578057992746038,0.731194469383258,0.884330946020478,1.0374674226577,1.19060389929492,1.34374037593214,1.49687685256936,1.65001332920658,1.8031498058438,1.95628628248102,2.10942275911824,2.26255923575546,2.41569571239268,2.56883218902991,2.72196866566712,2.87510514230435,3.02824161894157,3.02824161894157,3.02824161894157,3.02824161894157,3.02824161894157,3.02824161894157,3.02824161894157,3.02824161894157,3.02824161894157,3.02824161894157,3.02824161894157,3.02824161894157,3.02824161894157,3.02824161894157,3.02824161894157,3.02824161894157,3.02824161894157,3.02824161894157,3.02824161894157,3.02824161894157,3.02824161894157,3.86215771540168,2.74884899267169,1.90750799072483,1.31034721196743,0.92957915880584,0.737416333646376,0.706071238895372,0.807756376959173,1.01468425024409,1.29906736115648,1.63311821210266,1.98904930548897,2.33907314372173,2.6554022292073,2.91024906435198,3.07582615156213,3.12434599324406,3.02802109180412,2.75906394964865,2.28968706918394,2.28968706918394,2.28968706918394,2.28968706918394,2.28968706918394,2.28968706918394,2.28968706918394,2.28968706918394,2.28968706918394,2.28968706918394,2.28968706918394,2.28968706918394,2.28968706918394,2.28968706918394,2.28968706918394,2.28968706918394,2.28968706918394,2.28968706918394,2.28968706918394,2.28968706918394,2.28968706918394,2.72224677167458,2.47794703711278,2.23364730255097,1.98934756798917,1.74504783342736,1.50074809886556,1.26278005790075,1.06255470338241,0.940832334797051,0.95078121955201,1.1205738072395,1.41092483067389,1.77114982273233,2.19176734078006,2.63220146447874,2.97787777704268,3.15003693588597,3.18706526260546,3.1717619632323,3.14792678722264,3.14792678722264,3.14792678722264,3.14792678722264,3.14792678722264,3.14792678722264,3.14792678722264,3.14792678722264,3.14792678722264,3.14792678722264,3.14792678722264,3.14792678722264,3.14792678722264,3.14792678722264,3.14792678722264,3.14792678722264,3.14792678722264,3.14792678722264,3.14792678722264,3.14792678722264,3.14792678722264,1,1,1,1,1,1,1,1,1,1,1,1,1,1,1,0,0,1,1,1,1,1,1,1,1,1,1,1,1,1,1,1,1,1,1,1,1,1,1,1
-0.439728621774133,-0.233029656273346,-0.394195617875646,0.476928122712502,-2.42996947042856,1.69815013965963,-1.48630942777614,1.13496862214939,-0.707733918714768,-1.0870478434035,1.68569627806477,-1.00836999540921,-1.20471157462129,-0.541325969229343,-1.16017853008477,-1.57606947064236,-1.26296142931021,-2.06412229143628,2.37164552109913,0.194062313785938,-0.664846572701853,-3.39252022057396,0.629840752431432,-1.82994174839926,-0.155164033975799,0.530946653679008,1.34604898493945,-1.86982207371893,0.499876233030852,-0.457392439180598,1.53166156481196,1.37322824323672,1.01524212986075,0.14911734874271,0.716446455375126,-0.263458629697434,-0.109825285057273,2.15477895609122,1.97494284849414,0.0885704801732512,2.81518728321979,2.53727683079521,2.25936637837064,1.98145592594606,1.70354547352148,1.42563502109691,1.14772456867233,0.869814116247751,0.591903663823176,0.3139932113986,0.0360827589740236,-0.241827693450555,-0.519738145875129,-0.797648598299709,-1.07555905072428,-1.35346950314886,-1.63137995557343,-1.90929040799801,-2.18720086042259,-2.46511131284717,-2.46511131284717,-2.46511131284717,-2.46511131284717,-2.46511131284717,-2.46511131284717,-2.46511131284717,-2.46511131284717,-2.46511131284717,-2.46511131284717,-2.46511131284717,-2.46511131284717,-2.46511131284717,-2.46511131284717,-2.46511131284717,-2.46511131284717,-2.46511131284717,-2.46511131284717,-2.46511131284717,-2.46511131284717,-2.46511131284717,28.1377477484471,22.0651881910077,16.8163385677832,12.3361164647929,8.56943946805619,5.46122516359244,2.95639113742105,0.999854975561425,-0.463465735967064,-1.48865341114502,-2.13079046395306,-2.44495930837178,-2.4862423583818,-2.30972202796374,-1.97048073109819,-1.52360088176579,-1.02416489394713,-0.527255181622817,-0.0879541587734813,0.238655760620281,0.238655760620281,0.238655760620281,0.238655760620281,0.238655760620281,0.238655760620281,0.238655760620281,0.238655760620281,0.238655760620281,0.238655760620281,0.238655760620281,0.238655760620281,0.238655760620281,0.238655760620281,0.238655760620281,0.238655760620281,0.238655760620281,0.238655760620281,0.238655760620281,0.238655760620281,0.238655760620281,7.39703180862417,6.50401782685376,5.61100384508336,4.71798986331296,3.82497588154256,2.93196189977216,2.04563506253686,1.19364626898885,0.388715977714073,-0.348137750228164,-0.964037600054475,-1.41295781436266,-1.68646515788107,-1.79626191432758,-1.76100863604745,-1.61158498250432,-1.38730434960257,-1.13122017194766,-0.883903125898064,-0.658382016569195,-0.658382016569195,-0.658382016569195,-0.658382016569195,-0.658382016569195,-0.658382016569195,-0.658382016569195,-0.658382016569195,-0.658382016569195,-0.658382016569195,-0.658382016569195,-0.658382016569195,-0.658382016569195,-0.658382016569195,-0.658382016569195,-0.658382016569195,-0.658382016569195,-0.658382016569195,-0.658382016569195,-0.658382016569195,-0.658382016569195,0,0,0,0,0,0,1,1,1,1,1,1,1,1,1,1,1,1,1,1,1,1,1,1,1,1,1,1,1,1,1,1,1,1,1,1,1,1,1,1
-1.77401268331951,-0.650992751946418,-1.05268121261117,0.740900751135808,-1.14105609827894,4.37217867802651,0.01602066034273,-2.30136910531163,2.25896278173508,1.16223117261918,1.04087937714006,-1.83994002699661,-0.652470827336918,1.02858499918691,-3.61002573129931,-1.29014210407787,-0.629077075176745,0.484902162663609,-0.727031249651226,0.0898367156659283,-2.24852900418387,0.700520625556603,-1.84331257252673,1.71544839299462,1.98600059753797,-1.44308279943916,-0.608754794121458,0.288179187529003,1.97896211415774,1.01458675989435,1.02457623424056,0.662416859877435,0.156967328188983,-0.0633145647439175,0.702950402188192,0.064671678064304,1.51769073487495,-0.667687163153376,-0.891082967540376,-0.128631607285335,6.76843304906816,6.21856772786488,5.66870240666159,5.11883708545831,4.56897176425502,4.01910644305174,3.46924112184845,2.91937580064517,2.36951047944188,1.8196451582386,1.26977983703531,0.719914515832029,0.170049194628742,-0.379816126574543,-0.929681447777828,-1.47954676898111,-2.0294120901844,-2.57927741138768,-3.12914273259097,-3.67900805379425,-3.67900805379425,-3.67900805379425,-3.67900805379425,-3.67900805379425,-3.67900805379425,-3.67900805379425,-3.67900805379425,-3.67900805379425,-3.67900805379425,-3.67900805379425,-3.67900805379425,-3.67900805379425,-3.67900805379425,-3.67900805379425,-3.67900805379425,-3.67900805379425,-3.67900805379425,-3.67900805379425,-3.67900805379425,-3.67900805379425,25.0788064506561,20.494142851421,16.4406609943498,12.8879910650288,9.80576324904457,7.1636077319833,4.93115469943141,3.07803433697527,1.57387683020124,0.388312364695683,-0.509028873955035,-1.14851670016455,-1.5605209283465,-1.77541137291451,-1.82355784828223,-1.73533016886326,-1.54109814907128,-1.27123160331992,-0.956100346022778,-0.626074191593524,-0.626074191593524,-0.626074191593524,-0.626074191593524,-0.626074191593524,-0.626074191593524,-0.626074191593524,-0.626074191593524,-0.626074191593524,-0.626074191593524,-0.626074191593524,-0.626074191593524,-0.626074191593524,-0.626074191593524,-0.626074191593524,-0.626074191593524,-0.626074191593524,-0.626074191593524,-0.626074191593524,-0.626074191593524,-0.626074191593524,11.5141258728002,10.3175662083466,9.12100654389302,7.92444687943941,6.72788721498581,5.5313275505322,4.34267902678568,3.20131549139587,2.14572431467849,1.1792271386535,0.295437681534699,-0.473537091841804,-1.0758609264073,-1.48963794583573,-1.71918943134936,-1.78030091940449,-1.7218540102681,-1.61768773232567,-1.51364054018654,-1.4146550425829,-1.4146550425829,-1.4146550425829,-1.4146550425829,-1.4146550425829,-1.4146550425829,-1.4146550425829,-1.4146550425829,-1.4146550425829,-1.4146550425829,-1.4146550425829,-1.4146550425829,-1.4146550425829,-1.4146550425829,-1.4146550425829,-1.4146550425829,-1.4146550425829,-1.4146550425829,-1.4146550425829,-1.4146550425829,-1.4146550425829,1,1,1,1,0,0,1,1,1,1,1,1,1,1,1,1,1,1,1,1,1,1,1,1,1,1,1,1,1,1,1,1,1,1,1,1,1,1,1,1
0.720249878601827,0.800542667024795,-1.52237611676464,-0.568482938243662,-1.3386837433544,-1.46838205137196,1.65154417047503,1.16304360035531,2.18242475612235,1.3644839086295,1.54377784380057,1.19051343656653,-0.129814255748357,-0.949634369383707,1.06223177654219,0.592708381878506,0.135840074796086,0.662186440875999,0.207344547111793,-0.78648199276644,0.963683904155275,1.14897130750608,1.31309108152882,-0.660380603632884,0.427084227284283,-0.0788262315230899,0.33007430260991,2.6549564728073,-2.16459987060406,-0.140856902839857,-3.24544675525785,-0.349956909882946,-1.4408552908856,2.46248303457152,-0.243089588714241,-0.85245608674129,-0.640141042656261,0.224811196631114,2.05305485541765,-0.971155303576124,2.12687494062255,1.96160345420257,1.79633196778259,1.63106048136261,1.46578899494263,1.30051750852265,1.13524602210267,0.969974535682682,0.804703049262701,0.63943156284272,0.474160076422738,0.308888590002756,0.143617103582777,-0.0216543828372036,-0.186925869257188,-0.352197355677168,-0.51746884209715,-0.682740328517133,-0.848011814937115,-1.0132833013571,-1.0132833013571,-1.0132833013571,-1.0132833013571,-1.0132833013571,-1.0132833013571,-1.0132833013571,-1.0132833013571,-1.0132833013571,-1.0132833013571,-1.0132833013571,-1.0132833013571,-1.0132833013571,-1.0132833013571,-1.0132833013571,-1.0132833013571,-1.0132833013571,-1.0132833013571,-1.0132833013571,-1.0132833013571,-1.0132833013571,-11.0576607439158,-8.05033023144313,-5.53770812048815,-3.48127226025303,-1.84250049993997,-0.582870688751127,0.336139324111277,0.953051689445103,1.30638855804813,1.43467208071816,1.37642440825307,1.17016769145062,0.85442408110865,0.467715728024963,0.0485647829973992,-0.364506603176251,-0.732976279698137,-1.01832209577051,-1.18202190059554,-1.18555354337532,-1.18555354337532,-1.18555354337532,-1.18555354337532,-1.18555354337532,-1.18555354337532,-1.18555354337532,-1.18555354337532,-1.18555354337532,-1.18555354337532,-1.18555354337532,-1.18555354337532,-1.18555354337532,-1.18555354337532,-1.18555354337532,-1.18555354337532,-1.18555354337532,-1.18555354337532,-1.18555354337532,-1.18555354337532,-1.18555354337532,0.953029198714468,0.936755665681054,0.920482132647652,0.90420859961424,0.887935066580829,0.871661533547421,0.854920122070226,0.834224099573873,0.802042666654835,0.754426536076258,0.689129538544863,0.59641468980397,0.466457477183399,0.298127739491745,0.0886540258579078,-0.168346909427891,-0.467447007416993,-0.795441974427295,-1.14814901502798,-1.52040558556647,-1.52040558556647,-1.52040558556647,-1.52040558556647,-1.52040558556647,-1.52040558556647,-1.52040558556647,-1.52040558556647,-1.52040558556647,-1.52040558556647,-1.52040558556647,-1.52040558556647,-1.52040558556647,-1.52040558556647,-1.52040558556647,-1.52040558556647,-1.52040558556647,-1.52040558556647,-1.52040558556647,-1.52040558556647,-1.52040558556647,1,1,1,1,1,1,1,1,1,1,1,1,1,1,1,1,1,1,1,1,1,1,1,1,1,1,1,1,1,1,1,1,1,1,1,1,1,1,1,1
-1.84157697507681,0.8320914558432,0.85475949794668,-0.548727013188284,-2.48124306389667,1.24359219074472,1.19328071241315,-1.70655926624715,-1.61741076500452,0.452035987190996,1.68649800014477,-1.74570826339468,0.122819256309839,0.532872776731047,-1.23916269738896,-1.42335934822941,0.0181479340308446,-2.52047819187092,1.35852698216286,-2.15926138871808,0.0985461017208848,0.536968864050388,-0.409053957161266,-4.41768820097094,-0.988806015144059,0.161732412985202,1.37997864697512,-1.15744536489867,-2.4175524951118,1.65102936204843,0.268873541036667,-0.319396947906133,0.67565598440504,-0.406853443828419,0.669084712152873,-0.712108126425679,-0.700439363115629,0.0474312658355593,0.246129638859779,-0.644813661305227,-0.582691934580756,-0.589751775535119,-0.596811616489483,-0.603871457443846,-0.61093129839821,-0.617991139352576,-0.625050980306938,-0.632110821261302,-0.639170662215665,-0.646230503170031,-0.653290344124395,-0.660350185078757,-0.667410026033123,-0.674469866987485,-0.68152970794185,-0.688589548896214,-0.69564938985058,-0.70270923080494,-0.709769071759306,-0.71682891271367,-0.71682891271367,-0.71682891271367,-0.71682891271367,-0.71682891271367,-0.71682891271367,-0.71682891271367,-0.71682891271367,-0.71682891271367,-0.71682891271367,-0.71682891271367,-0.71682891271367,-0.71682891271367,-0.71682891271367,-0.71682891271367,-0.71682891271367,-0.71682891271367,-0.71682891271367,-0.71682891271367,-0.71682891271367,-0.71682891271367,-3.86743932879932,-2.64980406204106,-1.72258160571614,-1.05320139058142,-0.609092847393732,-0.357685406909921,-0.266408499886822,-0.302691557081284,-0.43396400925014,-0.62765528715024,-0.851194821538428,-1.07201204317154,-1.25753638280641,-1.3751972711999,-1.39242413910884,-1.27664641729007,-0.995293536500432,-0.515794927496783,0.19441997896406,1.16792175212524,1.16792175212524,1.16792175212524,1.16792175212524,1.16792175212524,1.16792175212524,1.16792175212524,1.16792175212524,1.16792175212524,1.16792175212524,1.16792175212524,1.16792175212524,1.16792175212524,1.16792175212524,1.16792175212524,1.16792175212524,1.16792175212524,1.16792175212524,1.16792175212524,1.16792175212524,1.16792175212524,0.553306837099176,0.39923525535149,0.245163673603826,0.0910920918561704,-0.0629794898914948,-0.217051071639149,-0.39379684414536,-0.64716088830491,-0.810834682381198,-0.705584256083409,-0.456128978447838,-0.386359267585208,-0.692465145356469,-1.24745045198097,-1.64327588646545,-1.51792478279368,-0.923248475108277,-0.248611571263595,0.21947481332435,0.505708779118226,0.505708779118226,0.505708779118226,0.505708779118226,0.505708779118226,0.505708779118226,0.505708779118226,0.505708779118226,0.505708779118226,0.505708779118226,0.505708779118226,0.505708779118226,0.505708779118226,0.505708779118226,0.505708779118226,0.505708779118226,0.505708779118226,0.505708779118226,0.505708779118226,0.505708779118226,0.505708779118226,1,1,1,1,1,1,1,1,1,1,1,1,1,1,1,1,1,1,1,1,1,1,1,1,1,1,1,1,1,1,1,1,1,1,1,1,1,1,1,1
1.85063859730134,-0.136320130850421,-1.41074683535974,-0.457124556156644,-0.116445447947744,0.25588456802929,-0.3470815583648,-1.70610700903443,0.83648110763964,-0.557165175211919,-0.578446404264399,-0.127460460169372,1.8806334673543,-0.95510201170061,0.917491650109886,0.0598476472629503,-1.19280028244071,1.5623641472777,2.2590667893327,2.95643078070493,2.20056053499556,-0.641527862411596,0.208721367969824,0.4454370785593,0.494195618160692,-1.13693213778941,-1.2952336654507,-1.60344201788348,-0.122508729853303,0.218093715492222,-0.243604424148748,-1.30253521023568,-0.934125679726064,0.187924258187518,1.05917275110552,2.48986401042509,0.970698708216329,0.999093704565226,-2.61492187556686,-2.64481643425248,-0.793755208988342,-0.680629929060093,-0.567504649131847,-0.454379369203598,-0.341254089275352,-0.228128809347103,-0.115003529418855,-0.00187824949060911,0.111247030437637,0.224372310365885,0.337497590294134,0.450622870222379,0.563748150150628,0.676873430078876,0.789998710007124,0.90312398993537,1.01624926986362,1.12937454979187,1.24249982972011,1.35562510964836,1.35562510964836,1.35562510964836,1.35562510964836,1.35562510964836,1.35562510964836,1.35562510964836,1.35562510964836,1.35562510964836,1.35562510964836,1.35562510964836,1.35562510964836,1.35562510964836,1.35562510964836,1.35562510964836,1.35562510964836,1.35562510964836,1.35562510964836,1.35562510964836,1.35562510964836,1.35562510964836,1.84835617858314,2.08213568706792,2.12184369191692,2.00031040927651,1.75036605529306,1.40484084611295,0.996564997882536,0.55836872674822,0.123082248856351,-0.276464219646689,-0.607440462614511,-0.837016263900777,-0.93236140735908,-0.860645676843054,-0.589038856206329,-0.0847107293025413,0.685168920014691,1.75343030789175,3.15290365047503,4.91641916391081,4.91641916391081,4.91641916391081,4.91641916391081,4.91641916391081,4.91641916391081,4.91641916391081,4.91641916391081,4.91641916391081,4.91641916391081,4.91641916391081,4.91641916391081,4.91641916391081,4.91641916391081,4.91641916391081,4.91641916391081,4.91641916391081,4.91641916391081,4.91641916391081,4.91641916391081,4.91641916391081,0.620453916255427,0.574411551082298,0.528369185909172,0.482326820736044,0.436284455562917,0.39024209038979,0.341699793385414,0.275490807414453,0.168407974230535,0.0243895624415522,-0.109024611642518,-0.176508759874832,-0.151703681562759,-0.0286157757606205,0.202722886051774,0.556644384376614,1.03516382648602,1.61742639123143,2.264915032859,2.93891401423038,2.93891401423038,2.93891401423038,2.93891401423038,2.93891401423038,2.93891401423038,2.93891401423038,2.93891401423038,2.93891401423038,2.93891401423038,2.93891401423038,2.93891401423038,2.93891401423038,2.93891401423038,2.93891401423038,2.93891401423038,2.93891401423038,2.93891401423038,2.93891401423038,2.93891401423038,2.93891401423038,1,1,1,1,1,1,1,1,1,1,1,1,1,1,1,1,1,1,1,1,1,1,1,1,1,1,1,1,1,1,1,1,1,1,1,1,1,1,1,1
-1.21672858111676,-0.331393865343327,0.52297550194888,0.622863926300015,-0.00821287011751703,-0.386529867971059,-2.33077284454977,2.61326053293274,-0.336565544643545,-1.23635433652879,-0.949053824815023,-1.78367087622438,-1.54461120235311,0.931225052060016,-0.301269414621149,0.495004978121019,1.36845657512058,1.97603502861613,1.23219580710349,-0.484702919652555,-2.99828539876022,0.503707303550726,0.816640586390847,2.16887284575103,1.65288006675289,-0.993146075369379,-0.877034708904146,-0.939518811973169,-0.102322524659279,0.477919903384803,-0.865770050221286,0.386744940431171,0.801912584746752,-3.13487323723187,0.762666247753417,0.2623448042592,0.767533428494403,0.160381351160574,-2.49649244210015,0.306996376746271,-0.160415413595156,-0.131211068625348,-0.102006723655538,-0.0728023786857275,-0.0435980337159174,-0.01439368874611,0.0148106562237,0.0440150011935101,0.0732193461633184,0.102423691133129,0.131628036102937,0.160832381072748,0.190036726042559,0.219241071012368,0.248445415982173,0.277649760951984,0.306854105921797,0.336058450891603,0.365262795861414,0.394467140831225,0.394467140831225,0.394467140831225,0.394467140831225,0.394467140831225,0.394467140831225,0.394467140831225,0.394467140831225,0.394467140831225,0.394467140831225,0.394467140831225,0.394467140831225,0.394467140831225,0.394467140831225,0.394467140831225,0.394467140831225,0.394467140831225,0.394467140831225,0.394467140831225,0.394467140831225,0.394467140831225,16.3744029496918,12.7388647295746,9.589905815791,6.89913087940182,4.63814459146796,2.7785516230503,1.29195664520975,0.14996432900714,-0.675820654496617,-1.21379363424064,-1.49234993916406,-1.53988489820599,-1.38479384030557,-1.05547209440187,-0.580314989434079,0.0122821456587392,0.693923981937454,1.43621519046294,2.21076044229605,2.98916440849768,2.98916440849768,2.98916440849768,2.98916440849768,2.98916440849768,2.98916440849768,2.98916440849768,2.98916440849768,2.98916440849768,2.98916440849768,2.98916440849768,2.98916440849768,2.98916440849768,2.98916440849768,2.98916440849768,2.98916440849768,2.98916440849768,2.98916440849768,2.98916440849768,2.98916440849768,2.98916440849768,5.37817345742593,4.64581078982475,3.91344812222357,3.18108545462239,2.44872278702121,1.71636011942003,0.997781620558292,0.3485461502856,-0.219276126418728,-0.709153760102772,-1.07096029357601,-1.23195653414859,-1.16474000252586,-0.892089852892999,-0.456314623899868,0.0971291649145254,0.725660759887321,1.39079009134683,2.06018114352481,2.72085834152579,2.72085834152579,2.72085834152579,2.72085834152579,2.72085834152579,2.72085834152579,2.72085834152579,2.72085834152579,2.72085834152579,2.72085834152579,2.72085834152579,2.72085834152579,2.72085834152579,2.72085834152579,2.72085834152579,2.72085834152579,2.72085834152579,2.72085834152579,2.72085834152579,2.72085834152579,2.72085834152579,1,1,1,1,1,1,1,1,1,1,1,1,1,1,1,1,1,1,1,1,1,1,1,1,1,1,1,1,1,1,1,1,1,1,1,1,1,1,1,1
-1.52870567350216,0.382965911771656,-0.116935351037362,0.775771663156105,-0.178789804492961,-0.241725449063167,2.52615833707528,0.216422844323082,0.113754253610512,0.432047589618799,0.281627061373294,-1.44962041522548,0.535777635626367,0.571210109988721,-1.31928295628022,-1.70978794883735,-0.656480152785459,-0.221298089903277,1.89143160296874,0.528705870944268,-0.322303147089093,-2.03680302977524,-1.34228073417058,0.606682146481484,0.313431369392671,0.56639446007881,-1.04811845482502,-1.29803612882727,-0.468898359224763,-0.936451899975967,2.97334067279741,2.8206306407611,0.941580582791087,0.879632931486121,0.412327053876856,0.412267596107654,-0.9322006926366,2.5604657647909,-0.117553554104058,-0.954592122457953,-0.107264306536234,-0.103000784693213,-0.0987372628501921,-0.0944737410071701,-0.0902102191641507,-0.0859466973211305,-0.0816831754781067,-0.0774196536350864,-0.0731561317920679,-0.0688926099490477,-0.0646290881060239,-0.0603655662630018,-0.0561020444199833,-0.0518385225769613,-0.0475750007339411,-0.0433114788909208,-0.0390479570478952,-0.0347844352048785,-0.0305209133618565,-0.0262573915188362,-0.0262573915188362,-0.0262573915188362,-0.0262573915188362,-0.0262573915188362,-0.0262573915188362,-0.0262573915188362,-0.0262573915188362,-0.0262573915188362,-0.0262573915188362,-0.0262573915188362,-0.0262573915188362,-0.0262573915188362,-0.0262573915188362,-0.0262573915188362,-0.0262573915188362,-0.0262573915188362,-0.0262573915188362,-0.0262573915188362,-0.0262573915188362,-0.0262573915188362,-9.87112839579936,-6.96201159922183,-4.63367382277575,-2.8277363736646,-1.48582055909186,-0.549547686261048,0.0394609376243675,0.33958400536091,0.409200209745054,0.306688243573339,0.0904267996422714,-0.181205429251635,-0.449829750311888,-0.657067470741943,-0.744539897745328,-0.653868338525488,-0.326674100285972,0.295421509769804,1.2707971844383,2.65783161651604,2.65783161651604,2.65783161651604,2.65783161651604,2.65783161651604,2.65783161651604,2.65783161651604,2.65783161651604,2.65783161651604,2.65783161651604,2.65783161651604,2.65783161651604,2.65783161651604,2.65783161651604,2.65783161651604,2.65783161651604,2.65783161651604,2.65783161651604,2.65783161651604,2.65783161651604,2.65783161651604,4.37275095690118,3.73825312314355,3.10375528938593,2.4692574556283,1.83475962187068,1.20026178811305,0.565239122694246,-0.054814275687864,-0.565585070954441,-0.843910721514288,-0.85077920729689,-0.672535535583398,-0.46152991478216,-0.325448155222798,-0.250942685663608,-0.14136766243003,0.0803550825152666,0.433953750963353,0.906881834637472,1.45483581785403,1.45483581785403,1.45483581785403,1.45483581785403,1.45483581785403,1.45483581785403,1.45483581785403,1.45483581785403,1.45483581785403,1.45483581785403,1.45483581785403,1.45483581785403,1.45483581785403,1.45483581785403,1.45483581785403,1.45483581785403,1.45483581785403,1.45483581785403,1.45483581785403,1.45483581785403,1.45483581785403,1,1,1,1,1,1,1,1,1,1,1,1,1,1,1,1,1,1,1,1,1,1,1,1,1,1,1,1,1,1,1,1,1,1,1,1,1,1,1,1
-1.4846776526373,0.70266696027723,0.429380403385856,0.161951648969543,1.03236305734016,1.77157013731931,0.730547622037708,-0.460280179455787,-1.64966350003494,-0.364986267052112,0.821840868048231,2.35850620209253,-1.56004199216169,0.887032406833045,-0.714224487251547,0.897461523054721,-0.48624743970931,-1.55121297950028,2.06267206439987,0.664163487757117,-0.338272899453264,3.11256012700156,2.79408822822164,0.0974012288623634,-0.969821760251747,1.38089376887569,1.33623113765642,1.7445837004367,2.37220875847732,2.02955527262902,-0.362119357173755,-0.940325757591914,2.54612850084373,1.19434425216281,-0.527777943216138,-0.600249234035998,0.0943696718687459,-0.00434290476553834,2.89376636497617,-1.02410957722957,7.06653280962465,6.46015143885907,5.85377006809348,5.24738869732789,4.6410073265623,4.03462595579671,3.42824458503113,2.82186321426554,2.21548184349995,1.60910047273436,1.00271910196878,0.396337731203189,-0.210043639562397,-0.816425010327988,-1.42280638109357,-2.02918775185916,-2.63556912262475,-3.24195049339034,-3.84833186415593,-4.45471323492151,-4.45471323492151,-4.45471323492151,-4.45471323492151,-4.45471323492151,-4.45471323492151,-4.45471323492151,-4.45471323492151,-4.45471323492151,-4.45471323492151,-4.45471323492151,-4.45471323492151,-4.45471323492151,-4.45471323492151,-4.45471323492151,-4.45471323492151,-4.45471323492151,-4.45471323492151,-4.45471323492151,-4.45471323492151,-4.45471323492151,8.48069011535661,7.59398376180302,6.73154086584012,5.89396283493009,5.08185107653511,4.29580699811738,3.53643200713907,2.80432751106238,2.10009491734949,1.42433563346258,0.777651066863841,0.160642625015468,-0.426088284620375,-0.981940254581486,-1.50631187740569,-1.99860174563078,-2.4582084517946,-2.88453058843494,-3.27696674808963,-3.63491552329648,-3.63491552329648,-3.63491552329648,-3.63491552329648,-3.63491552329648,-3.63491552329648,-3.63491552329648,-3.63491552329648,-3.63491552329648,-3.63491552329648,-3.63491552329648,-3.63491552329648,-3.63491552329648,-3.63491552329648,-3.63491552329648,-3.63491552329648,-3.63491552329648,-3.63491552329648,-3.63491552329648,-3.63491552329648,-3.63491552329648,8.94128862638572,8.06957383560496,7.19785904482421,6.32614425404346,5.4544294632627,4.58271467248195,3.71165716465842,2.85101911117659,2.03698795104288,1.30441232160772,0.654375555487352,0.0625050370863249,-0.4993049540111,-1.05153976152747,-1.59383275154289,-2.10151778863437,-2.55123760216385,-2.94665107539306,-3.31140332762006,-3.66644745829722,-3.66644745829722,-3.66644745829722,-3.66644745829722,-3.66644745829722,-3.66644745829722,-3.66644745829722,-3.66644745829722,-3.66644745829722,-3.66644745829722,-3.66644745829722,-3.66644745829722,-3.66644745829722,-3.66644745829722,-3.66644745829722,-3.66644745829722,-3.66644745829722,-3.66644745829722,-3.66644745829722,-3.66644745829722,-3.66644745829722,1,1,1,1,1,1,0,1,1,1,1,1,1,1,1,1,0,0,1,1,1,1,1,1,1,1,1,1,1,1,1,1,1,1,1,1,1,1,1,1
-0.782079928556993,0.185078083583282,1.3704753071697,-1.37662186913233,-1.02907761237581,-1.71214932129641,-1.02449929211862,-2.72336950489747,-0.700481867933611,0.865856689277553,0.424124939575284,1.25390525759742,2.67908590957522,3.198311080174,0.611174098031414,1.24207924960014,-1.03182566942446,0.258483142206394,0.765260223471003,0.0753218920058671,0.143980018212559,-1.07074672209502,0.928707717606835,0.227756437452797,0.63409309571739,2.17235664523761,-2.89031840176234,-1.1707823980247,0.0641634227677805,-1.015903831762,2.1884009095518,1.26980758928941,1.08084634482288,1.36438967999582,-0.710959604923064,0.877269558011729,0.0249103247682054,2.41413266566165,-0.483578079462099,-1.35937674772532,0.30208527058393,0.366114042562113,0.430142814540298,0.494171586518481,0.558200358496663,0.622229130474846,0.686257902453031,0.750286674431214,0.814315446409399,0.87834421838758,0.942372990365763,1.00640176234394,1.07043053432213,1.13445930630031,1.1984880782785,1.26251685025668,1.32654562223486,1.39057439421305,1.45460316619123,1.51863193816941,1.51863193816941,1.51863193816941,1.51863193816941,1.51863193816941,1.51863193816941,1.51863193816941,1.51863193816941,1.51863193816941,1.51863193816941,1.51863193816941,1.51863193816941,1.51863193816941,1.51863193816941,1.51863193816941,1.51863193816941,1.51863193816941,1.51863193816941,1.51863193816941,1.51863193816941,1.51863193816941,2.81491877441852,1.90823384687425,1.23498977787414,0.768943992749246,0.48385391683064,0.353476975449379,0.351570593936524,0.451892197623144,0.628199211840297,0.854249061919047,1.10379917319045,1.35060697098559,1.56842988063551,1.73102532747128,1.81215073682396,1.78556353402461,1.62502114440431,1.3042809932941,0.797100506025052,0.077237107928239,0.077237107928239,0.077237107928239,0.077237107928239,0.077237107928239,0.077237107928239,0.077237107928239,0.077237107928239,0.077237107928239,0.077237107928239,0.077237107928239,0.077237107928239,0.077237107928239,0.077237107928239,0.077237107928239,0.077237107928239,0.077237107928239,0.077237107928239,0.077237107928239,0.077237107928239,0.077237107928239,0.300804141353463,0.364988973825264,0.429173806297062,0.493358638768857,0.557543471240658,0.621728303712452,0.68590900621691,0.750073769806992,0.814244086652963,0.878448911034903,0.942674104919893,1.00687303460577,1.07100985543833,1.13506561919915,1.19902007698822,1.26285915936195,1.3265973404364,1.39027326111403,1.45392290102047,1.51756509293544,1.51756509293544,1.51756509293544,1.51756509293544,1.51756509293544,1.51756509293544,1.51756509293544,1.51756509293544,1.51756509293544,1.51756509293544,1.51756509293544,1.51756509293544,1.51756509293544,1.51756509293544,1.51756509293544,1.51756509293544,1.51756509293544,1.51756509293544,1.51756509293544,1.51756509293544,1.51756509293544,1,1,1,1,1,1,1,1,1,1,1,1,1,1,1,1,1,1,1,1,1,1,1,1,1,1,1,1,1,1,1,1,1,1,1,1,1,1,1,1
1.93754402086969,-1.48626505591831,-0.681796405447453,1.79091443600776,0.0393111847310346,-1.45562532950275,1.62522960104919,1.51558603906124,-2.77069669680493,2.04392212256068,-0.811343292738458,-1.16453074264881,0.330942696234025,-2.40310959741074,-0.00787386484251762,0.432463511597398,1.79500158107248,-2.4446746260979,0.204678126273356,-0.0357940772283118,-3.12700045072838,-0.535025331061787,0.0446833174683245,-1.57684011391006,-0.887329109898351,2.01320650716012,0.433552592712806,1.20818898677029,-0.973402375744902,1.68360683594687,0.414524344037449,1.31805894128566,-0.741736156909276,-1.5446098300695,-0.766682486325784,1.4433331981609,-1.57530421933428,1.82876065974211,-0.244368139953092,1.51230599563033,2.51842823709101,2.29626596573316,2.07410369437531,1.85194142301746,1.62977915165962,1.40761688030177,1.18545460894392,0.963292337586074,0.741130066228227,0.518967794870377,0.296805523512532,0.0746432521546829,-0.147519019203166,-0.369681290561013,-0.591843561918859,-0.814005833276708,-1.03616810463455,-1.2583303759924,-1.48049264735025,-1.7026549187081,-1.7026549187081,-1.7026549187081,-1.7026549187081,-1.7026549187081,-1.7026549187081,-1.7026549187081,-1.7026549187081,-1.7026549187081,-1.7026549187081,-1.7026549187081,-1.7026549187081,-1.7026549187081,-1.7026549187081,-1.7026549187081,-1.7026549187081,-1.7026549187081,-1.7026549187081,-1.7026549187081,-1.7026549187081,-1.7026549187081,-11.2823341530261,-7.13684464302976,-3.90855219291756,-1.50274228568563,0.175299595669916,1.22028796815296,1.72693734876739,1.78996225451711,1.50407720240599,0.963996709437923,0.264435292616808,-0.499892531053478,-1.23427224456904,-1.84398933092602,-2.23432927312045,-2.31057755414854,-1.97801965700632,-1.14194106468998,0.292372739804449,2.41963627348076,2.41963627348076,2.41963627348076,2.41963627348076,2.41963627348076,2.41963627348076,2.41963627348076,2.41963627348076,2.41963627348076,2.41963627348076,2.41963627348076,2.41963627348076,2.41963627348076,2.41963627348076,2.41963627348076,2.41963627348076,2.41963627348076,2.41963627348076,2.41963627348076,2.41963627348076,2.41963627348076,5.67661538786728,5.04067696968939,4.4047385515115,3.76880013333362,3.13286171515572,2.49692329697784,1.85738676789458,1.20690013223791,0.578811087030873,0.0163521319008879,-0.465560683272928,-0.849874080733839,-1.09667032525127,-1.18516127449696,-1.14274262098632,-1.0147132054298,-0.825653757331626,-0.574658880258385,-0.258698071375667,0.100744320684669,0.100744320684669,0.100744320684669,0.100744320684669,0.100744320684669,0.100744320684669,0.100744320684669,0.100744320684669,0.100744320684669,0.100744320684669,0.100744320684669,0.100744320684669,0.100744320684669,0.100744320684669,0.100744320684669,0.100744320684669,0.100744320684669,0.100744320684669,0.100744320684669,0.100744320684669,0.100744320684669,1,1,1,1,1,1,1,1,1,1,1,1,1,1,1,1,1,1,1,1,1,1,1,1,1,1,1,1,1,1,1,1,1,1,1,1,1,1,1,1
-0.529562573390406,-3.14383714833471,-0.112848952053948,-1.77794683060455,-3.13874821887968,-1.39294844807383,-0.887779579270296,0.325064589700684,-1.08615368957435,-0.29851943864572,0.948335808884444,1.79507938667883,0.951873372197541,1.33762489664761,-0.776928224145864,1.19140098815732,0.109937207186631,0.936671136537219,-1.25786238829212,-0.084241784063062,-0.615130257377441,-0.149291444993873,2.6043919216347,-2.33262459272192,0.237632319395539,0.403813313132465,0.622230184371576,2.60880901281987,1.3215459350917,-0.978641586094694,-0.791982028731223,0.537570734195191,0.406791111627047,0.816589943206719,-1.08697853798507,0.287945852713007,-0.166801173244734,4.51408120748763,-1.65887767561167,0.619067427164177,-2.54717115047883,-2.26958584528734,-1.99200054009584,-1.71441523490435,-1.43682992971285,-1.15924462452135,-0.881659319329858,-0.60407401413836,-0.326488708946865,-0.0489034037553679,0.228681901436127,0.506267206627623,0.78385251181912,1.06143781701062,1.33902312220211,1.61660842739361,1.8941937325851,2.1717790377766,2.4493643429681,2.72694964815959,2.72694964815959,2.72694964815959,2.72694964815959,2.72694964815959,2.72694964815959,2.72694964815959,2.72694964815959,2.72694964815959,2.72694964815959,2.72694964815959,2.72694964815959,2.72694964815959,2.72694964815959,2.72694964815959,2.72694964815959,2.72694964815959,2.72694964815959,2.72694964815959,2.72694964815959,2.72694964815959,-3.90095435956355,-3.75509276662365,-3.4841926657716,-3.10839131162826,-2.64782595881448,-2.12263386195111,-1.55295227565902,-0.958918454559042,-0.360669653272051,0.221656873581123,0.767923871379587,1.25799408550253,1.67173026132906,1.98899514423833,2.18965147960951,2.25356201282172,2.16058948925413,1.89059665428585,1.42344625329607,0.739001031663889,0.739001031663889,0.739001031663889,0.739001031663889,0.739001031663889,0.739001031663889,0.739001031663889,0.739001031663889,0.739001031663889,0.739001031663889,0.739001031663889,0.739001031663889,0.739001031663889,0.739001031663889,0.739001031663889,0.739001031663889,0.739001031663889,0.739001031663889,0.739001031663889,0.739001031663889,0.739001031663889,-1.96063187449655,-1.77899204372743,-1.59735221295831,-1.41571238218919,-1.23407255142007,-1.05243272065095,-0.867663622401484,-0.665852957785596,-0.4356310737016,-0.162071984141592,0.164906164090004,0.522585878033214,0.867238259086882,1.17834880835916,1.46398701418046,1.73056461947178,1.97592752628202,2.20377720664514,2.42365688583557,2.64178665840768,2.64178665840768,2.64178665840768,2.64178665840768,2.64178665840768,2.64178665840768,2.64178665840768,2.64178665840768,2.64178665840768,2.64178665840768,2.64178665840768,2.64178665840768,2.64178665840768,2.64178665840768,2.64178665840768,2.64178665840768,2.64178665840768,2.64178665840768,2.64178665840768,2.64178665840768,2.64178665840768,1,1,1,1,1,1,1,1,1,1,1,1,1,1,1,1,1,1,1,1,1,1,1,1,1,1,1,1,1,1,1,1,1,1,1,1,1,1,1,1
2.08288107730009,0.215347087791092,-0.0927400472678768,2.87896665724886,0.50796435798647,-0.0523917612269429,-2.00398585660134,0.842958091937595,-0.813266575963773,0.12022658024005,0.130089256068091,-1.42977891684001,0.0239910055161854,-2.47340349761178,-0.727376627085201,0.0850259615797224,1.01256994708741,-1.51873047607214,1.3541927075175,0.819780343139099,-0.418148533621439,-0.318853707408485,-1.22364002368626,-1.7868439262184,3.76764067177094,-0.557278002818604,3.83889872022413,0.814519115155472,-1.14910388038473,2.18366870893803,-0.205258865512999,-1.61817907230616,-1.87532168010037,-2.39827771073677,-0.0835335498123015,1.84959398107563,-0.191085117899757,3.1106542144461,0.0925861252771778,0.390926071105023,-1.76312888543193,-1.55250117067852,-1.34187345592511,-1.13124574117171,-0.920618026418301,-0.709990311664896,-0.499362596911488,-0.288734882158082,-0.078107167404676,0.132520547348729,0.343148262102137,0.553775976855544,0.764403691608949,0.975031406362357,1.18565912111576,1.39628683586917,1.60691455062257,1.81754226537598,2.02816998012939,2.23879769488279,2.23879769488279,2.23879769488279,2.23879769488279,2.23879769488279,2.23879769488279,2.23879769488279,2.23879769488279,2.23879769488279,2.23879769488279,2.23879769488279,2.23879769488279,2.23879769488279,2.23879769488279,2.23879769488279,2.23879769488279,2.23879769488279,2.23879769488279,2.23879769488279,2.23879769488279,2.23879769488279,6.23804770544673,5.30363792224035,4.35969078277441,3.42682062341408,2.52564178052459,1.67676859047114,0.900815389618931,0.218396514333192,-0.349873699020888,-0.783380914078103,-1.06151079447325,-1.16364900384108,-1.06918120581644,-0.75749306403411,-0.207970242128878,0.600001596264494,1.68703678751117,3.07374966797637,4.78075457402537,6.82866584202323,6.82866584202323,6.82866584202323,6.82866584202323,6.82866584202323,6.82866584202323,6.82866584202323,6.82866584202323,6.82866584202323,6.82866584202323,6.82866584202323,6.82866584202323,6.82866584202323,6.82866584202323,6.82866584202323,6.82866584202323,6.82866584202323,6.82866584202323,6.82866584202323,6.82866584202323,6.82866584202323,-1.27077619476712,-0.953844407244527,-0.636912619721956,-0.319980832199378,-0.00304904467678568,0.313882742845794,0.58960246993936,0.657193887725031,0.477871972258574,0.0902650298983634,-0.474376989680186,-1.03772963015597,-1.27914583560619,-1.02157091030761,-0.341144775353461,0.621520993415375,1.79950799986736,3.17172118029094,4.70984570702538,6.34677733986335,6.34677733986335,6.34677733986335,6.34677733986335,6.34677733986335,6.34677733986335,6.34677733986335,6.34677733986335,6.34677733986335,6.34677733986335,6.34677733986335,6.34677733986335,6.34677733986335,6.34677733986335,6.34677733986335,6.34677733986335,6.34677733986335,6.34677733986335,6.34677733986335,6.34677733986335,6.34677733986335,1,1,1,1,1,1,1,1,1,1,1,1,1,1,1,1,1,1,0,0,0,0,0,0,0,0,0,0,0,0,0,0,0,0,0,0,0,0,0,0
0.0782378783188689,2.34783638651675,2.80368255775293,0.295418214487418,-0.0554788953491556,0.768800434950186,1.34608779324111,0.889201311039388,-3.00843311167487,1.57833490493911,3.26323576650466,-0.507666285191181,-1.7429452122786,-0.260175371700239,2.02015269534427,-3.47469134959285,-1.30805523525408,-0.976791968604715,0.161889781693542,-1.09505678128308,-0.394156752583926,0.151678498225083,0.314765146164017,-1.00741249048961,-0.873270102127902,0.810821899114025,-0.713154629761092,-0.0888741133523592,0.0993914264561315,0.978491072157297,0.993824568575295,-2.58271599906831,0.504003464823843,-0.316026804997158,0.0782025837785518,2.13340507181917,0.32072070856816,1.73988892225954,1.15341452308388,1.36515433787056,-1.68977787073688,-1.62487697429485,-1.55997607785282,-1.49507518141079,-1.43017428496877,-1.36527338852674,-1.30037249208471,-1.23547159564268,-1.17057069920065,-1.10566980275862,-1.0407689063166,-0.975868009874569,-0.910967113432539,-0.846066216990513,-0.781165320548483,-0.716264424106456,-0.651363527664428,-0.5864626312224,-0.521561734780372,-0.456660838338344,-0.456660838338344,-0.456660838338344,-0.456660838338344,-0.456660838338344,-0.456660838338344,-0.456660838338344,-0.456660838338344,-0.456660838338344,-0.456660838338344,-0.456660838338344,-0.456660838338344,-0.456660838338344,-0.456660838338344,-0.456660838338344,-0.456660838338344,-0.456660838338344,-0.456660838338344,-0.456660838338344,-0.456660838338344,-0.456660838338344,-6.15691340507941,-4.84077430119437,-3.75547959885848,-2.87981375531801,-2.1925612278192,-1.6725064736083,-1.29843394993158,-1.04912811403527,-0.90337342316564,-0.839954334568937,-0.837655305491408,-0.87526079317931,-0.931555254878891,-0.985323147836402,-1.01534892929811,-1.00041705651027,-0.919311986719098,-0.750818177170856,-0.473720085111839,-0.0668021677882518,-0.0668021677882518,-0.0668021677882518,-0.0668021677882518,-0.0668021677882518,-0.0668021677882518,-0.0668021677882518,-0.0668021677882518,-0.0668021677882518,-0.0668021677882518,-0.0668021677882518,-0.0668021677882518,-0.0668021677882518,-0.0668021677882518,-0.0668021677882518,-0.0668021677882518,-0.0668021677882518,-0.0668021677882518,-0.0668021677882518,-0.0668021677882518,-0.0668021677882518,0.840415749934389,0.561834388849926,0.283253027765465,0.00467166668100649,-0.273909694403454,-0.552491055487915,-0.825412857866348,-1.06663156283218,-1.25656728632129,-1.39059020910374,-1.46711558125636,-1.47971978312784,-1.42078994135871,-1.29407414596785,-1.11916103391102,-0.911774343065877,-0.667320762553356,-0.381261611968815,-0.0716423054118742,0.240210631380844,0.240210631380844,0.240210631380844,0.240210631380844,0.240210631380844,0.240210631380844,0.240210631380844,0.240210631380844,0.240210631380844,0.240210631380844,0.240210631380844,0.240210631380844,0.240210631380844,0.240210631380844,0.240210631380844,0.240210631380844,0.240210631380844,0.240210631380844,0.240210631380844,0.240210631380844,0.240210631380844,1,1,1,1,1,1,1,1,1,1,1,1,1,1,1,1,1,1,1,1,1,1,1,1,1,1,1,1,1,1,1,1,1,1,1,1,1,1,1,1
-1.06977736107215,-1.06098046714086,2.56310003012051,-2.4881728298218,0.230332456586132,-2.36830988678448,-0.789914632405601,-0.296245334799057,0.506621910173834,0.443851316813626,0.618106093394564,-0.126572104557829,-2.35101816072184,-0.799090325617552,-1.83650650625263,0.317983657965822,1.68763672437321,-0.595358146722216,0.259233500127836,0.0392343993909776,0.411380454580748,-0.31782695395391,-0.826183661214065,-2.01423772072808,-1.74400791264422,0.0638887836915121,2.16543819196885,-2.73370108782224,0.725647097948798,2.2819120928406,1.19760600167293,-2.78865899847379,0.823323806441742,-1.99338378553799,-2.09927076262652,0.299282951006413,0.7279582310103,1.96463207878584,-1.54510278851042,0.221375112057137,-0.228262838324987,-0.253074566282855,-0.277886294240723,-0.302698022198589,-0.327509750156457,-0.352321478114327,-0.377133206072193,-0.401944934030061,-0.426756661987927,-0.451568389945797,-0.476380117903664,-0.501191845861531,-0.526003573819398,-0.550815301777266,-0.575627029735134,-0.600438757693002,-0.625250485650868,-0.650062213608738,-0.674873941566606,-0.699685669524472,-0.699685669524472,-0.699685669524472,-0.699685669524472,-0.699685669524472,-0.699685669524472,-0.699685669524472,-0.699685669524472,-0.699685669524472,-0.699685669524472,-0.699685669524472,-0.699685669524472,-0.699685669524472,-0.699685669524472,-0.699685669524472,-0.699685669524472,-0.699685669524472,-0.699685669524472,-0.699685669524472,-0.699685669524472,-0.699685669524472,-7.940872054552,-6.37126003189275,-4.99912225688099,-3.81349987910766,-2.80343404816371,-1.95796591364012,-1.26613662512783,-0.716987332217792,-0.29955918450097,-0.0028933315683215,0.183969076989204,0.271986891580642,0.272118962615041,0.195324140501439,0.0525612756488822,-0.145210781533578,-0.387033180636895,-0.661947071252028,-0.95899360296997,-1.26721392538162,-1.26721392538162,-1.26721392538162,-1.26721392538162,-1.26721392538162,-1.26721392538162,-1.26721392538162,-1.26721392538162,-1.26721392538162,-1.26721392538162,-1.26721392538162,-1.26721392538162,-1.26721392538162,-1.26721392538162,-1.26721392538162,-1.26721392538162,-1.26721392538162,-1.26721392538162,-1.26721392538162,-1.26721392538162,-1.26721392538162,-3.1396544510143,-2.80585120874831,-2.47204796648232,-2.13824472421632,-1.80444148195033,-1.47063823968434,-1.13594895103338,-0.798161966749191,-0.464411125632688,-0.150812988638878,0.117258026313303,0.303148257642867,0.374096169165586,0.322296360164904,0.156599358105757,-0.123356567818032,-0.519379963046529,-0.999443242002231,-1.50281355069482,-1.99431978127599,-1.99431978127599,-1.99431978127599,-1.99431978127599,-1.99431978127599,-1.99431978127599,-1.99431978127599,-1.99431978127599,-1.99431978127599,-1.99431978127599,-1.99431978127599,-1.99431978127599,-1.99431978127599,-1.99431978127599,-1.99431978127599,-1.99431978127599,-1.99431978127599,-1.99431978127599,-1.99431978127599,-1.99431978127599,-1.99431978127599,1,1,1,1,1,1,1,1,1,1,1,1,1,1,1,1,1,1,1,1,1,1,1,1,1,1,1,1,1,1,1,1,1,1,1,1,1,1,1,1
1.56784033938833,0.975099373894484,-1.19924564551127,0.791709658902193,2.62175883739626,-0.933524661201023,0.337893327611582,-0.754848483428972,-1.37304884199845,1.878215023108,3.1828068664001,-0.661298325247495,0.0235127977299996,1.72543138420872,-1.09681195545611,2.01895450341716,-1.59059566940007,0.509379264741998,-2.25269978481883,0.388541308358329,-0.0684974181024547,-0.961186059930419,-1.04406201024193,1.61386501234776,-0.145551579292137,-0.0225115150979622,3.22258214770547,1.818890513413,0.0163644493663,-1.23093650666124,2.41333522023128,-1.31763216632064,1.07208802075895,1.16253667193476,-0.550064114721529,0.445224558478881,-1.26120845121425,0.0284385481708611,-1.36499730505241,0.219265874415425,-1.23472658068363,-1.08285387304442,-0.930981165405205,-0.779108457765994,-0.627235750126782,-0.475363042487572,-0.32349033484836,-0.171617627209152,-0.0197449195699377,0.132127788069273,0.284000495708483,0.435873203347695,0.587745910986905,0.739618618626116,0.891491326265328,1.04336403390454,1.19523674154375,1.34710944918296,1.49898215682217,1.65085486446138,1.65085486446138,1.65085486446138,1.65085486446138,1.65085486446138,1.65085486446138,1.65085486446138,1.65085486446138,1.65085486446138,1.65085486446138,1.65085486446138,1.65085486446138,1.65085486446138,1.65085486446138,1.65085486446138,1.65085486446138,1.65085486446138,1.65085486446138,1.65085486446138,1.65085486446138,1.65085486446138,-2.54437128901168,-2.12299037060059,-1.72885764263341,-1.36164416287284,-1.0210209890816,-0.7066591790224,-0.418229790457946,-0.15540388115096,0.082147491135844,0.294753268639775,0.482742393598102,0.64644380824811,0.786186454827108,0.902299275572355,0.995111212721168,1.06495120851081,1.11214820517861,1.13703114496179,1.1399289700977,1.1211706228236,1.1211706228236,1.1211706228236,1.1211706228236,1.1211706228236,1.1211706228236,1.1211706228236,1.1211706228236,1.1211706228236,1.1211706228236,1.1211706228236,1.1211706228236,1.1211706228236,1.1211706228236,1.1211706228236,1.1211706228236,1.1211706228236,1.1211706228236,1.1211706228236,1.1211706228236,1.1211706228236,0.592312743791692,0.521610478503382,0.450908213215075,0.38020594792676,0.309503682638452,0.238801417350142,0.163331699701295,0.064310191931078,-0.0549994253063648,-0.157263753960089,-0.190872258852611,-0.119627299797264,0.0559341982320856,0.306289300973464,0.602260973105944,0.925973018063232,1.25933623553846,1.58658034428022,1.90752238752554,2.22906187390931,2.22906187390931,2.22906187390931,2.22906187390931,2.22906187390931,2.22906187390931,2.22906187390931,2.22906187390931,2.22906187390931,2.22906187390931,2.22906187390931,2.22906187390931,2.22906187390931,2.22906187390931,2.22906187390931,2.22906187390931,2.22906187390931,2.22906187390931,2.22906187390931,2.22906187390931,2.22906187390931,1,1,1,1,1,1,1,1,1,1,1,1,1,1,1,1,1,1,1,1,1,1,1,1,1,1,1,1,1,1,1,1,1,1,1,1,1,1,1,1
-2.6917395918078,-1.24805837551709,-1.72946537454954,1.43524187139364,1.38835942698199,1.36381935296308,-1.17858696612012,1.71182974541522,0.972949725490333,0.571713596831925,0.730542088400414,0.316523111239659,-0.375132842171432,2.05298210260216,-1.5229495681689,-0.336320918860356,-2.43286120430801,0.784134755067097,0.495514600863157,-1.14710151632812,-2.00756877036495,-0.0144812080326631,1.31724125112985,-0.182734959400609,-0.407327986793378,-1.41912072642814,-1.09141850160901,-1.40111637250265,0.0784223253026237,-1.68084309594976,2.34762099837259,1.88491381035355,2.39010248226385,-0.738288561480234,-1.47359094063928,-1.59568644514933,-2.07306091287442,0.104047451490104,-0.775688481143051,3.37813502576972,-1.96397941915408,-1.93506734905321,-1.90615527895234,-1.87724320885146,-1.84833113875059,-1.81941906864971,-1.79050699854884,-1.76159492844797,-1.7326828583471,-1.70377078824622,-1.67485871814535,-1.64594664804448,-1.6170345779436,-1.58812250784273,-1.55921043774185,-1.53029836764098,-1.5013862975401,-1.47247422743923,-1.44356215733836,-1.41465008723749,-1.41465008723749,-1.41465008723749,-1.41465008723749,-1.41465008723749,-1.41465008723749,-1.41465008723749,-1.41465008723749,-1.41465008723749,-1.41465008723749,-1.41465008723749,-1.41465008723749,-1.41465008723749,-1.41465008723749,-1.41465008723749,-1.41465008723749,-1.41465008723749,-1.41465008723749,-1.41465008723749,-1.41465008723749,-1.41465008723749,-13.7892017567428,-10.2306256801762,-7.37968484994544,-5.16553636895291,-3.51733734010102,-2.3642448662922,-1.63541605042881,-1.26000799541331,-1.16717780414806,-1.28608257953547,-1.54587942447796,-1.87572544187796,-2.20477773463783,-2.46219340565995,-2.57712955784682,-2.47874329410076,-2.0961917173242,-1.35863193041956,-0.195221036289238,1.4648838621644,1.4648838621644,1.4648838621644,1.4648838621644,1.4648838621644,1.4648838621644,1.4648838621644,1.4648838621644,1.4648838621644,1.4648838621644,1.4648838621644,1.4648838621644,1.4648838621644,1.4648838621644,1.4648838621644,1.4648838621644,1.4648838621644,1.4648838621644,1.4648838621644,1.4648838621644,1.4648838621644,1.10251070288624,0.701108174640177,0.299705646394116,-0.101696881851946,-0.503099410098002,-0.904501938344061,-1.29955007094825,-1.65629710839365,-1.94010467640116,-2.13749132692767,-2.25467028663944,-2.29939217130877,-2.27298944717007,-2.1740267514779,-1.99698267913898,-1.73219412649119,-1.37853666720612,-0.953378802267611,-0.484972614398867,0.00115557685338885,0.00115557685338885,0.00115557685338885,0.00115557685338885,0.00115557685338885,0.00115557685338885,0.00115557685338885,0.00115557685338885,0.00115557685338885,0.00115557685338885,0.00115557685338885,0.00115557685338885,0.00115557685338885,0.00115557685338885,0.00115557685338885,0.00115557685338885,0.00115557685338885,0.00115557685338885,0.00115557685338885,0.00115557685338885,0.00115557685338885,1,1,1,1,1,1,1,1,1,1,1,1,1,0,0,1,1,1,1,1,1,1,1,1,1,1,1,1,1,1,1,1,1,1,1,1,1,1,1,1
0.998652444401976,-1.61858552166896,-0.5165037121646,0.483530828795237,1.10284886706436,0.0411027178648995,-1.15281799083096,0.792519098222712,2.12351977582381,-0.355054161230029,1.65736289558747,-0.810331367918549,0.965137421213262,0.168324475281867,-0.294916431455659,-2.56352880164341,-2.33456996807752,-1.35270234661601,-0.534233998893228,2.08841524847975,-0.827968657879778,1.06473354576666,-0.0752684375594228,1.63570901815918,0.737099276106207,0.264295796337224,0.26225591369354,1.53651777873016,1.18208037728861,-0.0702264559052477,0.331151398577962,1.24476723665561,1.16975551145494,1.25824424220552,-1.37102000184656,-0.943927211192314,0.476420434722106,1.43816900927987,1.04654377934614,-2.23872265663314,-1.03595225851198,-0.963642148876829,-0.891332039241679,-0.819021929606531,-0.746711819971382,-0.674401710336232,-0.602091600701085,-0.529781491065936,-0.457471381430787,-0.385161271795639,-0.31285116216049,-0.240541052525341,-0.168230942890194,-0.095920833255045,-0.0236107236198961,0.0486993860152527,0.121009495650402,0.19331960528555,0.265629714920697,0.33793982455585,0.33793982455585,0.33793982455585,0.33793982455585,0.33793982455585,0.33793982455585,0.33793982455585,0.33793982455585,0.33793982455585,0.33793982455585,0.33793982455585,0.33793982455585,0.33793982455585,0.33793982455585,0.33793982455585,0.33793982455585,0.33793982455585,0.33793982455585,0.33793982455585,0.33793982455585,0.33793982455585,-1.48877530518968,-0.997930015463329,-0.646858641538779,-0.417087251142284,-0.290141912000081,-0.247548691838391,-0.270833658383474,-0.341522879361568,-0.441142422498894,-0.5512183555217,-0.653276746156225,-0.728843662128726,-0.759445171165412,-0.726607340992517,-0.611856239336324,-0.396717933923028,-0.0627184924788846,0.408616017269852,1.03575952759697,1.83718597077619,1.83718597077619,1.83718597077619,1.83718597077619,1.83718597077619,1.83718597077619,1.83718597077619,1.83718597077619,1.83718597077619,1.83718597077619,1.83718597077619,1.83718597077619,1.83718597077619,1.83718597077619,1.83718597077619,1.83718597077619,1.83718597077619,1.83718597077619,1.83718597077619,1.83718597077619,1.83718597077619,-1.03492542388695,-0.962737531385955,-0.890549638884958,-0.818361746383959,-0.746173853882965,-0.673985961381966,-0.601797497701147,-0.52960628926467,-0.457412391387743,-0.385216975135402,-0.313022396247808,-0.240831096289176,-0.168632534773367,-0.0963919863955862,-0.0240667418772986,0.048362579750135,0.1208844997609,0.193476708308074,0.266119459264953,0.338789966372515,0.338789966372515,0.338789966372515,0.338789966372515,0.338789966372515,0.338789966372515,0.338789966372515,0.338789966372515,0.338789966372515,0.338789966372515,0.338789966372515,0.338789966372515,0.338789966372515,0.338789966372515,0.338789966372515,0.338789966372515,0.338789966372515,0.338789966372515,0.338789966372515,0.338789966372515,0.338789966372515,1,1,1,1,1,1,1,1,1,1,1,1,1,1,1,1,1,1,1,1,1,1,1,1,1,1,1,1,1,1,1,1,1,1,1,1,1,1,1,1
0.198312248775249,-0.703179100642171,0.686024327979069,-0.464665341510475,-0.172385382246401,-2.25725676166828,-1.9746985988167,-0.964432411505188,-0.340839180742849,-2.02422631705391,-0.55370813653194,0.550636482582277,2.07571085969813,0.252106541002824,2.44000967872748,0.329814226594564,-0.411308732268012,-0.267018849152315,2.20950921745053,1.27700886781008,-0.862757060794189,1.87840538429645,0.167999359827386,-0.27128965520698,-0.863302805247715,-0.471603331373229,2.34560116649901,1.09829979677942,2.14562720165389,0.468562867103467,-1.22775267708991,0.269167389737692,0.212228509280909,-3.45361349406804,1.3610832411436,-0.131554849240187,-1.60918525147529,-2.11526226475963,-1.9694653513183,-0.0643378350574206,-3.48805195660952,-3.13746336863026,-2.78687478065099,-2.43628619267173,-2.08569760469246,-1.7351090167132,-1.38452042873393,-1.03393184075467,-0.683343252775403,-0.332754664796139,0.0178339231831259,0.368422511162388,0.719011099141657,1.06959968712092,1.42018827510018,1.77077686307945,2.12136545105871,2.47195403903798,2.82254262701724,3.17313121499651,3.17313121499651,3.17313121499651,3.17313121499651,3.17313121499651,3.17313121499651,3.17313121499651,3.17313121499651,3.17313121499651,3.17313121499651,3.17313121499651,3.17313121499651,3.17313121499651,3.17313121499651,3.17313121499651,3.17313121499651,3.17313121499651,3.17313121499651,3.17313121499651,3.17313121499651,3.17313121499651,-5.62981492785046,-4.08915148465601,-2.87895769855979,-1.95969505527887,-1.2918250405303,-0.83580914003117,-0.55210883949851,-0.401185624649395,-0.343500981200886,-0.339516394870042,-0.349693351373942,-0.334493336429615,-0.254377835754138,-0.0698083350645682,0.258753679922027,0.770846723488566,1.50600930991803,2.50377995349334,3.80369716849741,5.44529946921323,5.44529946921323,5.44529946921323,5.44529946921323,5.44529946921323,5.44529946921323,5.44529946921323,5.44529946921323,5.44529946921323,5.44529946921323,5.44529946921323,5.44529946921323,5.44529946921323,5.44529946921323,5.44529946921323,5.44529946921323,5.44529946921323,5.44529946921323,5.44529946921323,5.44529946921323,5.44529946921323,-2.35961531873606,-2.15447133797565,-1.94932735721524,-1.74418337645482,-1.53903939569441,-1.333895414934,-1.12951031925509,-0.926795608414869,-0.714713426674123,-0.476637057452598,-0.204260377975126,0.103288521858207,0.447304823092271,0.826725533109745,1.233242745359,1.65948426748993,2.10716912542586,2.57808868895347,3.06361396554362,3.55254631965213,3.55254631965213,3.55254631965213,3.55254631965213,3.55254631965213,3.55254631965213,3.55254631965213,3.55254631965213,3.55254631965213,3.55254631965213,3.55254631965213,3.55254631965213,3.55254631965213,3.55254631965213,3.55254631965213,3.55254631965213,3.55254631965213,3.55254631965213,3.55254631965213,3.55254631965213,3.55254631965213,1,1,1,1,1,1,1,1,1,1,1,1,1,1,1,1,1,1,1,1,1,1,1,1,1,1,1,1,1,1,1,1,1,1,1,1,1,1,1,1
-0.740743504911319,1.90027712569561,-2.59614718153987,1.06527992609455,-1.73819696475512,-0.383322556749409,-2.55382960540113,-1.32928617630153,1.32103393063292,0.540669959625278,-0.686571585992111,2.35502629961325,0.411936420244736,-1.70378523386821,1.76038378726006,0.325839082946526,-0.344944188973118,0.431140980036222,-1.3816954006522,-0.80335609398969,-1.76825790058614,2.23777204337232,0.437492477834798,1.38284660348543,2.20731483565378,0.871532861075561,2.07273189773568,-4.77435227092402,1.8310140708386,0.111113928647761,-0.515017891304735,1.5127480854671,1.96811914437,-2.33558570998227,-0.826608598019339,0.815727800641309,-1.43969979152916,0.736953428506302,-0.26044702377388,0.547051284094007,-4.3653786179862,-4.0946824427561,-3.823986267526,-3.5532900922959,-3.2825939170658,-3.0118977418357,-2.7412015666056,-2.47050539137549,-2.19980921614539,-1.92911304091529,-1.65841686568519,-1.38772069045509,-1.11702451522499,-0.846328339994887,-0.575632164764784,-0.304935989534684,-0.0342398143045788,0.236456360925521,0.507152536155623,0.777848711385724,0.777848711385724,0.777848711385724,0.777848711385724,0.777848711385724,0.777848711385724,0.777848711385724,0.777848711385724,0.777848711385724,0.777848711385724,0.777848711385724,0.777848711385724,0.777848711385724,0.777848711385724,0.777848711385724,0.777848711385724,0.777848711385724,0.777848711385724,0.777848711385724,0.777848711385724,0.777848711385724,-5.68679847926517,-5.55526018828379,-5.30472945807323,-4.95356844463112,-4.52013930395511,-4.02280419204284,-3.47992526489196,-2.9098646785001,-2.33098458886493,-1.76164715198406,-1.22021452385516,-0.725048860475855,-0.294512317843814,0.0530329480433505,0.299224781187959,0.425701025592398,0.414099525259012,0.246058124190155,-0.0967853336118001,-0.632793004144531,-0.632793004144531,-0.632793004144531,-0.632793004144531,-0.632793004144531,-0.632793004144531,-0.632793004144531,-0.632793004144531,-0.632793004144531,-0.632793004144531,-0.632793004144531,-0.632793004144531,-0.632793004144531,-0.632793004144531,-0.632793004144531,-0.632793004144531,-0.632793004144531,-0.632793004144531,-0.632793004144531,-0.632793004144531,-0.632793004144531,-8.08817271093497,-7.33988068222516,-6.59158865351534,-5.84329662480552,-5.09500459609571,-4.34671256738589,-3.60115952728382,-2.87594825150039,-2.19959871870046,-1.57057374330942,-0.976345311523033,-0.459037399531285,-0.0878724203265762,0.116504102567065,0.172274700134324,0.10875951743089,-0.00829382379324173,-0.102787766766646,-0.161672196821399,-0.214185997831322,-0.214185997831322,-0.214185997831322,-0.214185997831322,-0.214185997831322,-0.214185997831322,-0.214185997831322,-0.214185997831322,-0.214185997831322,-0.214185997831322,-0.214185997831322,-0.214185997831322,-0.214185997831322,-0.214185997831322,-0.214185997831322,-0.214185997831322,-0.214185997831322,-0.214185997831322,-0.214185997831322,-0.214185997831322,-0.214185997831322,1,1,1,1,1,1,1,1,1,1,1,1,1,1,1,1,1,1,1,1,1,1,1,1,1,1,1,1,1,1,1,1,1,1,1,1,1,1,1,1
2.11412667668387,-1.00899827480829,0.138870565332532,-0.428492816775695,0.284741360703655,-0.919179226315793,0.888688823111691,0.086260004843659,-0.683035681988327,-0.574862520764112,-0.0820586491513193,-1.95761366689686,2.43767972321731,1.18793693050978,-0.369825171130394,2.15545458463432,-0.781760665943894,0.395200797946307,-1.32618717860385,0.0369229690636441,-0.850669188629361,-1.28158495300266,1.94076037090983,-1.75950580360252,0.865709840732046,-0.690889480383767,-0.654359614841479,-0.233628776773326,1.20836996127314,1.23592074434678,-0.536640753831433,0.45894671312441,-1.17484691761316,0.338054777042865,-0.078461512318114,2.4457255189178,0.956748718357344,1.24092052121011,0.198364078922424,0.524030138878091,1.93095535277028,1.7914646987422,1.65197404471411,1.51248339068602,1.37299273665793,1.23350208262985,1.09401142860176,0.954520774573671,0.815030120545586,0.675539466517497,0.53604881248941,0.396558158461323,0.257067504433236,0.117576850405149,-0.0219138036229403,-0.161404457651027,-0.300895111679113,-0.440385765707205,-0.579876419735291,-0.719367073763376,-0.719367073763376,-0.719367073763376,-0.719367073763376,-0.719367073763376,-0.719367073763376,-0.719367073763376,-0.719367073763376,-0.719367073763376,-0.719367073763376,-0.719367073763376,-0.719367073763376,-0.719367073763376,-0.719367073763376,-0.719367073763376,-0.719367073763376,-0.719367073763376,-0.719367073763376,-0.719367073763376,-0.719367073763376,-0.719367073763376,5.56073950327669,4.47236028261082,3.55095932677448,2.78147594951567,2.14884946458243,1.63801918572275,1.23392442668466,0.921504501216177,0.685698723065313,0.511446405980085,0.383686863708506,0.287359409998592,0.207403358598366,0.128758023255832,0.0363627177190207,-0.0848432442640643,-0.249920548945402,-0.473929882576973,-0.771931931410775,-1.15898738169877,-1.15898738169877,-1.15898738169877,-1.15898738169877,-1.15898738169877,-1.15898738169877,-1.15898738169877,-1.15898738169877,-1.15898738169877,-1.15898738169877,-1.15898738169877,-1.15898738169877,-1.15898738169877,-1.15898738169877,-1.15898738169877,-1.15898738169877,-1.15898738169877,-1.15898738169877,-1.15898738169877,-1.15898738169877,-1.15898738169877,1.21822207848379,1.19627354663962,1.17432501479545,1.15237648295129,1.13042795110712,1.10847941926295,1.08263470060376,1.03248192609779,0.933568630150729,0.779983718000929,0.59093457072713,0.391514992866449,0.195061096616216,0.010323423930334,-0.147788464145481,-0.269531316116549,-0.364853348059464,-0.453214381974172,-0.544073268755122,-0.636420647757026,-0.636420647757026,-0.636420647757026,-0.636420647757026,-0.636420647757026,-0.636420647757026,-0.636420647757026,-0.636420647757026,-0.636420647757026,-0.636420647757026,-0.636420647757026,-0.636420647757026,-0.636420647757026,-0.636420647757026,-0.636420647757026,-0.636420647757026,-0.636420647757026,-0.636420647757026,-0.636420647757026,-0.636420647757026,-0.636420647757026,1,1,1,1,1,1,1,1,1,1,1,1,1,1,1,1,1,1,1,1,1,1,1,1,1,1,1,1,1,1,1,1,1,1,1,1,1,1,1,1
-0.233582445315055,2.7262183325711,-0.322180292041709,0.685494707571895,0.250472929605086,-0.925323220153346,-0.172966418707857,0.526261904703967,3.06854514188854,0.11093281724686,-0.52220669589752,-1.42124082831806,0.774737863091929,2.4543968379725,-1.51498453870796,1.57079821881646,-1.49704046350477,-0.000185386449746971,-0.16422419986654,0.200243667244152,-1.56551402993329,-1.04344191394618,-0.331163053573773,-1.32774049364195,1.3735690470091,-1.27854002688486,1.61991345534701,-1.55782241701906,0.01288502581572,-0.511408966532731,0.20228253880807,-1.44608033948895,2.30372716793714,0.00420847984916328,-0.212253122442251,0.786723270492848,0.927298338867793,-1.72838224439982,-1.29078709093124,-2.51554750128792,3.60845645502494,3.38350943801402,3.1585624210031,2.93361540399218,2.70866838698126,2.48372136997034,2.25877435295942,2.0338273359485,1.80888031893758,1.58393330192666,1.35898628491574,1.13403926790482,0.909092250893901,0.68414523388298,0.459198216872061,0.234251199861138,0.00930418285021872,-0.2156428341607,-0.440589851171621,-0.66553686818254,-0.66553686818254,-0.66553686818254,-0.66553686818254,-0.66553686818254,-0.66553686818254,-0.66553686818254,-0.66553686818254,-0.66553686818254,-0.66553686818254,-0.66553686818254,-0.66553686818254,-0.66553686818254,-0.66553686818254,-0.66553686818254,-0.66553686818254,-0.66553686818254,-0.66553686818254,-0.66553686818254,-0.66553686818254,-0.66553686818254,-25.7858959759612,-18.3996054919604,-12.3090061862281,-7.40359760604498,-3.57287929869157,-0.706350811448536,1.3064883084035,2.57613851358391,3.21310025681206,3.32787399080734,3.03096016828909,2.43285924197672,1.64407166458957,0.775097888847059,-0.0635616325315098,-0.761406446826699,-1.20793610131918,-1.29265014328955,-0.905048120018451,0.065370421213494,0.065370421213494,0.065370421213494,0.065370421213494,0.065370421213494,0.065370421213494,0.065370421213494,0.065370421213494,0.065370421213494,0.065370421213494,0.065370421213494,0.065370421213494,0.065370421213494,0.065370421213494,0.065370421213494,0.065370421213494,0.065370421213494,0.065370421213494,0.065370421213494,0.065370421213494,0.065370421213494,-2.25745500434796,-1.62494302052927,-0.992431036710622,-0.359919052891954,0.272592930926719,0.905104914745381,1.52294186365649,2.05202431986712,2.40337973350201,2.50453732312503,2.32766388798918,1.91880517442592,1.3653618279179,0.740906433768883,0.111282215568648,-0.434516282671739,-0.77905984231216,-0.78834701164029,-0.391342086219955,0.291106567071996,0.291106567071996,0.291106567071996,0.291106567071996,0.291106567071996,0.291106567071996,0.291106567071996,0.291106567071996,0.291106567071996,0.291106567071996,0.291106567071996,0.291106567071996,0.291106567071996,0.291106567071996,0.291106567071996,0.291106567071996,0.291106567071996,0.291106567071996,0.291106567071996,0.291106567071996,0.291106567071996,1,1,1,1,1,1,1,1,1,1,1,1,1,1,1,1,1,1,1,1,1,1,1,1,1,1,1,1,1,1,1,1,1,1,1,1,1,1,1,1
1.59430822776314,0.00393232396442311,-2.42822430913069,-1.38545666314013,3.76661645090078,-2.2814696289077,-1.24786104437719,-1.9575660893595,0.476373880302555,1.12637840380439,-1.28051553363637,-0.852598698977422,1.31361370376562,2.05328231810397,-0.189881082882488,2.3370861680376,-1.23323825396522,0.272570142927682,2.25019780459219,1.6959342362909,-1.45131192954215,-1.60565708750031,-2.32127992157121,-0.406531311635323,-2.11264364151001,-0.586520126644984,0.535703953578814,-0.895680091635466,1.27497870531291,-2.4585727532343,-0.306880211683188,-0.729723279793973,2.35706418234703,-1.63152009277015,-2.55358867029129,-1.28973550940942,-0.015707959243068,0.124520846608725,-1.89635119705815,-0.175800378755081,0.827147363296607,0.893439942930087,0.959732522563566,1.02602510219705,1.09231768183053,1.15861026146401,1.22490284109749,1.29119542073096,1.35748800036445,1.42378057999792,1.49007315963141,1.55636573926489,1.62265831889836,1.68895089853184,1.75524347816532,1.82153605779881,1.88782863743229,1.95412121706577,2.02041379669925,2.08670637633272,2.08670637633272,2.08670637633272,2.08670637633272,2.08670637633272,2.08670637633272,2.08670637633272,2.08670637633272,2.08670637633272,2.08670637633272,2.08670637633272,2.08670637633272,2.08670637633272,2.08670637633272,2.08670637633272,2.08670637633272,2.08670637633272,2.08670637633272,2.08670637633272,2.08670637633272,2.08670637633272,-24.5138034013596,-17.413689849481,-11.6075936722127,-6.97648173506497,-3.40132090354795,-0.763078043171847,1.05727998055312,2.17878630211676,2.72047405600884,2.80137637671919,2.54052639873758,2.05695725655385,1.46970208465772,0.89779401753904,0.460266189687585,0.27615173559319,0.464483789745572,1.14429548663466,2.43461996075006,4.45449034658168,4.45449034658168,4.45449034658168,4.45449034658168,4.45449034658168,4.45449034658168,4.45449034658168,4.45449034658168,4.45449034658168,4.45449034658168,4.45449034658168,4.45449034658168,4.45449034658168,4.45449034658168,4.45449034658168,4.45449034658168,4.45449034658168,4.45449034658168,4.45449034658168,4.45449034658168,4.45449034658168,-2.06994041200281,-1.56826217427448,-1.06658393654617,-0.564905698817846,-0.0632274610895305,0.438450776638792,0.953597235482734,1.50830617835712,1.96805804863924,2.15997767009767,2.08588561072616,1.88454576432626,1.66449237608976,1.43506779586445,1.16901189937685,0.942642577629783,0.982116984923783,1.46702286902592,2.32848021365757,3.35148238214599,3.35148238214599,3.35148238214599,3.35148238214599,3.35148238214599,3.35148238214599,3.35148238214599,3.35148238214599,3.35148238214599,3.35148238214599,3.35148238214599,3.35148238214599,3.35148238214599,3.35148238214599,3.35148238214599,3.35148238214599,3.35148238214599,3.35148238214599,3.35148238214599,3.35148238214599,3.35148238214599,1,1,1,1,1,1,1,1,1,1,1,1,1,1,1,1,1,1,1,1,1,1,1,1,1,1,1,1,1,1,1,1,1,1,1,1,1,1,1,1
0.570158992685292,-2.35792470339417,2.74587387867001,1.14704311510812,1.26554992127885,-0.766261566505024,2.7420375752529,0.289489161966262,-0.335801057117258,0.275235295343052,-0.487429928054503,-0.210832951256382,1.22782992155425,-0.95886661802308,-0.0660456776563851,-1.17720304501325,-0.247050685082069,-0.507187175624145,2.16598990010891,-0.562071963465115,-0.651492293208641,1.08219613962063,-0.058132907568277,-0.523979161454072,-0.152907040056865,0.27455303071044,0.781573964343195,0.915650600284328,-1.05168868921853,1.26346579181181,-1.07139124581572,1.44102624136078,-1.48417550004986,0.426645706318272,1.84392433988613,1.82938446105671,-3.09615716177237,-1.38823033848335,-3.08096834174786,-0.634601579985251,-3.64208873575428,-3.34250161830883,-3.04291450086339,-2.74332738341794,-2.4437402659725,-2.14415314852705,-1.84456603108161,-1.54497891363616,-1.24539179619072,-0.945804678745274,-0.64621756129983,-0.346630443854385,-0.0470433264089394,0.252543791036505,0.552130908481951,0.851718025927395,1.15130514337284,1.45089226081829,1.75047937826373,2.05006649570918,2.05006649570918,2.05006649570918,2.05006649570918,2.05006649570918,2.05006649570918,2.05006649570918,2.05006649570918,2.05006649570918,2.05006649570918,2.05006649570918,2.05006649570918,2.05006649570918,2.05006649570918,2.05006649570918,2.05006649570918,2.05006649570918,2.05006649570918,2.05006649570918,2.05006649570918,2.05006649570918,-27.6202272373957,-21.0137073174824,-15.5031127143299,-10.9928015032448,-7.38713175953366,-4.59046155850284,-2.50714897545893,-1.04155208570839,-0.0980289645577379,0.419062312686522,0.605363670717924,0.556517034229918,0.368164327916016,0.135947476469719,-0.0444915954154794,-0.077510963046068,0.132531298271452,0.68127711323055,1.66436840652478,3.17744710284757,3.17744710284757,3.17744710284757,3.17744710284757,3.17744710284757,3.17744710284757,3.17744710284757,3.17744710284757,3.17744710284757,3.17744710284757,3.17744710284757,3.17744710284757,3.17744710284757,3.17744710284757,3.17744710284757,3.17744710284757,3.17744710284757,3.17744710284757,3.17744710284757,3.17744710284757,3.17744710284757,-9.83931679069711,-8.63019477337103,-7.42107275604494,-6.21195073871885,-5.00282872139277,-3.79370670406668,-2.59495519361867,-1.4740443623058,-0.560212000341567,0.0660517463831134,0.414814289672249,0.51710284278542,0.438548709932897,0.320733272880954,0.286364168379761,0.37225630361651,0.607697073561489,1.02175228912279,1.55609401634074,2.11649402499359,2.11649402499359,2.11649402499359,2.11649402499359,2.11649402499359,2.11649402499359,2.11649402499359,2.11649402499359,2.11649402499359,2.11649402499359,2.11649402499359,2.11649402499359,2.11649402499359,2.11649402499359,2.11649402499359,2.11649402499359,2.11649402499359,2.11649402499359,2.11649402499359,2.11649402499359,2.11649402499359,1,1,1,1,1,1,1,1,1,1,1,1,1,1,1,1,1,1,1,1,1,1,1,1,1,1,1,1,1,1,1,1,1,1,1,1,1,1,1,1
-1.39619446941935,0.764958610270559,1.05090473146419,-0.683336473874042,2.3711449636551,0.577901008800262,-1.16773770836085,-0.29670674279174,1.98686623409935,0.809707226932343,2.10730538750499,2.00825610373925,-2.71643635035474,0.581672964235059,2.59148929426488,-1.3732085187125,1.03749629312029,-1.22745178167908,-1.50748305359787,1.1329570103529,0.855919042572221,0.895425821282274,2.9251612201607,-1.17023679671668,-0.78977743469377,-0.0899446734600673,2.95023776772567,-0.921963739237668,-0.412707730470927,0.52389210440529,-0.701060785125483,1.380197854729,1.54576125744066,0.0640621359335132,0.713178220710606,1.3288932072994,-0.710616744973482,1.63251514277342,-0.656489639506699,0.679529827121689,-0.461163925867388,-0.449266111373579,-0.43736829687977,-0.425470482385961,-0.413572667892153,-0.401674853398344,-0.389777038904533,-0.377879224410727,-0.365981409916916,-0.354083595423107,-0.342185780929301,-0.33028796643549,-0.31839015194168,-0.306492337447871,-0.294594522954062,-0.282696708460254,-0.270798893966447,-0.258901079472635,-0.247003264978826,-0.235105450485017,-0.235105450485017,-0.235105450485017,-0.235105450485017,-0.235105450485017,-0.235105450485017,-0.235105450485017,-0.235105450485017,-0.235105450485017,-0.235105450485017,-0.235105450485017,-0.235105450485017,-0.235105450485017,-0.235105450485017,-0.235105450485017,-0.235105450485017,-0.235105450485017,-0.235105450485017,-0.235105450485017,-0.235105450485017,-0.235105450485017,-9.99985209496818,-6.9873318689365,-4.59103905652236,-2.74924706779869,-1.40022931283845,-0.482259201714577,0.066389855499974,0.307444448732255,0.302631167909334,0.113676602958236,-0.197692656193974,-0.569750019620226,-0.940768897393502,-1.24902269958671,-1.43278483627284,-1.43032871752479,-1.17992775341557,-0.619855354018075,0.311615070594724,1.67621011034991,1.67621011034991,1.67621011034991,1.67621011034991,1.67621011034991,1.67621011034991,1.67621011034991,1.67621011034991,1.67621011034991,1.67621011034991,1.67621011034991,1.67621011034991,1.67621011034991,1.67621011034991,1.67621011034991,1.67621011034991,1.67621011034991,1.67621011034991,1.67621011034991,1.67621011034991,1.67621011034991,-1.69750955580712,-1.45157243425752,-1.20563531270797,-0.959698191158388,-0.713761069608819,-0.467823948059232,-0.201637679579408,0.149284547425374,0.472581049060073,0.441676717104485,-0.125907023532918,-0.927634196135781,-1.4289209044386,-1.41945487903891,-1.11128293257088,-0.783298727943896,-0.530457348505003,-0.275229505690071,0.107531275883364,0.629621306969609,0.629621306969609,0.629621306969609,0.629621306969609,0.629621306969609,0.629621306969609,0.629621306969609,0.629621306969609,0.629621306969609,0.629621306969609,0.629621306969609,0.629621306969609,0.629621306969609,0.629621306969609,0.629621306969609,0.629621306969609,0.629621306969609,0.629621306969609,0.629621306969609,0.629621306969609,0.629621306969609,1,1,1,1,1,1,1,1,1,1,1,1,1,1,1,1,1,1,1,1,1,1,1,1,1,1,1,1,1,1,1,1,1,1,1,1,1,1,1,1
0.742535634571985,0.34819094594819,-0.440670504678325,0.717655304222424,0.246684461349921,0.298909577076254,-2.26802445593413,-0.00842622406040761,1.20138282719916,-2.33707356325584,-1.5572037844061,0.377517977397014,1.118279508613,-0.329459254020454,-0.0333498752891348,1.07112826223023,0.341966409901508,-1.53064251878943,0.497909799101544,0.0709440342075034,-0.0277484492360127,-2.22881708177722,-1.9596262709257,1.13401687713705,-1.76720720606767,1.89039741024001,-1.45744852455905,-2.22811667858579,1.80134495228433,-0.0866215690694894,0.50750838833083,-1.21210399936782,-1.13868606346277,-2.33175363779345,0.572203024153598,0.0123785867683459,-1.13673881677779,0.337781934968001,-1.26388881998269,-0.222677841595713,-2.95183391306807,-2.7627228597293,-2.57361180639053,-2.38450075305176,-2.19538969971299,-2.00627864637422,-1.81716759303545,-1.62805653969668,-1.43894548635791,-1.24983443301914,-1.06072337968037,-0.871612326341596,-0.682501273002826,-0.493390219664057,-0.304279166325287,-0.115168112986515,0.0739429403522553,0.263053993691024,0.452165047029794,0.641276100368565,0.641276100368565,0.641276100368565,0.641276100368565,0.641276100368565,0.641276100368565,0.641276100368565,0.641276100368565,0.641276100368565,0.641276100368565,0.641276100368565,0.641276100368565,0.641276100368565,0.641276100368565,0.641276100368565,0.641276100368565,0.641276100368565,0.641276100368565,0.641276100368565,0.641276100368565,0.641276100368565,25.1915957713363,17.7844055994171,11.7314461721423,6.91203234552938,3.20547897559566,0.49110091835851,-1.35178697016471,-2.44386983395661,-2.90583281699985,-2.85836106327703,-2.42213971677083,-1.71785392146384,-0.86618882133874,0.0121704396218991,0.796538717435403,1.36623086811916,1.60056174769051,1.37884621216683,0.580399117565529,-0.915464680096122,-0.915464680096122,-0.915464680096122,-0.915464680096122,-0.915464680096122,-0.915464680096122,-0.915464680096122,-0.915464680096122,-0.915464680096122,-0.915464680096122,-0.915464680096122,-0.915464680096122,-0.915464680096122,-0.915464680096122,-0.915464680096122,-0.915464680096122,-0.915464680096122,-0.915464680096122,-0.915464680096122,-0.915464680096122,-0.915464680096122,-3.87537856759102,-3.58526626872913,-3.29515396986724,-3.00504167100535,-2.71492937214345,-2.42481707328156,-2.13463100383524,-1.84659334117392,-1.57020099960798,-1.30141042504378,-1.02012981755352,-0.719482689434415,-0.412902231998654,-0.119185216239806,0.133068168954772,0.306198644845523,0.385740858380869,0.394328869551812,0.364291523461143,0.317997651943511,0.317997651943511,0.317997651943511,0.317997651943511,0.317997651943511,0.317997651943511,0.317997651943511,0.317997651943511,0.317997651943511,0.317997651943511,0.317997651943511,0.317997651943511,0.317997651943511,0.317997651943511,0.317997651943511,0.317997651943511,0.317997651943511,0.317997651943511,0.317997651943511,0.317997651943511,0.317997651943511,1,1,1,1,1,1,1,1,1,1,1,1,1,1,1,1,1,1,1,1,1,1,1,1,1,1,1,1,1,1,1,1,1,1,1,1,1,1,1,1
-0.80670872005299,-2.25714466920103,-0.0706112873997498,-0.284857409200581,-0.317357885539616,0.118716831591204,-2.16849347609529,2.04242303874634,1.00780539306469,4.13042999451475,-2.164606938706,-1.7249793106911,-0.859841081564683,-0.556557350069161,-1.26808926413513,-0.850263442252755,-3.59417043647579,0.562797728626329,-0.810818498233633,-1.21715867390626,2.00070423685981,-0.464326088767072,-1.27701643375843,0.642242217012694,0.819666133299414,-1.03152145329618,0.336503965774595,-1.64259082407926,-1.5119955137551,1.36187955298629,-0.543846323056542,0.864578898879332,-2.21241113889251,-0.324296244221442,0.392883882699524,-0.493949034823627,1.04582571619386,0.508698394283988,-1.75388495650602,-0.710080363948524,-0.496305566578479,-0.530111214000267,-0.563916861422054,-0.597722508843841,-0.63152815626563,-0.665333803687417,-0.699139451109203,-0.73294509853099,-0.766750745952779,-0.800556393374563,-0.834362040796353,-0.86816768821814,-0.901973335639928,-0.935778983061713,-0.969584630483503,-1.00339027790529,-1.03719592532708,-1.07100157274886,-1.10480722017065,-1.13861286759244,-1.13861286759244,-1.13861286759244,-1.13861286759244,-1.13861286759244,-1.13861286759244,-1.13861286759244,-1.13861286759244,-1.13861286759244,-1.13861286759244,-1.13861286759244,-1.13861286759244,-1.13861286759244,-1.13861286759244,-1.13861286759244,-1.13861286759244,-1.13861286759244,-1.13861286759244,-1.13861286759244,-1.13861286759244,-1.13861286759244,15.0724444767433,11.7408034101035,8.81678449159581,6.27955104245527,4.10826638391685,2.28209383721554,0.780196723586347,-0.418261635735741,-1.33411791951578,-1.98820880651871,-2.40137097550958,-2.59444110525345,-2.58825587451517,-2.40365196205993,-2.06146604665271,-1.58253480705839,-0.987694922042063,-0.297783070368855,0.466364069196421,1.28390981788866,1.28390981788866,1.28390981788866,1.28390981788866,1.28390981788866,1.28390981788866,1.28390981788866,1.28390981788866,1.28390981788866,1.28390981788866,1.28390981788866,1.28390981788866,1.28390981788866,1.28390981788866,1.28390981788866,1.28390981788866,1.28390981788866,1.28390981788866,1.28390981788866,1.28390981788866,1.28390981788866,0.945695565006162,0.774917163200043,0.604138761393923,0.433360359587811,0.262581957781696,0.0918035559755772,-0.083421037847156,-0.288418227321427,-0.559160417274965,-0.89911636666794,-1.25967040559776,-1.57752609164305,-1.81315994362909,-1.94104115866458,-1.92578394234454,-1.7281675303491,-1.32822367999022,-0.738262617843542,-0.00441883289891365,0.802651799759003,0.802651799759003,0.802651799759003,0.802651799759003,0.802651799759003,0.802651799759003,0.802651799759003,0.802651799759003,0.802651799759003,0.802651799759003,0.802651799759003,0.802651799759003,0.802651799759003,0.802651799759003,0.802651799759003,0.802651799759003,0.802651799759003,0.802651799759003,0.802651799759003,0.802651799759003,0.802651799759003,1,1,1,1,1,1,1,1,1,1,1,1,1,1,1,1,1,1,1,1,1,1,1,1,1,1,1,1,1,1,1,1,1,1,1,1,1,1,1,1
0.450254298989885,-0.47108239501281,0.1937154260843,-0.487106379585789,-0.352733332120076,2.53335410047261,-1.39801374852258,1.81579580828802,-1.22262002118278,-0.719198977687455,0.00481517981170221,0.951929712573508,-1.10308674766126,-1.45512497307084,1.07695035976027,-1.45722335957024,0.791088242972203,0.154157236332964,-0.268749007596353,-1.7999370544934,-0.347583765093072,0.0303010437612521,0.0265044401633183,0.47655713291422,1.02487931380781,-1.41172152127965,-1.28056059280273,-1.43283294382392,-0.970372798241989,-1.1933024778023,-0.512827775499689,-1.38544057773776,-1.36196712685389,1.80024673684206,-2.32192986096675,-1.79994520396344,-0.602644306506489,0.421017933848344,1.52726796002366,-0.200762925702453,4.63753006248989,4.15923723948299,3.68094441647609,3.2026515934692,2.7243587704623,2.2460659474554,1.7677731244485,1.28948030144161,0.811187478434709,0.332894655427813,-0.145398167579085,-0.623690990585981,-1.10198381359288,-1.58027663659978,-2.05856945960667,-2.53686228261357,-3.01515510562047,-3.49344792862736,-3.97174075163426,-4.45003357464116,-4.45003357464116,-4.45003357464116,-4.45003357464116,-4.45003357464116,-4.45003357464116,-4.45003357464116,-4.45003357464116,-4.45003357464116,-4.45003357464116,-4.45003357464116,-4.45003357464116,-4.45003357464116,-4.45003357464116,-4.45003357464116,-4.45003357464116,-4.45003357464116,-4.45003357464116,-4.45003357464116,-4.45003357464116,-4.45003357464116,36.4409076173553,27.3001307215077,19.7206882931208,13.5617826176961,8.6826159807351,4.94239066773923,2.20030896420996,0.315573155648808,-0.852614472442816,-1.44505163456338,-1.60253604521147,-1.46586541888558,-1.1758374700842,-0.873249913305935,-0.698900463049227,-0.793586833812688,-1.29810674009481,-2.35325789639407,-4.09983801720907,-6.67864481703833,-6.67864481703833,-6.67864481703833,-6.67864481703833,-6.67864481703833,-6.67864481703833,-6.67864481703833,-6.67864481703833,-6.67864481703833,-6.67864481703833,-6.67864481703833,-6.67864481703833,-6.67864481703833,-6.67864481703833,-6.67864481703833,-6.67864481703833,-6.67864481703833,-6.67864481703833,-6.67864481703833,-6.67864481703833,-6.67864481703833,4.63931722022868,4.16075714740467,3.68219707458066,3.20363700175664,2.72507692893263,2.24651685610861,1.76796116630388,1.28943419463618,0.810972168298177,0.332598393828757,-0.145696866910258,-0.623943542269304,-1.1021581790755,-1.58034237734544,-2.05851257826708,-2.53669968631467,-3.01491741951158,-3.49316066986418,-3.97142783326558,-4.44971477479139,-4.44971477479139,-4.44971477479139,-4.44971477479139,-4.44971477479139,-4.44971477479139,-4.44971477479139,-4.44971477479139,-4.44971477479139,-4.44971477479139,-4.44971477479139,-4.44971477479139,-4.44971477479139,-4.44971477479139,-4.44971477479139,-4.44971477479139,-4.44971477479139,-4.44971477479139,-4.44971477479139,-4.44971477479139,-4.44971477479139,1,1,1,1,1,1,1,1,1,1,1,1,1,1,1,1,1,1,1,1,1,1,1,1,1,1,1,1,1,1,1,1,1,1,1,1,1,1,1,1
0.473268527323813,-0.750461723438031,1.51262838538195,0.356595916144211,0.605841814684316,0.425908957721854,0.560776170365544,0.734108548815237,1.43053154521219,1.33171585485963,-0.148829791514112,-0.408579624485659,-1.84414511849818,2.21817423076564,-1.88267271830643,0.98303312281381,1.67811363500891,0.192571019252942,-0.216538806851274,-1.09532812112806,-0.321533922003757,0.999782461550858,0.341805650152535,1.11131892951936,-2.30108959848652,0.307660052995129,1.12986545395183,-1.01120063779097,0.576397094513325,-1.85671990528727,1.44276214695037,-0.640142366055315,-0.995327157304937,-1.75993167967117,-0.0499540284956019,1.48592306215955,0.737025954492838,1.33219430472165,0.189092214172543,1.41822819981996,3.30506662542234,3.00757250434229,2.71007838326223,2.41258426218218,2.11509014110213,1.81759602002208,1.52010189894202,1.22260777786197,0.925113656781916,0.627619535701863,0.33012541462181,0.0326312935417565,-0.264862827538296,-0.56235694861835,-0.859851069698401,-1.15734519077846,-1.45483931185851,-1.75233343293856,-2.04982755401862,-2.34732167509867,-2.34732167509867,-2.34732167509867,-2.34732167509867,-2.34732167509867,-2.34732167509867,-2.34732167509867,-2.34732167509867,-2.34732167509867,-2.34732167509867,-2.34732167509867,-2.34732167509867,-2.34732167509867,-2.34732167509867,-2.34732167509867,-2.34732167509867,-2.34732167509867,-2.34732167509867,-2.34732167509867,-2.34732167509867,-2.34732167509867,11.9690294133674,9.52388236805313,7.42838197572275,5.65396201042046,4.1720562461905,2.95409845707712,1.97152241712456,1.19576190037708,0.598250680878909,0.150422532674291,-0.176288770192521,-0.410449453677296,-0.580625743735753,-0.715383866323688,-0.843290047396827,-0.992910512910946,-1.19281148882179,-1.47155920108512,-1.85771987565666,-2.37985973849221,-2.37985973849221,-2.37985973849221,-2.37985973849221,-2.37985973849221,-2.37985973849221,-2.37985973849221,-2.37985973849221,-2.37985973849221,-2.37985973849221,-2.37985973849221,-2.37985973849221,-2.37985973849221,-2.37985973849221,-2.37985973849221,-2.37985973849221,-2.37985973849221,-2.37985973849221,-2.37985973849221,-2.37985973849221,-2.37985973849221,5.69207003212809,5.1305676351965,4.56906523826492,4.00756284133335,3.44606044440177,2.88455804747018,2.31772650178983,1.72081364696986,1.08162048594776,0.434095497773328,-0.174958865457461,-0.733879300358504,-1.22951301728538,-1.60785461530219,-1.8281659430414,-1.89470713008615,-1.79895906399465,-1.51470031903224,-1.07205111726702,-0.556286886348156,-0.556286886348156,-0.556286886348156,-0.556286886348156,-0.556286886348156,-0.556286886348156,-0.556286886348156,-0.556286886348156,-0.556286886348156,-0.556286886348156,-0.556286886348156,-0.556286886348156,-0.556286886348156,-0.556286886348156,-0.556286886348156,-0.556286886348156,-0.556286886348156,-0.556286886348156,-0.556286886348156,-0.556286886348156,-0.556286886348156,1,1,1,1,1,1,1,1,1,1,1,1,1,1,1,1,1,1,1,1,1,1,1,1,1,1,1,1,1,1,1,1,1,1,1,1,1,1,1,1
-0.696002731127859,-0.773371295757953,1.80899311514228,1.17543916120075,0.65840022034048,-0.146502166726124,0.211252654062662,-0.319047837573612,-2.77979416423679,-0.0100983689407315,0.783972645025504,0.664673151815311,-1.57786788775696,-0.776424887167485,0.142487344205801,-0.739377074477833,-0.266574811968047,-1.10463077994393,-1.30939732682639,-0.913218810016957,1.05800105929661,0.655887980011304,-0.00694550365162172,2.85925152766706,3.1409724553652,-2.43267476322119,-0.734793765251856,0.58176113276846,-1.44935699840452,0.61761645857581,2.80545822401131,-0.226102609720352,0.870848765510292,2.02095167216532,1.12227675079142,-0.388057515403487,2.38913510860963,0.596484009679122,-0.0550272784880566,1.96059897360784,-0.498109617717459,-0.515855397906029,-0.5336011780946,-0.551346958283168,-0.569092738471738,-0.586838518660309,-0.604584298848878,-0.622330079037448,-0.640075859226018,-0.657821639414589,-0.675567419603158,-0.69331319979173,-0.711058979980299,-0.728804760168872,-0.746550540357438,-0.764296320546011,-0.78204210073458,-0.79978788092315,-0.817533661111721,-0.835279441300289,-0.835279441300289,-0.835279441300289,-0.835279441300289,-0.835279441300289,-0.835279441300289,-0.835279441300289,-0.835279441300289,-0.835279441300289,-0.835279441300289,-0.835279441300289,-0.835279441300289,-0.835279441300289,-0.835279441300289,-0.835279441300289,-0.835279441300289,-0.835279441300289,-0.835279441300289,-0.835279441300289,-0.835279441300289,-0.835279441300289,7.11852151987253,4.96780332171935,3.2195879763643,1.83556252549633,0.777414010804373,0.00682947397736733,-0.514504043295741,-0.824899499326021,-0.962669852424529,-0.966128060902317,-0.873587083070452,-0.723359877240002,-0.553759401722017,-0.403098614827565,-0.30969047486769,-0.311847940153481,-0.447883968995983,-0.756111519706231,-1.27484355059532,-2.0423930199743,-2.0423930199743,-2.0423930199743,-2.0423930199743,-2.0423930199743,-2.0423930199743,-2.0423930199743,-2.0423930199743,-2.0423930199743,-2.0423930199743,-2.0423930199743,-2.0423930199743,-2.0423930199743,-2.0423930199743,-2.0423930199743,-2.0423930199743,-2.0423930199743,-2.0423930199743,-2.0423930199743,-2.0423930199743,-2.0423930199743,-0.497874727570289,-0.515665762824282,-0.533456798078283,-0.551247833332278,-0.569038868586273,-0.586829903840273,-0.604620728212709,-0.622405275978355,-0.640158848584131,-0.657865735031166,-0.675544163546848,-0.693225594757701,-0.710928588790839,-0.728662833306334,-0.746434381683258,-0.764234175419984,-0.782038184706153,-0.799828251936841,-0.817604411363936,-0.835375227051221,-0.835375227051221,-0.835375227051221,-0.835375227051221,-0.835375227051221,-0.835375227051221,-0.835375227051221,-0.835375227051221,-0.835375227051221,-0.835375227051221,-0.835375227051221,-0.835375227051221,-0.835375227051221,-0.835375227051221,-0.835375227051221,-0.835375227051221,-0.835375227051221,-0.835375227051221,-0.835375227051221,-0.835375227051221,-0.835375227051221,1,1,1,1,1,1,1,1,1,1,1,1,1,1,1,1,1,1,1,1,1,1,1,1,1,1,1,1,1,1,1,1,1,1,1,1,1,1,1,1
-0.446833806414124,0.693427508091185,-0.906446744976307,1.77192487051362,0.592441937496418,-1.87577682945955,0.45798987794053,-0.302992621292395,0.0921078138620928,-1.49201588019101,-0.16106600277314,2.58004829400722,0.658816880586494,-1.78670570305673,1.08929941386792,-0.329624956612758,2.15690162556405,1.43066384505868,-1.23121496169208,-0.0868017433398922,1.37241731458878,-0.164331356455415,0.352199260114046,-2.0686280982791,-1.30274602468993,1.21004452164541,0.0622472928931614,-0.551815617570888,-1.14187824493892,-1.47030323495276,1.32399128009773,-1.18827764274982,1.9359357479472,1.23075927449402,0.645182535986809,0.0461213053416252,-0.283760856280979,-1.30022859912822,-0.277581342780252,-1.52294258551063,0.885877476091283,0.942509333950345,0.999141191809406,1.05577304966847,1.11240490752753,1.16903676538659,1.22566862324565,1.28230048110471,1.33893233896377,1.39556419682283,1.45219605468189,1.50882791254095,1.56545977040001,1.62209162825907,1.67872348611813,1.73535534397719,1.79198720183626,1.84861905969531,1.90525091755437,1.96188277541344,1.96188277541344,1.96188277541344,1.96188277541344,1.96188277541344,1.96188277541344,1.96188277541344,1.96188277541344,1.96188277541344,1.96188277541344,1.96188277541344,1.96188277541344,1.96188277541344,1.96188277541344,1.96188277541344,1.96188277541344,1.96188277541344,1.96188277541344,1.96188277541344,1.96188277541344,1.96188277541344,10.1325460508323,8.24585604723296,6.59529765972104,5.16941227652897,3.95674128588918,2.94582607603409,2.12520803519614,1.48342855160775,1.00902901350135,0.690550809109366,0.516535326664235,0.475523954398382,0.556058080544229,0.746679093334215,1.03592838100077,1.41234733177631,1.86447733389327,2.38085977558408,2.95003604508117,3.56054753061697,3.56054753061697,3.56054753061697,3.56054753061697,3.56054753061697,3.56054753061697,3.56054753061697,3.56054753061697,3.56054753061697,3.56054753061697,3.56054753061697,3.56054753061697,3.56054753061697,3.56054753061697,3.56054753061697,3.56054753061697,3.56054753061697,3.56054753061697,3.56054753061697,3.56054753061697,3.56054753061697,1.17374196773614,1.19208948600854,1.21043700428094,1.22878452255334,1.24713204082574,1.26547955909814,1.28401382589395,1.30382545352832,1.32687986575067,1.35544101850394,1.39129490743744,1.4355984948288,1.48942865147077,1.55358293410515,1.62744217526043,1.70889020897973,1.79561412807167,1.88571989260226,1.97743895008743,2.06949681912572,2.06949681912572,2.06949681912572,2.06949681912572,2.06949681912572,2.06949681912572,2.06949681912572,2.06949681912572,2.06949681912572,2.06949681912572,2.06949681912572,2.06949681912572,2.06949681912572,2.06949681912572,2.06949681912572,2.06949681912572,2.06949681912572,2.06949681912572,2.06949681912572,2.06949681912572,2.06949681912572,1,1,1,1,1,1,1,1,1,1,1,1,1,1,1,1,1,1,1,1,1,1,1,1,1,1,1,1,1,1,1,1,1,1,1,1,1,1,1,1
0.695703576580419,-2.42695693750239,1.08004743305559,-0.847793984811792,0.316585315483598,2.25005004253468,-0.490898147416534,-0.68634220401316,1.21589499300625,-0.211764805479445,-0.597307716147384,0.512232819141236,3.29260097608018,0.210885643481024,0.505322756066438,0.97246299880123,-3.53153147046154,-1.08561873096932,0.068389383194706,-0.0903440481455284,0.26971774268614,1.31821299453649,0.377566701036411,-3.92891177027873,-0.687626543797238,-2.83764263871504,-3.14636387696266,0.181649649248342,0.253062405616964,-0.634604387069098,0.425216820515962,4.66131305573181,-1.98090252200372,0.142941129293295,-0.662226223281174,0.907504800166693,-1.08549564900522,1.1151426859494,-0.480913965990691,-0.769115835653189,4.21158148234006,3.99290009784471,3.77421871334936,3.55553732885401,3.33685594435866,3.1181745598633,2.89949317536795,2.6808117908726,2.46213040637725,2.24344902188189,2.02476763738654,1.80608625289119,1.58740486839584,1.36872348390049,1.15004209940514,0.931360714909783,0.71267933041443,0.493997945919078,0.275316561423727,0.0566351769283742,0.0566351769283742,0.0566351769283742,0.0566351769283742,0.0566351769283742,0.0566351769283742,0.0566351769283742,0.0566351769283742,0.0566351769283742,0.0566351769283742,0.0566351769283742,0.0566351769283742,0.0566351769283742,0.0566351769283742,0.0566351769283742,0.0566351769283742,0.0566351769283742,0.0566351769283742,0.0566351769283742,0.0566351769283742,0.0566351769283742,-5.92013125962125,-3.43754168641759,-1.43671361080514,0.126073292183818,1.29453934751697,2.112404880162,2.62339021508661,2.87121567725848,2.89960159164533,2.75226828321483,2.47293607693463,2.1053252977725,1.69315627069613,1.28014932067315,0.910024772671289,0.626502951658191,0.473304182601629,0.49414879046927,0.732757100228751,1.23284943684788,1.23284943684788,1.23284943684788,1.23284943684788,1.23284943684788,1.23284943684788,1.23284943684788,1.23284943684788,1.23284943684788,1.23284943684788,1.23284943684788,1.23284943684788,1.23284943684788,1.23284943684788,1.23284943684788,1.23284943684788,1.23284943684788,1.23284943684788,1.23284943684788,1.23284943684788,1.23284943684788,-1.33360016882353,-0.740452876671707,-0.147305584519837,0.445841707632025,1.03898899978387,1.63213629193572,2.21334591708072,2.6947798085317,2.90170743045472,2.83241515783855,2.69299429413735,2.56293749702057,2.31016165853869,1.83615682507856,1.17136249214643,0.460598183850294,-0.00492912442387627,0.0171809042643805,0.442008317557136,1.00752455526446,1.00752455526446,1.00752455526446,1.00752455526446,1.00752455526446,1.00752455526446,1.00752455526446,1.00752455526446,1.00752455526446,1.00752455526446,1.00752455526446,1.00752455526446,1.00752455526446,1.00752455526446,1.00752455526446,1.00752455526446,1.00752455526446,1.00752455526446,1.00752455526446,1.00752455526446,1.00752455526446,1,1,1,1,1,1,1,0,1,1,1,1,0,1,1,1,1,1,1,1,1,1,1,1,1,1,1,1,1,1,1,1,1,1,1,1,1,1,1,1
0.65994563542358,-2.19779987077154,2.9532521094527,3.842333462527,0.992012791740287,-2.27956186870778,0.911293972654798,-0.167059877846231,0.147772573889329,0.880612740692388,0.914200293254829,0.92983221726251,0.378929393111884,-0.317834508686014,0.745158564611055,1.42169074940051,1.40610534201411,0.4823019509523,0.706542187412632,-2.07826094101315,-2.31563209900404,0.907631520425479,1.39339393105455,0.399995693534514,-1.80393248444087,-0.887348787925866,2.9707137242718,-1.69797296639573,-0.734013758404993,0.661782042408278,1.93005183468501,0.211037496929025,0.343252724167282,0.352564619498638,0.961973431021027,-0.642717213403458,0.593266892601529,-0.621504464698555,0.413678932072989,1.21395713885267,1.96205107985097,1.85030638182449,1.73856168379801,1.62681698577153,1.51507228774505,1.40332758971856,1.29158289169209,1.1798381936656,1.06809349563912,0.956348797612637,0.844604099586157,0.732859401559674,0.621114703533193,0.509370005506712,0.397625307480229,0.285880609453748,0.174135911427268,0.0623912134007849,-0.049353484625696,-0.161098182652179,-0.161098182652179,-0.161098182652179,-0.161098182652179,-0.161098182652179,-0.161098182652179,-0.161098182652179,-0.161098182652179,-0.161098182652179,-0.161098182652179,-0.161098182652179,-0.161098182652179,-0.161098182652179,-0.161098182652179,-0.161098182652179,-0.161098182652179,-0.161098182652179,-0.161098182652179,-0.161098182652179,-0.161098182652179,-0.161098182652179,-16.3595892454096,-13.1752196457146,-10.2615172799952,-7.62099804618117,-5.2561778422019,-3.16957256598693,-1.36369811546576,0.158929611432088,1.3957947167771,2.34438130263978,3.0021734710906,3.36665532420006,3.43531096403863,3.20562449267682,2.67508001218509,1.84116162463398,0.701353432093907,-0.746860463364568,-2.50599595967101,-4.57856895475493,-4.57856895475493,-4.57856895475493,-4.57856895475493,-4.57856895475493,-4.57856895475493,-4.57856895475493,-4.57856895475493,-4.57856895475493,-4.57856895475493,-4.57856895475493,-4.57856895475493,-4.57856895475493,-4.57856895475493,-4.57856895475493,-4.57856895475493,-4.57856895475493,-4.57856895475493,-4.57856895475493,-4.57856895475493,-4.57856895475493,-12.1698310883013,-10.3792919122803,-8.58875273625916,-6.79821356023811,-5.00767438421704,-3.21713520819596,-1.44649834565613,0.195137776119809,1.55815686994325,2.57264685641842,3.24788699406483,3.55545451118327,3.44937615445003,3.00162231484789,2.36119797761173,1.56444191959595,0.505018353217043,-0.904068918434074,-2.61538115256956,-4.48255165928525,-4.48255165928525,-4.48255165928525,-4.48255165928525,-4.48255165928525,-4.48255165928525,-4.48255165928525,-4.48255165928525,-4.48255165928525,-4.48255165928525,-4.48255165928525,-4.48255165928525,-4.48255165928525,-4.48255165928525,-4.48255165928525,-4.48255165928525,-4.48255165928525,-4.48255165928525,-4.48255165928525,-4.48255165928525,-4.48255165928525,1,1,1,1,1,1,1,1,1,1,1,0,1,1,1,1,1,1,1,1,1,1,1,1,1,1,1,1,1,1,1,1,1,1,1,1,1,1,1,1
0.376257667473352,1.76535510297825,0.0376330509866012,-1.81727009940708,0.993888084690886,-0.912987810678363,-1.03740841359914,0.968302056523731,0.810904425894313,1.09858535696867,-0.405871426538102,-0.0198678810042505,-2.30573907702699,0.514006853877992,-1.0180336580386,0.0284238806195756,-1.68714699900839,1.4652713527208,-0.68092671181781,0.516265338568173,-0.475441726985125,-0.328364927714416,-2.54810086431853,-0.526759152149161,-0.680223553796347,-1.21906484821199,2.49989279915117,-1.35813714411926,-1.72788742123977,1.00148164082551,1.96598338693724,-0.440978344351933,0.0240264694026386,0.181555739259062,-1.10713563389566,0.0276806843596393,-0.797691188087988,-0.306684799401612,0.27231265712317,2.32913465933679,-0.333795156699101,-0.457934786327578,-0.582074415956054,-0.706214045584531,-0.830353675213008,-0.954493304841484,-1.07863293446996,-1.20277256409844,-1.32691219372692,-1.45105182335539,-1.57519145298387,-1.69933108261234,-1.82347071224082,-1.9476103418693,-2.07174997149778,-2.19588960112625,-2.32002923075473,-2.44416886038321,-2.56830849001168,-2.69244811964016,-2.69244811964016,-2.69244811964016,-2.69244811964016,-2.69244811964016,-2.69244811964016,-2.69244811964016,-2.69244811964016,-2.69244811964016,-2.69244811964016,-2.69244811964016,-2.69244811964016,-2.69244811964016,-2.69244811964016,-2.69244811964016,-2.69244811964016,-2.69244811964016,-2.69244811964016,-2.69244811964016,-2.69244811964016,-2.69244811964016,-4.74302285968927,-3.50676139986225,-2.55014400958442,-1.84455315761024,-1.36137131269418,-1.0719809435907,-0.947764519054276,-0.96010450783934,-1.08038337870039,-1.27998360039188,-1.53028764166825,-1.802677971284,-2.06853705799358,-2.29924737055143,-2.46619137771208,-2.5407515482299,-2.49431035085944,-2.29825025435509,-1.92395372747139,-1.34280323896274,-1.34280323896274,-1.34280323896274,-1.34280323896274,-1.34280323896274,-1.34280323896274,-1.34280323896274,-1.34280323896274,-1.34280323896274,-1.34280323896274,-1.34280323896274,-1.34280323896274,-1.34280323896274,-1.34280323896274,-1.34280323896274,-1.34280323896274,-1.34280323896274,-1.34280323896274,-1.34280323896274,-1.34280323896274,-1.34280323896274,0.752493122690485,0.497493603858667,0.242494085026849,-0.0125054338049724,-0.267504952636789,-0.522504471468609,-0.781754739532906,-1.06199196005677,-1.36222631079123,-1.66132187381691,-1.93433143190262,-2.15630929486264,-2.30249844411901,-2.35773508608192,-2.32275717214178,-2.20940795410026,-2.03379346236941,-1.81271209206995,-1.56227556789824,-1.29800262543153,-1.29800262543153,-1.29800262543153,-1.29800262543153,-1.29800262543153,-1.29800262543153,-1.29800262543153,-1.29800262543153,-1.29800262543153,-1.29800262543153,-1.29800262543153,-1.29800262543153,-1.29800262543153,-1.29800262543153,-1.29800262543153,-1.29800262543153,-1.29800262543153,-1.29800262543153,-1.29800262543153,-1.29800262543153,-1.29800262543153,1,1,1,1,1,1,1,1,1,1,1,1,1,1,1,1,1,1,1,1,1,1,1,1,1,1,1,1,1,1,1,1,1,1,1,1,1,1,1,1
-0.435236360073617,1.48802594428907,-1.98502380008847,0.488047433830442,-0.27347822937009,1.92092705251128,-0.655062971149203,-2.36820681205942,0.623493561286267,1.45463688684915,-1.89791994932431,-0.585168080787025,0.385697379567475,-0.238132047497173,0.486711944184322,-0.117780574305213,-0.232823645550122,3.68494134453452,-2.20007332107056,0.15601818375835,1.78594843100506,-0.795499077325585,0.336208555898237,-0.595374740473767,1.60359953454148,-0.609909171595751,-1.55464351298128,-3.78751201866477,1.56081931343374,-0.712699031664247,0.312933408174766,0.999151370630749,-0.952415019568408,2.65601499841067,-1.4192764309939,-1.47957845414554,-1.5433321750302,0.700240710409979,-0.440015665952403,-0.752803536112868,2.97632967730284,2.73284968700499,2.48936969670714,2.24588970640929,2.00240971611145,1.7589297258136,1.51544973551575,1.27196974521791,1.02848975492006,0.785009764622215,0.541529774324369,0.298049784026523,0.0545697937286764,-0.188910196569172,-0.432390186867018,-0.675870177164862,-0.91935016746271,-1.16283015776056,-1.4063101480584,-1.64979013835625,-1.64979013835625,-1.64979013835625,-1.64979013835625,-1.64979013835625,-1.64979013835625,-1.64979013835625,-1.64979013835625,-1.64979013835625,-1.64979013835625,-1.64979013835625,-1.64979013835625,-1.64979013835625,-1.64979013835625,-1.64979013835625,-1.64979013835625,-1.64979013835625,-1.64979013835625,-1.64979013835625,-1.64979013835625,-1.64979013835625,7.49663196981657,5.53338481684125,3.97496801350132,2.77701924393071,1.89517619226341,1.28507654263334,0.902357979174491,0.7026581860208,0.641614847306242,0.674865647164767,0.758048269730324,0.846800399136891,0.896759719518414,0.863563915008854,0.702850669742148,0.370257667852282,-0.1785774065268,-0.988016869261132,-2.10242303621674,-3.56615822325968,-3.56615822325968,-3.56615822325968,-3.56615822325968,-3.56615822325968,-3.56615822325968,-3.56615822325968,-3.56615822325968,-3.56615822325968,-3.56615822325968,-3.56615822325968,-3.56615822325968,-3.56615822325968,-3.56615822325968,-3.56615822325968,-3.56615822325968,-3.56615822325968,-3.56615822325968,-3.56615822325968,-3.56615822325968,-3.56615822325968,2.97126752398759,2.7284370131289,2.48560650227021,2.24277599141153,1.99994548055284,1.75711496969415,1.5142807359704,1.27142271606274,1.02850805984691,0.7854913902835,0.542341487430084,0.2990691394879,0.055695916745174,-0.187785768463694,-0.431391018928585,-0.675118505480199,-0.918973374718043,-1.16296646377054,-1.40707280878169,-1.65123290791262,-1.65123290791262,-1.65123290791262,-1.65123290791262,-1.65123290791262,-1.65123290791262,-1.65123290791262,-1.65123290791262,-1.65123290791262,-1.65123290791262,-1.65123290791262,-1.65123290791262,-1.65123290791262,-1.65123290791262,-1.65123290791262,-1.65123290791262,-1.65123290791262,-1.65123290791262,-1.65123290791262,-1.65123290791262,-1.65123290791262,1,1,1,1,1,1,1,1,1,1,1,1,1,1,1,1,1,1,1,1,1,1,1,1,1,1,1,1,1,1,1,1,1,1,1,1,1,1,1,1
-1.97132411058426,-2.55233160593789,2.62058722732267,-1.9576188646853,0.454201507245466,-0.667859262558542,0.945603231980762,0.0769960078181686,0.523196856119778,-3.68678122362963,0.824895814914845,-0.0561824349195561,-1.20418170643636,-0.633502677577408,-1.33050130625154,-2.13823021977954,-0.248556921623946,2.0415368426088,-0.0606119333602653,1.24556555001643,1.1879279390751,-1.08385882154324,-1.15450022320611,1.27527542231987,-1.40906666274169,-1.56578517989453,-1.2724087003901,-0.786933669477174,-0.593344902420533,-0.482962200768428,1.21779744961347,-1.25964706761132,1.51657653704464,0.978008255117116,1.14719020017863,1.05638734669289,0.914191656525551,0.180644734504881,1.04933164282348,-0.494190905720799,2.01542255943376,1.7919859030332,1.56854924663263,1.34511259023207,1.1216759338315,0.898239277430934,0.674802621030372,0.451365964629804,0.227929308229239,0.0044926518286772,-0.218944004571892,-0.442380660972457,-0.665817317373023,-0.889253973773586,-1.11269063017415,-1.33612728657472,-1.55956394297528,-1.78300059937585,-2.00643725577641,-2.22987391217698,-2.22987391217698,-2.22987391217698,-2.22987391217698,-2.22987391217698,-2.22987391217698,-2.22987391217698,-2.22987391217698,-2.22987391217698,-2.22987391217698,-2.22987391217698,-2.22987391217698,-2.22987391217698,-2.22987391217698,-2.22987391217698,-2.22987391217698,-2.22987391217698,-2.22987391217698,-2.22987391217698,-2.22987391217698,-2.22987391217698,30.6370472164005,23.3082051064974,17.1257171814778,11.9976733069327,7.83216334845314,4.53727717163026,2.02110464205508,0.191735625318643,-1.04274001298798,-1.77423240727375,-2.09465169194758,-2.09590800141846,-1.8699114700953,-1.50857223238705,-1.10380042270268,-0.747506175451093,-0.531599625041252,-0.547990905882131,-0.888590152382619,-1.64530749895174,-1.64530749895174,-1.64530749895174,-1.64530749895174,-1.64530749895174,-1.64530749895174,-1.64530749895174,-1.64530749895174,-1.64530749895174,-1.64530749895174,-1.64530749895174,-1.64530749895174,-1.64530749895174,-1.64530749895174,-1.64530749895174,-1.64530749895174,-1.64530749895174,-1.64530749895174,-1.64530749895174,-1.64530749895174,-1.64530749895174,3.13255591270622,2.77292817679109,2.41330044087597,2.05367270496084,1.69404496904572,1.3344172331306,0.958687819386588,0.51714064587131,0.0702501610046689,-0.300463588235575,-0.596490691906748,-0.819938708895085,-0.943291871094376,-0.99590737059895,-1.04490013645495,-1.11416832758115,-1.22679884264349,-1.45430004227011,-1.83737957441017,-2.32200054069972,-2.32200054069972,-2.32200054069972,-2.32200054069972,-2.32200054069972,-2.32200054069972,-2.32200054069972,-2.32200054069972,-2.32200054069972,-2.32200054069972,-2.32200054069972,-2.32200054069972,-2.32200054069972,-2.32200054069972,-2.32200054069972,-2.32200054069972,-2.32200054069972,-2.32200054069972,-2.32200054069972,-2.32200054069972,-2.32200054069972,1,1,1,1,1,1,1,1,1,1,1,1,1,1,1,1,1,1,1,1,1,1,1,1,1,1,1,1,1,1,1,1,1,1,1,1,1,1,1,1
-0.225014220238004,-0.207497642726461,-1.59119915514453,1.07553211334169,0.445994364956261,-0.585102994925998,1.19706366714545,-0.764614122367247,0.978528836091325,1.9292414677461,0.254695119703692,0.669345257403545,-0.0728726263297581,-2.27701456738225,0.871590503639052,-1.87579273886887,-1.84153953622912,3.33537387996524,0.876622582314154,0.644095050445264,2.17187832261655,0.593791044332633,-2.11232276901728,-0.796615470329737,0.439386320934897,3.87035530328954,-1.22057978106744,0.575340421919218,1.44607028359576,0.14638430587671,-1.24808845188846,-0.998180998008145,-0.196302679404466,0.564817056680948,-1.94102354440883,-2.29257629659164,-0.397490724553414,0.494032731375979,1.93546357391703,0.406862221029725,2.33489681360059,2.20089877343052,2.06690073326045,1.93290269309038,1.79890465292031,1.66490661275024,1.53090857258017,1.3969105324101,1.26291249224003,1.12891445206996,0.99491641189989,0.86091837172982,0.72692033155975,0.59292229138968,0.458924251219608,0.324926211049538,0.19092817087947,0.0569301307094001,-0.0770679094606699,-0.211065949630742,-0.211065949630742,-0.211065949630742,-0.211065949630742,-0.211065949630742,-0.211065949630742,-0.211065949630742,-0.211065949630742,-0.211065949630742,-0.211065949630742,-0.211065949630742,-0.211065949630742,-0.211065949630742,-0.211065949630742,-0.211065949630742,-0.211065949630742,-0.211065949630742,-0.211065949630742,-0.211065949630742,-0.211065949630742,-0.211065949630742,-17.2474417403636,-11.9946700999605,-7.73720348748737,-4.38184617688177,-1.83540244208103,-0.00467655702253023,1.20352720435635,1.88240456811825,2.12515126032577,2.02496300704152,1.67503553432816,1.16856456824829,0.598745834864536,0.058775060239519,-0.358152029564133,-0.558839708483854,-0.450092250456937,0.0612860705792144,1.06849098068716,2.66471820592962,2.66471820592962,2.66471820592962,2.66471820592962,2.66471820592962,2.66471820592962,2.66471820592962,2.66471820592962,2.66471820592962,2.66471820592962,2.66471820592962,2.66471820592962,2.66471820592962,2.66471820592962,2.66471820592962,2.66471820592962,2.66471820592962,2.66471820592962,2.66471820592962,2.66471820592962,2.66471820592962,6.49431124682358,5.74461457946273,4.99491791210185,4.24522124474099,3.49552457738013,2.74582791001927,2.01041330832035,1.35609158198139,0.837604510225635,0.47070988806961,0.253984488977951,0.187106591077919,0.261180425679893,0.426909172616652,0.587533874572486,0.659741263393988,0.643862586864152,0.60400239514499,0.587223683687991,0.592347624036709,0.592347624036709,0.592347624036709,0.592347624036709,0.592347624036709,0.592347624036709,0.592347624036709,0.592347624036709,0.592347624036709,0.592347624036709,0.592347624036709,0.592347624036709,0.592347624036709,0.592347624036709,0.592347624036709,0.592347624036709,0.592347624036709,0.592347624036709,0.592347624036709,0.592347624036709,0.592347624036709,1,1,1,1,1,1,1,1,1,1,1,1,1,1,1,1,1,1,1,1,1,1,1,1,1,1,1,1,1,1,1,1,1,1,1,1,1,1,1,1
-2.0093107781554,-1.09738697026627,-0.0704293806120546,0.135653780837775,-0.357864089975633,0.872490566844396,-0.387578804272698,-0.515221956422511,-0.159633754634386,2.13125320902526,0.903333964766164,1.09507411491667,1.34328659619734,0.922819656668063,0.894991954908621,-3.38373590590355,-1.05501617054555,2.2256073400984,-0.253571962664221,-0.881410755911936,2.1414129165671,-2.07865809258139,-2.850101801184,-0.153869496415492,-0.0513881675447223,-0.546818201844866,-0.85990451472324,2.22726674514825,-1.21372963631533,-0.751895148687016,2.24280307872485,-0.163137327251812,2.97437999847189,1.04429455655874,0.294228717196361,0.188104708916654,-1.12162847776279,1.47453637059948,0.025345127663881,0.754767799196744,2.5998894192311,2.37299891525888,2.14610841128667,1.91921790731446,1.69232740334224,1.46543689937003,1.23854639539781,1.0116558914256,0.784765387453387,0.557874883481174,0.330984379508958,0.104093875536744,-0.122796628435466,-0.349687132407682,-0.576577636379897,-0.803468140352109,-1.03035864432432,-1.25724914829654,-1.48413965226875,-1.71103015624096,-1.71103015624096,-1.71103015624096,-1.71103015624096,-1.71103015624096,-1.71103015624096,-1.71103015624096,-1.71103015624096,-1.71103015624096,-1.71103015624096,-1.71103015624096,-1.71103015624096,-1.71103015624096,-1.71103015624096,-1.71103015624096,-1.71103015624096,-1.71103015624096,-1.71103015624096,-1.71103015624096,-1.71103015624096,-1.71103015624096,4.10295441383387,3.70531606884577,3.29295581308987,2.87108803991808,2.44492714268232,2.01968751473452,1.60058354942658,1.19282964011042,0.801640180137969,0.432229562861124,0.0898121816318227,-0.220397570198029,-0.493185299276519,-0.723336612251719,-0.905637115771711,-1.03487241648462,-1.10582812103847,-1.11328983608134,-1.05204316826137,-0.916873724226624,-0.916873724226624,-0.916873724226624,-0.916873724226624,-0.916873724226624,-0.916873724226624,-0.916873724226624,-0.916873724226624,-0.916873724226624,-0.916873724226624,-0.916873724226624,-0.916873724226624,-0.916873724226624,-0.916873724226624,-0.916873724226624,-0.916873724226624,-0.916873724226624,-0.916873724226624,-0.916873724226624,-0.916873724226624,-0.916873724226624,3.71810939597357,3.3258596046272,2.93360981328082,2.54136002193445,2.14911023058807,1.75686043924169,1.36749469880504,0.995600406996695,0.658294743605012,0.367347375572821,0.126086897440654,-0.0719644803620074,-0.241372823766481,-0.399162182719303,-0.558360000526658,-0.724243170889054,-0.894861218097539,-1.06536010103931,-1.23281811257013,-1.39782199340156,-1.39782199340156,-1.39782199340156,-1.39782199340156,-1.39782199340156,-1.39782199340156,-1.39782199340156,-1.39782199340156,-1.39782199340156,-1.39782199340156,-1.39782199340156,-1.39782199340156,-1.39782199340156,-1.39782199340156,-1.39782199340156,-1.39782199340156,-1.39782199340156,-1.39782199340156,-1.39782199340156,-1.39782199340156,-1.39782199340156,1,1,1,1,1,1,1,1,1,1,1,1,1,1,1,1,1,1,1,1,1,1,1,1,1,1,1,1,1,1,1,1,1,1,1,1,1,1,1,1
1.19827612123701,-1.35047756494497,0.888556912643101,-0.193728149911377,-2.47934523091624,-0.0267382833379157,-2.29009559300495,0.14872083430657,0.0488797940348142,0.226080775982313,1.70724132717026,-0.25476972348048,-0.843332705749546,-0.762064569849629,2.18448822109876,-0.569390850771478,-0.485707186093929,-0.746625130094223,-1.21281619530013,-0.919465010269581,0.204027048283194,-1.75348203328468,-3.04683527943256,-0.540402838457934,1.80644422031386,-2.05113121924666,0.333261607900548,0.567412747070913,1.17323839828108,-2.07607471853788,0.708094646952754,0.0296285787736821,-2.21752017993228,-1.02118790818663,-0.112816174021798,3.60713478426389,-3.62894981092794,-1.34037461686174,-0.0787651551949242,1.90865912020887,0.166329163675251,0.203225990105388,0.240122816535522,0.277019642965658,0.313916469395793,0.350813295825929,0.387710122256063,0.424606948686199,0.461503775116334,0.498400601546471,0.535297427976607,0.572194254406742,0.609091080836876,0.645987907267012,0.682884733697147,0.719781560127283,0.756678386557418,0.793575212987554,0.830472039417687,0.867368865847824,0.867368865847824,0.867368865847824,0.867368865847824,0.867368865847824,0.867368865847824,0.867368865847824,0.867368865847824,0.867368865847824,0.867368865847824,0.867368865847824,0.867368865847824,0.867368865847824,0.867368865847824,0.867368865847824,0.867368865847824,0.867368865847824,0.867368865847824,0.867368865847824,0.867368865847824,0.867368865847824,13.4109958550035,9.86745423121618,6.95919453650487,4.63007317230073,2.82394654003494,1.48467104113868,0.556103077043116,-0.0179009508205468,-0.293484641021136,-0.326791592127469,-0.173965402708365,0.10885032866736,0.465512003430865,0.839876023013353,1.17579878884601,1.41713670236002,1.50774616498655,1.3914835781568,1.01220534330193,0.313767861853092,0.313767861853092,0.313767861853092,0.313767861853092,0.313767861853092,0.313767861853092,0.313767861853092,0.313767861853092,0.313767861853092,0.313767861853092,0.313767861853092,0.313767861853092,0.313767861853092,0.313767861853092,0.313767861853092,0.313767861853092,0.313767861853092,0.313767861853092,0.313767861853092,0.313767861853092,0.313767861853092,-1.76209240781788,-1.47291178097745,-1.18373115413703,-0.894550527296605,-0.605369900456179,-0.316189273615757,-0.0283545374913761,0.250095244444525,0.504761490411546,0.722180041351484,0.894745875836669,1.01619472403762,1.0768905665975,1.07074089338604,1.00447838916861,0.893376908685966,0.75148917377734,0.592400124575123,0.431254709813677,0.275369648044125,0.275369648044125,0.275369648044125,0.275369648044125,0.275369648044125,0.275369648044125,0.275369648044125,0.275369648044125,0.275369648044125,0.275369648044125,0.275369648044125,0.275369648044125,0.275369648044125,0.275369648044125,0.275369648044125,0.275369648044125,0.275369648044125,0.275369648044125,0.275369648044125,0.275369648044125,0.275369648044125,1,1,1,1,1,1,1,1,1,1,1,1,1,1,1,1,1,1,1,1,1,1,1,1,1,1,1,1,1,1,1,1,1,1,1,1,1,1,1,1
0.843040529300193,-0.0669964672890853,-2.6172949739817,-0.731451856971871,0.0590290494362282,-0.900850310127298,-2.58825861123747,-0.758567907421364,-0.563396303361818,1.287165147792,0.190906040056845,1.35818112308981,-0.320178500037445,-0.401750929870987,1.42477204307076,0.87935900359105,-1.29837154112153,-1.16655979386483,-1.08616040983609,0.145913130829339,-0.0935324817761511,0.415444260797772,0.831236470149502,-0.921713962372134,1.90865412466987,-1.64149043077215,-1.91062667515429,-1.44082218088385,-1.60833725570455,-1.46482197509767,0.340041642996844,-0.961766364455581,0.934519349604852,0.956533420751645,-1.3713181186177,-2.41554906619537,0.880404425780792,4.25203365398824,0.1623573063326,-0.0061481681797666,2.31367345746172,2.21474551899748,2.11581758053325,2.01688964206902,1.91796170360478,1.81903376514055,1.72010582667632,1.62117788821208,1.52224994974785,1.42332201128362,1.32439407281938,1.22546613435515,1.12653819589092,1.02761025742668,0.92868231896245,0.829754380498217,0.730826442033985,0.631898503569749,0.532970565105517,0.434042626641283,0.434042626641283,0.434042626641283,0.434042626641283,0.434042626641283,0.434042626641283,0.434042626641283,0.434042626641283,0.434042626641283,0.434042626641283,0.434042626641283,0.434042626641283,0.434042626641283,0.434042626641283,0.434042626641283,0.434042626641283,0.434042626641283,0.434042626641283,0.434042626641283,0.434042626641283,0.434042626641283,-13.4309374797284,-10.1809131775992,-7.35412496636445,-4.92738724409295,-2.87751440885358,-1.18132085871524,0.184379008253241,1.24277079398295,2.01704010040503,2.5303725294506,2.80595368305079,2.86696916313672,2.73660457163952,2.43804551049031,1.99447758162021,1.42908638696038,0.765057528441925,0.0255766079959194,-0.766170772446467,-1.58699901095404,-1.58699901095404,-1.58699901095404,-1.58699901095404,-1.58699901095404,-1.58699901095404,-1.58699901095404,-1.58699901095404,-1.58699901095404,-1.58699901095404,-1.58699901095404,-1.58699901095404,-1.58699901095404,-1.58699901095404,-1.58699901095404,-1.58699901095404,-1.58699901095404,-1.58699901095404,-1.58699901095404,-1.58699901095404,-1.58699901095404,-4.30098148060862,-3.52496119555948,-2.74894091051034,-1.97292062546121,-1.19690034041207,-0.420880055362933,0.351680480213408,1.09498675049276,1.74728549537129,2.25195797393104,2.58431751852703,2.7226622368565,2.63725701756927,2.32775679622909,1.83878710756518,1.23175718992703,0.568113199044204,-0.0886969801574207,-0.694114291738906,-1.25365262030541,-1.25365262030541,-1.25365262030541,-1.25365262030541,-1.25365262030541,-1.25365262030541,-1.25365262030541,-1.25365262030541,-1.25365262030541,-1.25365262030541,-1.25365262030541,-1.25365262030541,-1.25365262030541,-1.25365262030541,-1.25365262030541,-1.25365262030541,-1.25365262030541,-1.25365262030541,-1.25365262030541,-1.25365262030541,-1.25365262030541,1,1,1,1,1,1,1,1,1,1,0,0,1,1,1,1,1,1,1,1,1,1,1,1,1,1,1,1,1,1,1,1,1,1,1,1,1,1,1,1
0.514030163124204,0.247739234539013,-1.05632883991459,0.550478651858528,-0.122834014052219,0.304142203282144,-1.35345822172198,0.339673359110167,-2.12512588446114,2.25819740653715,0.224598430368133,0.364367845916473,-1.66099471410882,-1.33837087602891,0.727497432935737,2.96397424839502,0.0835714020205351,-1.69017485417696,-0.400779783277942,-0.0395802256057429,0.102608558821586,-0.215494674267351,0.629071748842096,0.281864103879649,-1.17583220641544,0.459580286631128,-1.20573551145228,-0.693261889139025,-1.98673910828681,-0.0864744565433728,0.0456186801463261,0.489982221881046,1.1701768910436,2.51927287656466,-1.86214842296872,-1.59371403569754,1.03464989786688,-1.42385195996703,0.531188960146018,0.251559612785648,-0.255810143107507,-0.402717817958297,-0.549625492809086,-0.696533167659876,-0.843440842510666,-0.990348517361457,-1.13725619221225,-1.28416386706304,-1.43107154191382,-1.57797921676462,-1.72488689161541,-1.87179456646619,-2.01870224131698,-2.16560991616778,-2.31251759101857,-2.45942526586936,-2.60633294072015,-2.75324061557094,-2.90014829042173,-3.04705596527252,-3.04705596527252,-3.04705596527252,-3.04705596527252,-3.04705596527252,-3.04705596527252,-3.04705596527252,-3.04705596527252,-3.04705596527252,-3.04705596527252,-3.04705596527252,-3.04705596527252,-3.04705596527252,-3.04705596527252,-3.04705596527252,-3.04705596527252,-3.04705596527252,-3.04705596527252,-3.04705596527252,-3.04705596527252,-3.04705596527252,11.2449181180833,8.74032759978043,6.50442126985854,4.52670266918181,2.79667533861445,1.30384281902065,0.0377086512646159,-1.01222362378947,-1.85645046527738,-2.50546833233495,-2.96977368409798,-3.25986297970224,-3.38623267828357,-3.35937923897773,-3.18979912092056,-2.88798878324785,-2.4644446850954,-1.929663285599,-1.29414104389449,-0.568374419117619,-0.568374419117619,-0.568374419117619,-0.568374419117619,-0.568374419117619,-0.568374419117619,-0.568374419117619,-0.568374419117619,-0.568374419117619,-0.568374419117619,-0.568374419117619,-0.568374419117619,-0.568374419117619,-0.568374419117619,-0.568374419117619,-0.568374419117619,-0.568374419117619,-0.568374419117619,-0.568374419117619,-0.568374419117619,-0.568374419117619,3.43078847630561,2.67238717084234,1.9139858653792,1.155584559916,0.397183254452832,-0.361218051010413,-0.973130428905762,-0.920684025145242,-0.522029582773365,-0.693192716655316,-1.85625712915877,-3.55276252212419,-4.7280230107608,-4.47988414498385,-2.99411276727119,-1.45654251719779,-0.783512656933706,-0.942583346475157,-1.52387652948899,-2.26254763301164,-2.26254763301164,-2.26254763301164,-2.26254763301164,-2.26254763301164,-2.26254763301164,-2.26254763301164,-2.26254763301164,-2.26254763301164,-2.26254763301164,-2.26254763301164,-2.26254763301164,-2.26254763301164,-2.26254763301164,-2.26254763301164,-2.26254763301164,-2.26254763301164,-2.26254763301164,-2.26254763301164,-2.26254763301164,-2.26254763301164,1,1,1,1,1,1,1,1,1,1,1,0,0,0,0,1,1,1,1,1,1,1,1,1,1,1,1,1,1,1,1,1,1,1,1,1,1,1,1,1
0.471484090606936,0.386532335414989,0.976042893768661,-1.54297508932667,-3.43649670599603,1.41410671748266,2.06285115980011,-0.547334782852921,-0.475475861682323,-1.29192633486827,0.803639128971591,-2.12819632875134,1.16661057408614,-0.725307633750239,-0.453805762469829,-3.05772048717798,-0.853532464815338,0.651342873209106,2.02199586601487,-0.464826195245143,1.62809925973822,-2.82810336885144,-1.08581808124693,-0.341852831880027,1.31825273343095,-2.70123216838194,1.20179651314293,-1.36346470046155,-2.09742884483544,2.53043035119336,-1.95724149026352,-0.98625019453419,2.67117144401372,3.38983993351223,0.691099138545617,0.238219079896673,0.882829536487549,0.762500899293588,-0.873325807540942,1.1418595966256,2.1187132728238,1.93640094206421,1.75408861130462,1.57177628054503,1.38946394978544,1.20715161902585,1.02483928826625,0.842526957506665,0.660214626747075,0.47790229598748,0.295589965227894,0.113277634468304,-0.0690346962912898,-0.251347027050878,-0.43365935781047,-0.615971688570063,-0.798284019329651,-0.980596350089243,-1.16290868084884,-1.34522101160842,-1.34522101160842,-1.34522101160842,-1.34522101160842,-1.34522101160842,-1.34522101160842,-1.34522101160842,-1.34522101160842,-1.34522101160842,-1.34522101160842,-1.34522101160842,-1.34522101160842,-1.34522101160842,-1.34522101160842,-1.34522101160842,-1.34522101160842,-1.34522101160842,-1.34522101160842,-1.34522101160842,-1.34522101160842,-1.34522101160842,-3.77790863608193,-2.78061218804202,-1.9176390056423,-1.18316195043011,-0.571353883952793,-0.0763876677576949,0.307563836607843,0.586327767596485,0.765731263660884,0.851601463253701,0.849765504827594,0.766050526835226,0.606283667729251,0.376292065962325,0.0819028599871103,-0.271056811743728,-0.67675981077754,-1.12937899866167,-1.62308723694345,-2.15205738717022,-2.15205738717022,-2.15205738717022,-2.15205738717022,-2.15205738717022,-2.15205738717022,-2.15205738717022,-2.15205738717022,-2.15205738717022,-2.15205738717022,-2.15205738717022,-2.15205738717022,-2.15205738717022,-2.15205738717022,-2.15205738717022,-2.15205738717022,-2.15205738717022,-2.15205738717022,-2.15205738717022,-2.15205738717022,-2.15205738717022,0.406228235981903,0.446188164094495,0.486148092207096,0.526108020319694,0.566067948432289,0.606027876544891,0.644657428426669,0.674765703493875,0.686005737315385,0.668784559792746,0.613292609226761,0.50915179338412,0.352067558809162,0.145302217367941,-0.109743212717381,-0.414805782323551,-0.764137724980984,-1.14436553699702,-1.54466717950655,-1.95642365243398,-1.95642365243398,-1.95642365243398,-1.95642365243398,-1.95642365243398,-1.95642365243398,-1.95642365243398,-1.95642365243398,-1.95642365243398,-1.95642365243398,-1.95642365243398,-1.95642365243398,-1.95642365243398,-1.95642365243398,-1.95642365243398,-1.95642365243398,-1.95642365243398,-1.95642365243398,-1.95642365243398,-1.95642365243398,-1.95642365243398,1,1,1,1,1,1,1,1,1,1,1,1,1,1,1,1,1,1,1,1,1,1,1,1,1,1,1,1,1,1,1,1,1,1,1,1,1,1,1,1
-3.42489592623151,-2.20682605806623,-1.03004831011117,-2.38587059591921,-0.487256573946118,-0.928422441438714,2.86726824794091,-1.18758164092387,-0.635298697904274,-0.509379008356461,-1.67246104938711,-1.47905218523922,0.56945033139138,0.246602570804324,1.80677762895147,-0.426011060729891,0.529939765413765,-0.0888779793440797,1.87437405322047,-1.03639505831856,0.595282427505898,-0.579482290010777,-2.20045088003279,-0.28023842596089,0.684163647648941,-0.540154051187789,1.65726141812561,2.244518243333,-0.0875361403559811,0.931776307418309,3.03330064710075,2.16682507998873,1.32981042764851,-2.68238761913123,0.394215462484205,-1.19415746369616,0.477968551087312,2.55616135800468,-1.55890811559235,-1.55936999828804,-2.42652003036988,-2.26292917990984,-2.09933832944979,-1.93574747898974,-1.7721566285297,-1.60856577806965,-1.4449749276096,-1.28138407714956,-1.11779322668951,-0.954202376229464,-0.790611525769418,-0.627020675309373,-0.463429824849326,-0.29983897438928,-0.136248123929233,0.0273427265308133,0.190933576990862,0.354524427450906,0.518115277910955,0.681706128370999,0.681706128370999,0.681706128370999,0.681706128370999,0.681706128370999,0.681706128370999,0.681706128370999,0.681706128370999,0.681706128370999,0.681706128370999,0.681706128370999,0.681706128370999,0.681706128370999,0.681706128370999,0.681706128370999,0.681706128370999,0.681706128370999,0.681706128370999,0.681706128370999,0.681706128370999,0.681706128370999,29.7005243420718,20.8163678883184,13.614644347526,7.93988416412641,3.63661778255149,0.54937564723301,-1.47731179739729,-2.5989141069076,-2.97090083686615,-2.74874154284115,-2.08790578040082,-1.14386310511336,-0.0720830725470609,0.971964761729957,1.83281084214941,2.35498561314311,2.38301951914284,1.76144300458031,0.334786513887412,-2.05241950850412,-2.05241950850412,-2.05241950850412,-2.05241950850412,-2.05241950850412,-2.05241950850412,-2.05241950850412,-2.05241950850412,-2.05241950850412,-2.05241950850412,-2.05241950850412,-2.05241950850412,-2.05241950850412,-2.05241950850412,-2.05241950850412,-2.05241950850412,-2.05241950850412,-2.05241950850412,-2.05241950850412,-2.05241950850412,-2.05241950850412,-0.60159667841228,-0.712782682747273,-0.823968687082269,-0.93515469141726,-1.04634069575225,-1.15752670008724,-1.27669449847797,-1.4239369913531,-1.54042619690064,-1.52934232158912,-1.34592886630392,-1.00406885479884,-0.556570959791969,-0.0876392143552245,0.323696152880897,0.633035019076416,0.817780348227966,0.883062270112395,0.880081001898034,0.86343671788679,0.86343671788679,0.86343671788679,0.86343671788679,0.86343671788679,0.86343671788679,0.86343671788679,0.86343671788679,0.86343671788679,0.86343671788679,0.86343671788679,0.86343671788679,0.86343671788679,0.86343671788679,0.86343671788679,0.86343671788679,0.86343671788679,0.86343671788679,0.86343671788679,0.86343671788679,0.86343671788679,1,1,1,1,1,1,1,1,1,1,1,1,1,1,1,1,1,1,1,1,1,1,1,1,1,1,1,1,1,1,1,1,1,1,1,1,1,1,1,1
1.10239783405898,-0.242099147874381,-0.293542338049805,-1.73716749921799,-1.67732376654462,-0.221940731076535,-1.07817187043612,-0.0902392778257708,-1.38396675003602,-0.386615402305836,-0.00209557176572694,-1.21029316956846,0.918627681417298,1.35792007149099,1.47196991945252,-0.383434765467303,0.832151070884072,0.0989277363257095,0.161122064280583,0.69800100528562,1.91305397141591,-1.3383376971091,-1.33660587845374,0.0386496866979318,0.577164898109467,0.741390765566676,1.18637241572712,-1.41279698362949,-0.940399307434015,0.461388171391377,-0.700425321305794,1.36922307665987,-1.7174470373124,-2.5588026230887,-1.0025564238341,1.30596300743453,1.70936336587356,-0.839612317934424,-0.713721330225789,-2.10189510668278,0.410388487474155,0.335759373646554,0.261130259818954,0.186501145991353,0.111872032163753,0.0372429183361511,-0.0373861954914485,-0.112015309319052,-0.186644423146651,-0.261273536974253,-0.335902650801854,-0.410531764629456,-0.485160878457057,-0.559789992284658,-0.634419106112258,-0.709048219939859,-0.783677333767459,-0.858306447595062,-0.932935561422662,-1.00756467525026,-1.00756467525026,-1.00756467525026,-1.00756467525026,-1.00756467525026,-1.00756467525026,-1.00756467525026,-1.00756467525026,-1.00756467525026,-1.00756467525026,-1.00756467525026,-1.00756467525026,-1.00756467525026,-1.00756467525026,-1.00756467525026,-1.00756467525026,-1.00756467525026,-1.00756467525026,-1.00756467525026,-1.00756467525026,-1.00756467525026,-12.5410365865837,-9.1248511915764,-6.33201617647371,-4.10658940761754,-2.39262875134981,-1.13419207401243,-0.275337241947318,0.239877878503595,0.467395420998411,0.463157519195184,0.283106306752014,-0.0168160826730173,-0.380667515421825,-0.752505857836354,-1.07638897625847,-1.29637473703016,-1.3565210064933,-1.20088565098979,-0.77352653686158,-0.0185015304506102,-0.0185015304506102,-0.0185015304506102,-0.0185015304506102,-0.0185015304506102,-0.0185015304506102,-0.0185015304506102,-0.0185015304506102,-0.0185015304506102,-0.0185015304506102,-0.0185015304506102,-0.0185015304506102,-0.0185015304506102,-0.0185015304506102,-0.0185015304506102,-0.0185015304506102,-0.0185015304506102,-0.0185015304506102,-0.0185015304506102,-0.0185015304506102,-0.0185015304506102,3.37023198381094,2.85967930813015,2.34912663244936,1.83857395676859,1.32802128108782,0.817468605407026,0.331021251790286,-0.0451747435166379,-0.335935330070427,-0.565568631928221,-0.676980388110659,-0.699211313897283,-0.760996418551953,-0.891629297560183,-1.00930742213889,-1.057224070447,-0.984035589056516,-0.698398534336979,-0.173948620648568,0.491357671956123,0.491357671956123,0.491357671956123,0.491357671956123,0.491357671956123,0.491357671956123,0.491357671956123,0.491357671956123,0.491357671956123,0.491357671956123,0.491357671956123,0.491357671956123,0.491357671956123,0.491357671956123,0.491357671956123,0.491357671956123,0.491357671956123,0.491357671956123,0.491357671956123,0.491357671956123,0.491357671956123,1,1,1,1,1,1,1,1,1,1,1,1,1,1,1,1,1,1,1,1,1,1,1,1,1,1,1,1,1,1,1,1,1,1,1,1,1,1,1,1
1.84746428596728,0.667234977165188,2.36757715959911,0.706763520867063,-1.51772967229776,-0.671129365926237,-0.151774694116902,-2.03052800146624,2.6875808668851,0.820217937017977,2.35839366149839,0.355946511011025,0.242584559953904,1.46094225502262,1.92298051869512,0.591668603516641,0.552316727325962,0.0398162016711385,1.39573893818788,-0.517758341220505,1.08060232212318,0.797179657089089,-1.7533417362068,0.151003578111533,-0.274001534599915,0.675172616173603,1.53479102851522,2.74309141153079,1.66806816818732,2.80977621127035,1.63444854648266,-1.87708801814227,1.12056513092316,2.87412486871456,1.6405297335855,1.32952064231151,-1.52264950354827,0.271228653519,3.37960253109558,0.0822553111259356,2.33698334050308,2.04223710712594,1.74749087374881,1.45274464037167,1.15799840699454,0.863252173617409,0.568505940240274,0.27375970686314,-0.0209865265139957,-0.315732759891128,-0.610478993268263,-0.905225226645397,-1.19997146002253,-1.49471769339966,-1.7894639267768,-2.08421016015393,-2.37895639353107,-2.6737026269082,-2.96844886028533,-3.26319509366247,-3.26319509366247,-3.26319509366247,-3.26319509366247,-3.26319509366247,-3.26319509366247,-3.26319509366247,-3.26319509366247,-3.26319509366247,-3.26319509366247,-3.26319509366247,-3.26319509366247,-3.26319509366247,-3.26319509366247,-3.26319509366247,-3.26319509366247,-3.26319509366247,-3.26319509366247,-3.26319509366247,-3.26319509366247,-3.26319509366247,1.89750226806455,1.02893000692437,0.387856973661291,-0.0559031453064502,-0.332536663560635,-0.472229894683053,-0.505169152255442,-0.461540749859591,-0.371531001077271,-0.265326219490271,-0.173112718680347,-0.125076812229279,-0.151404813718807,-0.28228303673079,-0.547897794846904,-0.978435401648959,-1.60408217071877,-2.45502441563799,-3.56144844998856,-4.95354058735208,-4.95354058735208,-4.95354058735208,-4.95354058735208,-4.95354058735208,-4.95354058735208,-4.95354058735208,-4.95354058735208,-4.95354058735208,-4.95354058735208,-4.95354058735208,-4.95354058735208,-4.95354058735208,-4.95354058735208,-4.95354058735208,-4.95354058735208,-4.95354058735208,-4.95354058735208,-4.95354058735208,-4.95354058735208,-4.95354058735208,0.446241719433778,0.270732148840189,0.0952225782466343,-0.0802869923469389,-0.255796562940517,-0.431306133534077,-0.600903277185643,-0.708592010311778,-0.611578052426586,-0.289645859909642,0.0614004431736195,0.264285147016116,0.305198363221487,0.190604995135608,-0.146762523482757,-0.765080664565669,-1.67075983058594,-2.84503718873639,-4.22936486360188,-5.71964729647288,-5.71964729647288,-5.71964729647288,-5.71964729647288,-5.71964729647288,-5.71964729647288,-5.71964729647288,-5.71964729647288,-5.71964729647288,-5.71964729647288,-5.71964729647288,-5.71964729647288,-5.71964729647288,-5.71964729647288,-5.71964729647288,-5.71964729647288,-5.71964729647288,-5.71964729647288,-5.71964729647288,-5.71964729647288,-5.71964729647288,1,1,1,1,1,1,1,1,1,1,1,1,1,1,1,1,1,1,0,1,1,1,1,1,1,1,1,1,1,1,1,1,1,1,1,1,1,1,1,1
1.47618821158716,0.988860074903142,0.662707981919946,0.881204714883975,0.168099025647274,-0.0482089651742159,-4.64858819764602,1.51153334313422,-1.26235049327497,0.412200432886351,-0.641550032479655,-0.171991838557087,2.08527537883434,-1.7937394218409,-0.287971458905295,2.25129069369877,-2.15259686797607,2.72397217400695,0.0317904996717964,-0.517955224467702,2.5984985673138,-0.267745981693006,-2.3283728802753,1.35208092576503,-1.40662414180311,3.65414900670322,-0.0872067093919107,0.0751679651812438,1.33063189699089,-0.583220378099153,-1.93960695297972,-1.59346259053284,-0.931473004178095,3.11154163940222,-1.09422277331918,-0.69282918542768,2.22164854165502,-2.27647772960314,-0.167768697375161,-0.203479241861931,-3.08340748303064,-3.01593148628504,-2.94845548953944,-2.88097949279384,-2.81350349604824,-2.74602749930265,-2.67855150255705,-2.61107550581145,-2.54359950906585,-2.47612351232025,-2.40864751557465,-2.34117151882905,-2.27369552208345,-2.20621952533785,-2.13874352859225,-2.07126753184665,-2.00379153510106,-1.93631553835546,-1.86883954160986,-1.80136354486426,-1.80136354486426,-1.80136354486426,-1.80136354486426,-1.80136354486426,-1.80136354486426,-1.80136354486426,-1.80136354486426,-1.80136354486426,-1.80136354486426,-1.80136354486426,-1.80136354486426,-1.80136354486426,-1.80136354486426,-1.80136354486426,-1.80136354486426,-1.80136354486426,-1.80136354486426,-1.80136354486426,-1.80136354486426,-1.80136354486426,5.82109465654002,2.51616715810233,0.00227913108611943,-1.80736763253921,-2.99957134080425,-3.66113020173958,-3.87884242337582,-3.73950621374356,-3.32991978087337,-2.73688133279587,-2.04718907754163,-1.34764122314127,-0.725035977625373,-0.266171549024522,-0.057846145369318,-0.186857974690358,-0.74000524501824,-1.80408616438356,-3.46589894081689,-5.81224178234886,-5.81224178234886,-5.81224178234886,-5.81224178234886,-5.81224178234886,-5.81224178234886,-5.81224178234886,-5.81224178234886,-5.81224178234886,-5.81224178234886,-5.81224178234886,-5.81224178234886,-5.81224178234886,-5.81224178234886,-5.81224178234886,-5.81224178234886,-5.81224178234886,-5.81224178234886,-5.81224178234886,-5.81224178234886,-5.81224178234886,-5.30351234193601,-4.97484934939754,-4.64618635685906,-4.31752336432059,-3.98886037178212,-3.66019737924364,-3.32694491219016,-2.97414530922665,-2.61577672119168,-2.27553180313293,-1.96233687263426,-1.69171114329971,-1.49473425030517,-1.39930136071321,-1.4272167030375,-1.58906008639972,-1.85962975138782,-2.18757431364768,-2.53822614712078,-2.89966605221137,-2.89966605221137,-2.89966605221137,-2.89966605221137,-2.89966605221137,-2.89966605221137,-2.89966605221137,-2.89966605221137,-2.89966605221137,-2.89966605221137,-2.89966605221137,-2.89966605221137,-2.89966605221137,-2.89966605221137,-2.89966605221137,-2.89966605221137,-2.89966605221137,-2.89966605221137,-2.89966605221137,-2.89966605221137,-2.89966605221137,1,1,1,1,1,1,1,1,1,1,1,1,1,1,1,1,1,1,1,1,1,1,1,1,1,1,1,1,1,1,1,1,1,1,1,1,1,1,1,1
-1.87671713393186,-0.795755642201101,-1.16100909911606,0.965385446740374,-0.772020249712978,0.820691572545666,-0.758275111459751,-1.11983444952307,1.73223278199972,-0.715449440799034,0.412221588581383,0.508400032005776,0.864650559914379,-0.164558749335756,-0.751638896713198,-0.640926461942396,-0.625607935154616,0.377131601254799,-0.3095364006788,-1.47111915003749,-0.54154994990679,3.97839186091044,0.204594956862747,-0.090056445232003,-0.206977859302816,0.993263291367873,-1.08458995180121,-1.11120892065812,-1.46591216243913,-0.903191552085485,-1.3078951309446,1.75317731465108,-0.958303426054465,-0.0672833900805188,-1.1739540561335,0.937757741363958,-1.5129357981362,1.67953569475264,-0.341728166160582,0.246180381643681,1.48739299546385,1.31228755932906,1.13718212319428,0.962076687059492,0.786971250924706,0.611865814789919,0.436760378655134,0.261654942520348,0.0865495063855608,-0.0885559297492247,-0.263661365884014,-0.438766802018799,-0.613872238153585,-0.78897767428837,-0.964083110423159,-1.13918854655795,-1.31429398269273,-1.48939941882752,-1.6645048549623,-1.83961029109709,-1.83961029109709,-1.83961029109709,-1.83961029109709,-1.83961029109709,-1.83961029109709,-1.83961029109709,-1.83961029109709,-1.83961029109709,-1.83961029109709,-1.83961029109709,-1.83961029109709,-1.83961029109709,-1.83961029109709,-1.83961029109709,-1.83961029109709,-1.83961029109709,-1.83961029109709,-1.83961029109709,-1.83961029109709,-1.83961029109709,9.84501039801701,7.43465376495461,5.42212519020655,3.77179140252296,2.448019130654,1.41517510334982,0.637626049360565,0.0797386974363867,-0.294120223672577,-0.519583985216157,-0.632285858444227,-0.667859114606616,-0.661937024953209,-0.650152860733819,-0.66813989319833,-0.75153139359657,-0.9359606331784,-1.25706088319368,-1.75046541489225,-2.45180749952396,-2.45180749952396,-2.45180749952396,-2.45180749952396,-2.45180749952396,-2.45180749952396,-2.45180749952396,-2.45180749952396,-2.45180749952396,-2.45180749952396,-2.45180749952396,-2.45180749952396,-2.45180749952396,-2.45180749952396,-2.45180749952396,-2.45180749952396,-2.45180749952396,-2.45180749952396,-2.45180749952396,-2.45180749952396,-2.45180749952396,2.73025684916595,2.39607118680943,2.06188552445291,1.72769986209639,1.39351419973987,1.05932853738335,0.725335483086992,0.393614012234398,0.0714098338951406,-0.231330843466829,-0.506304589657187,-0.74674974805566,-0.945586646524731,-1.09761323734605,-1.20404470310767,-1.27340273365291,-1.31802343541744,-1.34999226837849,-1.37824357693373,-1.40672200334974,-1.40672200334974,-1.40672200334974,-1.40672200334974,-1.40672200334974,-1.40672200334974,-1.40672200334974,-1.40672200334974,-1.40672200334974,-1.40672200334974,-1.40672200334974,-1.40672200334974,-1.40672200334974,-1.40672200334974,-1.40672200334974,-1.40672200334974,-1.40672200334974,-1.40672200334974,-1.40672200334974,-1.40672200334974,-1.40672200334974,1,1,1,1,1,1,1,1,1,1,1,1,1,1,1,1,1,1,1,1,1,1,1,1,1,1,1,1,1,1,1,1,1,1,1,1,1,1,1,1
1.27094094435608,-0.504423924733899,0.827145475909187,0.970782699648834,0.55227524697295,-0.988083579950241,0.549068586100644,-0.0735425719458203,-3.10697980075427,0.335230821943018,-0.486889137439139,1.13857800000193,-0.548758793145083,-0.221570070107306,-0.673563094426315,0.583733075846606,-1.18226788756465,-0.740052173473714,1.69214620929207,-2.66076267587927,1.04233562443469,-1.00499371531341,-0.350898992879142,-1.84086066963441,1.79703024175147,1.64781461085441,0.104638898070323,-0.848661830384819,-1.53126223134583,0.819427660620674,-0.227110871377111,0.422852467305589,-2.86756122671398,0.500157810625321,0.0935876783909801,0.760128304995563,0.903077294482582,1.02269377869254,-2.70053049629104,0.604693324728139,0.732445169513541,0.455392271525316,0.178339373537092,-0.0987135244511332,-0.375766422439357,-0.652819320427583,-0.929872218415808,-1.20692511640403,-1.48397801439225,-1.76103091238048,-2.03808381036871,-2.31513670835693,-2.59218960634515,-2.86924250433338,-3.1462954023216,-3.42334830030983,-3.70040119829805,-3.97745409628628,-4.2545069942745,-4.53155989226273,-4.53155989226273,-4.53155989226273,-4.53155989226273,-4.53155989226273,-4.53155989226273,-4.53155989226273,-4.53155989226273,-4.53155989226273,-4.53155989226273,-4.53155989226273,-4.53155989226273,-4.53155989226273,-4.53155989226273,-4.53155989226273,-4.53155989226273,-4.53155989226273,-4.53155989226273,-4.53155989226273,-4.53155989226273,-4.53155989226273,7.49628360642742,4.96357986316719,2.91111491981099,1.2898752332856,0.0508472605177896,-0.854982541565662,-1.47662771603797,-1.86310180597237,-2.06341835444208,-2.12659090452032,-2.10163299928032,-2.03755818179529,-1.98337999513847,-1.98811198238306,-2.10076768660232,-2.37036065086944,-2.84590441825765,-3.57641253184019,-4.61089853469026,-5.9983759698811,-5.9983759698811,-5.9983759698811,-5.9983759698811,-5.9983759698811,-5.9983759698811,-5.9983759698811,-5.9983759698811,-5.9983759698811,-5.9983759698811,-5.9983759698811,-5.9983759698811,-5.9983759698811,-5.9983759698811,-5.9983759698811,-5.9983759698811,-5.9983759698811,-5.9983759698811,-5.9983759698811,-5.9983759698811,-5.9983759698811,0.0986685470158051,-0.113120845095047,-0.32491023720589,-0.536699629316736,-0.748489021427583,-0.960278413538432,-1.17275758001763,-1.38925819751618,-1.61087632506466,-1.82718345349135,-2.02169585153901,-2.19083048930915,-2.35019478076033,-2.5293665153245,-2.76547611384128,-3.08335197421648,-3.47736144465959,-3.92924620464355,-4.43120792152884,-4.96897582017517,-4.96897582017517,-4.96897582017517,-4.96897582017517,-4.96897582017517,-4.96897582017517,-4.96897582017517,-4.96897582017517,-4.96897582017517,-4.96897582017517,-4.96897582017517,-4.96897582017517,-4.96897582017517,-4.96897582017517,-4.96897582017517,-4.96897582017517,-4.96897582017517,-4.96897582017517,-4.96897582017517,-4.96897582017517,-4.96897582017517,1,1,1,1,1,1,1,1,1,1,1,1,1,1,1,1,1,1,1,1,1,1,1,1,1,1,1,1,1,1,1,1,1,1,1,1,1,1,1,1
3.12200665869767,2.06143683337892,1.37560970428661,-2.23498281405363,-1.03005608234934,-1.01156763942584,0.242541490569391,0.0416811473119338,1.70244458771201,-0.355348017598249,0.292279946324591,-1.91978189688674,0.862960657436064,-0.860909724351561,-0.189362227745091,1.5620425529151,-0.918893072255807,1.9105971912118,-1.27670652181595,2.41487544644223,0.648799391053361,-1.44882437693885,-1.51954026091379,-0.254116872750336,-1.46134447435689,1.75028125566229,1.68885943319806,-0.12697010464785,1.45005057010892,1.06610522617172,1.92870872768307,1.25104872745931,-0.988282586733042,-0.509906709129679,1.45909767975955,-0.325630737305845,-0.755907983369891,0.151354444206822,0.965039451983959,-0.700483562697823,-1.93481850937089,-1.8049152052104,-1.6750119010499,-1.54510859688941,-1.41520529272891,-1.28530198856842,-1.15539868440792,-1.02549538024743,-0.895592076086933,-0.765688771926436,-0.635785467765944,-0.505882163605451,-0.375978859444952,-0.24607555528446,-0.116172251123963,0.0137310530365333,0.143634357197026,0.273537661357523,0.403440965518016,0.533344269678512,0.533344269678512,0.533344269678512,0.533344269678512,0.533344269678512,0.533344269678512,0.533344269678512,0.533344269678512,0.533344269678512,0.533344269678512,0.533344269678512,0.533344269678512,0.533344269678512,0.533344269678512,0.533344269678512,0.533344269678512,0.533344269678512,0.533344269678512,0.533344269678512,0.533344269678512,0.533344269678512,-11.2879017048535,-8.10383085682396,-5.58145308123352,-3.65069422333715,-2.24148012838984,-1.28373664164659,-0.707389608362396,-0.442364873792242,-0.418588283191134,-0.565985681814047,-0.814482914915999,-1.09400582775197,-1.33448026557694,-1.46583207364591,-1.41798709721391,-1.12087118153588,-0.504410171866841,0.501470086538211,1.96684374842429,3.9617849685364,3.9617849685364,3.9617849685364,3.9617849685364,3.9617849685364,3.9617849685364,3.9617849685364,3.9617849685364,3.9617849685364,3.9617849685364,3.9617849685364,3.9617849685364,3.9617849685364,3.9617849685364,3.9617849685364,3.9617849685364,3.9617849685364,3.9617849685364,3.9617849685364,3.9617849685364,3.9617849685364,0.744976451461977,0.515696307737953,0.286416164013921,0.0571360202898905,-0.17214412343414,-0.40142426715817,-0.626650944285332,-0.830364185866468,-1.00168080788459,-1.12680269062138,-1.17957127369464,-1.14082079117342,-1.00994186029449,-0.790461597817643,-0.479425960301912,-0.069402931550572,0.450984777253835,1.08917081705015,1.82847160735484,2.62285581896932,2.62285581896932,2.62285581896932,2.62285581896932,2.62285581896932,2.62285581896932,2.62285581896932,2.62285581896932,2.62285581896932,2.62285581896932,2.62285581896932,2.62285581896932,2.62285581896932,2.62285581896932,2.62285581896932,2.62285581896932,2.62285581896932,2.62285581896932,2.62285581896932,2.62285581896932,2.62285581896932,1,1,1,1,1,1,1,1,1,1,1,1,1,1,1,1,1,1,1,1,1,1,1,1,1,1,1,1,1,1,1,1,1,1,1,1,1,1,1,1
0.162776720099688,-2.90976468598777,0.532218712831367,1.3905886329414,0.279493368868155,1.60199365700775,1.70205312317876,0.840117223378493,1.04962292379878,-0.310111988867254,-3.44138743772285,-0.72610194777374,1.54254145738055,1.5727958350518,-0.942561969212651,-0.653962150656398,1.04560841029052,0.708203164727582,-0.870115219130097,2.78385413685367,-0.995466251234129,-0.956875221598633,-0.648819786451025,0.0190231138811701,1.83949763064659,1.05838327668481,0.417279833569653,-1.77158969997472,-1.46557750099532,0.422972482318002,0.659065706149319,0.508614625690139,-0.268198004164843,-0.512577274927889,-0.501459926378292,-1.39461553226519,-0.711027221290433,-1.33169136453209,1.3180628031379,2.40164292258219,0.460552243340277,0.520018728427548,0.579485213514819,0.63895169860209,0.698418183689362,0.757884668776634,0.817351153863903,0.876817638951174,0.936284124038446,0.995750609125716,1.05521709421299,1.11468357930026,1.17415006438753,1.2336165494748,1.29308303456207,1.35254951964934,1.41201600473662,1.47148248982389,1.53094897491116,1.59041545999843,1.59041545999843,1.59041545999843,1.59041545999843,1.59041545999843,1.59041545999843,1.59041545999843,1.59041545999843,1.59041545999843,1.59041545999843,1.59041545999843,1.59041545999843,1.59041545999843,1.59041545999843,1.59041545999843,1.59041545999843,1.59041545999843,1.59041545999843,1.59041545999843,1.59041545999843,1.59041545999843,-3.21554483468822,-2.00802818409718,-1.04050298319587,-0.288124122758094,0.273953506442331,0.670575013631601,0.926585508035904,1.06683009888144,1.11615389539438,1.09940200680092,1.04141954232728,0.967051611199629,0.901143322644129,0.868539785887032,0.894086110154475,1.00262740467267,1.21900877866783,1.56807534136614,2.0746722019937,2.76364446977681,2.76364446977681,2.76364446977681,2.76364446977681,2.76364446977681,2.76364446977681,2.76364446977681,2.76364446977681,2.76364446977681,2.76364446977681,2.76364446977681,2.76364446977681,2.76364446977681,2.76364446977681,2.76364446977681,2.76364446977681,2.76364446977681,2.76364446977681,2.76364446977681,2.76364446977681,2.76364446977681,1.18413023498487,1.14344191563148,1.10275359627809,1.0620652769247,1.02137695757131,0.980688638217917,0.939882536846463,0.898834774470828,0.859833143984972,0.828839297982148,0.814648191230296,0.826064729242226,0.868246954385929,0.941041618619328,1.04030511251959,1.15976913051159,1.2921521006605,1.43086622456408,1.57185487169126,1.71347101884797,1.71347101884797,1.71347101884797,1.71347101884797,1.71347101884797,1.71347101884797,1.71347101884797,1.71347101884797,1.71347101884797,1.71347101884797,1.71347101884797,1.71347101884797,1.71347101884797,1.71347101884797,1.71347101884797,1.71347101884797,1.71347101884797,1.71347101884797,1.71347101884797,1.71347101884797,1.71347101884797,1,1,1,1,1,1,1,1,1,1,1,1,1,1,1,1,1,1,1,1,1,1,1,1,1,1,1,1,1,1,1,1,1,1,1,1,1,1,1,1
-1.04193128097861,-1.07655963133403,-0.298340739283969,-0.0328425430497967,1.33964501390197,-0.952146722684157,-0.756761722617969,-0.27095731862291,0.0993503395296695,-0.919620713852041,-2.88264539860807,-0.0677387676623464,1.52354131669475,0.193377035853278,1.07578351587368,0.843564942839929,0.420998609822179,0.114905284919475,-0.2003186672257,-0.646693082461457,-1.28332853947756,-1.58614402216659,-0.248989384852173,-1.0104491439431,-0.321589139465843,-2.25737495226537,1.63781329356364,0.36035787315574,-1.20031793036099,0.890592720548815,-0.0641890517796959,0.115634637983531,1.50547529373589,1.71397583880091,-0.746829924738204,1.86553412165494,-0.930716650408522,0.0519726944023109,4.48192807148769,0.593313909803198,-1.47676352895597,-1.40971840244142,-1.34267327592686,-1.2756281494123,-1.20858302289775,-1.14153789638319,-1.07449276986864,-1.00744764335408,-0.940402516839529,-0.873357390324973,-0.806312263810417,-0.739267137295862,-0.672222010781304,-0.605176884266751,-0.538131757752193,-0.471086631237638,-0.404041504723082,-0.336996378208527,-0.269951251693971,-0.202906125179416,-0.202906125179416,-0.202906125179416,-0.202906125179416,-0.202906125179416,-0.202906125179416,-0.202906125179416,-0.202906125179416,-0.202906125179416,-0.202906125179416,-0.202906125179416,-0.202906125179416,-0.202906125179416,-0.202906125179416,-0.202906125179416,-0.202906125179416,-0.202906125179416,-0.202906125179416,-0.202906125179416,-0.202906125179416,-0.202906125179416,-8.72602613429768,-7.09778463512918,-5.67083448981687,-4.4337515463819,-3.37511165284541,-2.48349065722852,-1.74746440755238,-1.15560875183812,-0.696499538106886,-0.358712614379815,-0.130823828678038,-0.00140902902269779,0.0409559365650711,0.00769522006413226,-0.0897670265466477,-0.240006651288427,-0.431599502182307,-0.65312142724947,-0.89314827451102,-1.14025589198809,-1.14025589198809,-1.14025589198809,-1.14025589198809,-1.14025589198809,-1.14025589198809,-1.14025589198809,-1.14025589198809,-1.14025589198809,-1.14025589198809,-1.14025589198809,-1.14025589198809,-1.14025589198809,-1.14025589198809,-1.14025589198809,-1.14025589198809,-1.14025589198809,-1.14025589198809,-1.14025589198809,-1.14025589198809,-1.14025589198809,-0.828346201974543,-0.847144700109166,-0.86594319824379,-0.884741696378411,-0.903540194513035,-0.922338692647659,-0.942106820708319,-0.966368039361071,-0.991911283879401,-1.0039291697233,-0.984779606486493,-0.927007051367353,-0.834370744845627,-0.714719944344347,-0.577311268889426,-0.430967921969565,-0.279156078275753,-0.121237825099778,0.0409726440773426,0.203923773802337,0.203923773802337,0.203923773802337,0.203923773802337,0.203923773802337,0.203923773802337,0.203923773802337,0.203923773802337,0.203923773802337,0.203923773802337,0.203923773802337,0.203923773802337,0.203923773802337,0.203923773802337,0.203923773802337,0.203923773802337,0.203923773802337,0.203923773802337,0.203923773802337,0.203923773802337,0.203923773802337,1,1,1,1,1,1,1,1,1,1,1,1,1,1,1,1,1,1,1,1,1,1,1,1,1,1,1,1,1,1,1,1,1,1,1,1,1,1,1,1
0.41192495911962,-0.0182536947823548,-0.371981102813726,-0.32892094751708,0.413917816196576,-0.0708617694954654,0.185693842283092,2.90665551433526,-0.463528690384226,0.481310221726545,-1.55721516834479,-0.497085225609128,1.34358070303511,-1.08875612844434,1.96750203965365,1.50898651007925,0.749964518844841,0.335313573570371,-1.64935800501887,-1.05115543005388,-0.142510497183869,1.73332177534016,2.67073302471179,0.440009428723952,-0.164240199449338,-0.118886003823251,1.1505103951437,-1.05956065786964,1.52366750745929,1.66506718784887,2.54740954993356,-1.97012433199896,-0.739643546396653,-0.638969416662251,-0.897547375235437,2.12230574741606,-0.407406348432065,-1.08338481337092,-1.92869875268142,-1.76275126412094,-3.71097773747892,-3.46573280581898,-3.22048787415904,-2.9752429424991,-2.72999801083915,-2.48475307917921,-2.23950814751927,-1.99426321585933,-1.74901828419938,-1.50377335253944,-1.2585284208795,-1.01328348921956,-0.768038557559615,-0.522793625899673,-0.277548694239734,-0.0323037625797902,0.212941169080151,0.458186100740097,0.703431032400035,0.948675964059976,0.948675964059976,0.948675964059976,0.948675964059976,0.948675964059976,0.948675964059976,0.948675964059976,0.948675964059976,0.948675964059976,0.948675964059976,0.948675964059976,0.948675964059976,0.948675964059976,0.948675964059976,0.948675964059976,0.948675964059976,0.948675964059976,0.948675964059976,0.948675964059976,0.948675964059976,0.948675964059976,1.19668715867082,0.417403125574752,-0.242114326019687,-0.786746101425501,-1.2213731059557,-1.55087624492327,-1.78013642364123,-1.91403454742259,-1.95745152158033,-1.91526825142747,-1.79236564227701,-1.59362459944195,-1.3239260282353,-0.988150833970057,-0.591179921959224,-0.137894197515807,0.366825434047195,0.918098067416768,1.51104279727992,2.14077871832364,2.14077871832364,2.14077871832364,2.14077871832364,2.14077871832364,2.14077871832364,2.14077871832364,2.14077871832364,2.14077871832364,2.14077871832364,2.14077871832364,2.14077871832364,2.14077871832364,2.14077871832364,2.14077871832364,2.14077871832364,2.14077871832364,2.14077871832364,2.14077871832364,2.14077871832364,2.14077871832364,-2.65647656524307,-2.52504951688651,-2.39362246852994,-2.26219542017338,-2.13076837181681,-1.99934132346024,-1.87595916425844,-1.79246704077997,-1.74770680419556,-1.70321908576481,-1.62136009457122,-1.48091077663856,-1.26921981804329,-0.979119524338914,-0.610456658850302,-0.167521356550981,0.342007541419155,0.90452477879805,1.50084761053469,2.11153600904872,2.11153600904872,2.11153600904872,2.11153600904872,2.11153600904872,2.11153600904872,2.11153600904872,2.11153600904872,2.11153600904872,2.11153600904872,2.11153600904872,2.11153600904872,2.11153600904872,2.11153600904872,2.11153600904872,2.11153600904872,2.11153600904872,2.11153600904872,2.11153600904872,2.11153600904872,2.11153600904872,1,1,1,1,1,1,1,1,1,0,0,1,1,1,1,1,1,1,1,1,1,1,1,1,1,1,1,1,1,1,1,1,1,1,1,1,1,1,1,1
-1.44325742818441,1.9225680195336,-0.195525469927889,1.08757233996616,-0.575644714619552,-1.73010524597695,-1.06034285033939,0.332915729745761,-0.226003855785139,-0.620504986084761,-0.0594469176748635,-0.446961203007243,1.24229162864982,0.430884051283249,-0.141038292597464,1.62116258028192,0.734104569090816,-0.596307214818664,-0.703957753829037,-1.22392619001541,-0.189193758297931,-1.30887980997181,1.35736097351212,0.741302651591813,0.532238083387576,-1.7761432133404,-2.26453558011379,-0.994711168990575,-0.244221976785441,2.91023528030842,0.753936829684699,2.19238626167726,-2.32975665535883,0.835470871765319,-2.11562592064591,-1.36789231816871,1.6995605279308,0.488278281110036,0.978997921506354,1.51412996575731,-2.16067437288999,-2.04139782310803,-1.92212127332606,-1.8028447235441,-1.68356817376213,-1.56429162398016,-1.4450150741982,-1.32573852441623,-1.20646197463427,-1.0871854248523,-0.967908875070338,-0.848632325288371,-0.729355775506404,-0.610079225724437,-0.490802675942474,-0.371526126160509,-0.252249576378542,-0.132973026596579,-0.0136964768146122,0.105580072967355,0.105580072967355,0.105580072967355,0.105580072967355,0.105580072967355,0.105580072967355,0.105580072967355,0.105580072967355,0.105580072967355,0.105580072967355,0.105580072967355,0.105580072967355,0.105580072967355,0.105580072967355,0.105580072967355,0.105580072967355,0.105580072967355,0.105580072967355,0.105580072967355,0.105580072967355,0.105580072967355,-25.0935740662559,-19.8189831023706,-15.2676117852936,-11.3911669976919,-8.14135562223263,-5.46988454158288,-3.32846063840975,-1.66879079538029,-0.442581895161592,0.398459179579243,0.902625546175139,1.11821032195901,1.09350662426379,0.876807570422367,0.516406277767683,0.0605958636326189,-0.442330554649892,-0.944079859746923,-1.3963589343256,-1.75087466105293,-1.75087466105293,-1.75087466105293,-1.75087466105293,-1.75087466105293,-1.75087466105293,-1.75087466105293,-1.75087466105293,-1.75087466105293,-1.75087466105293,-1.75087466105293,-1.75087466105293,-1.75087466105293,-1.75087466105293,-1.75087466105293,-1.75087466105293,-1.75087466105293,-1.75087466105293,-1.75087466105293,-1.75087466105293,-1.75087466105293,-8.79707715319865,-7.79753171873306,-6.79798628426746,-5.79844084980186,-4.79889541533627,-3.79934998087067,-2.81566537600992,-1.92026384679369,-1.15915318381117,-0.510051670564707,0.0609693998978269,0.532039513869266,0.846282770201325,0.969248357270972,0.887718768386643,0.58714323950781,0.066002545967029,-0.652826543501362,-1.5298045632973,-2.49865139149567,-2.49865139149567,-2.49865139149567,-2.49865139149567,-2.49865139149567,-2.49865139149567,-2.49865139149567,-2.49865139149567,-2.49865139149567,-2.49865139149567,-2.49865139149567,-2.49865139149567,-2.49865139149567,-2.49865139149567,-2.49865139149567,-2.49865139149567,-2.49865139149567,-2.49865139149567,-2.49865139149567,-2.49865139149567,-2.49865139149567,1,1,1,1,1,1,1,1,1,1,1,1,1,1,1,1,1,1,1,1,1,1,1,1,1,1,1,1,1,1,1,1,1,1,1,1,1,1,1,1
-1.59236943376636,-0.630063165903969,0.94251622681233,-0.8348407510357,-1.04583445009615,-0.425615406462087,-0.18339910351621,-0.400711906557547,-0.0974246130787453,-0.233334884738472,0.453569565787125,0.338928707269035,0.883391997861889,-1.26578862420116,0.217270169160798,-1.19957528192148,0.59440408197443,1.91225735269517,-0.182224048067319,-1.08477405574448,-0.330238071836522,-1.26602394202253,0.790719832937251,0.360819225430721,0.0438266094689865,-0.0662720395065097,-0.883965047482029,-2.41184257682244,0.397894638364718,0.47110017847692,3.41284484712519,1.87551010247882,0.629890457098403,-1.04706527519306,-0.278125544111271,-0.105022804285882,2.2261655692409,-0.0615794205591502,-2.16332421683147,-0.0867677842581198,1.7690552507723,1.53113764698674,1.29322004320117,1.05530243941561,0.817384835630046,0.579467231844482,0.341549628058919,0.103632024273356,-0.134285579512207,-0.372203183297769,-0.610120787083332,-0.848038390868897,-1.08595599465446,-1.32387359844002,-1.56179120222559,-1.79970880601115,-2.03762640979671,-2.27554401358227,-2.51346161736784,-2.7513792211534,-2.7513792211534,-2.7513792211534,-2.7513792211534,-2.7513792211534,-2.7513792211534,-2.7513792211534,-2.7513792211534,-2.7513792211534,-2.7513792211534,-2.7513792211534,-2.7513792211534,-2.7513792211534,-2.7513792211534,-2.7513792211534,-2.7513792211534,-2.7513792211534,-2.7513792211534,-2.7513792211534,-2.7513792211534,-2.7513792211534,-32.7600765500238,-23.6914684289921,-16.282397776061,-10.3845163653386,-5.84947597093319,-2.52892836695288,-0.274525327505909,1.06208137329955,1.62923996135526,1.57529866255304,1.04860570278471,0.197509307942067,-0.82964229608308,-1.88450088339899,-2.81871822811381,-3.48394610433567,-3.73183628617291,-3.41404054773371,-2.38221066312614,-0.487998406458425,-0.487998406458425,-0.487998406458425,-0.487998406458425,-0.487998406458425,-0.487998406458425,-0.487998406458425,-0.487998406458425,-0.487998406458425,-0.487998406458425,-0.487998406458425,-0.487998406458425,-0.487998406458425,-0.487998406458425,-0.487998406458425,-0.487998406458425,-0.487998406458425,-0.487998406458425,-0.487998406458425,-0.487998406458425,-0.487998406458425,2.12034393877024,1.83786458469047,1.5553852306107,1.27290587653093,0.990426522451163,0.707947168371398,0.42563760836747,0.143521505186913,-0.141094981218174,-0.428421728480695,-0.711129528529577,-0.979402157042172,-1.2286173845362,-1.45838336158708,-1.66717459975426,-1.85267831106898,-2.01592452791975,-2.16149505384105,-2.29489576646894,-2.4220063667541,-2.4220063667541,-2.4220063667541,-2.4220063667541,-2.4220063667541,-2.4220063667541,-2.4220063667541,-2.4220063667541,-2.4220063667541,-2.4220063667541,-2.4220063667541,-2.4220063667541,-2.4220063667541,-2.4220063667541,-2.4220063667541,-2.4220063667541,-2.4220063667541,-2.4220063667541,-2.4220063667541,-2.4220063667541,-2.4220063667541,1,1,1,1,1,1,1,1,1,1,1,1,1,1,1,1,1,1,1,1,1,1,1,1,1,1,1,1,1,1,1,1,1,1,1,1,1,1,1,1
-1.39472171957046,-0.612564639708769,1.38153657784714,-1.94226089008621,-0.165873822101287,0.305571942469962,1.55673497249548,0.603219419864535,0.363832265308902,1.81131133730422,-1.20208424120875,-1.49035412960496,1.40786095540213,-1.94194960324437,-0.89223775505295,2.17985588576221,-0.800791363580473,1.61140918297169,1.59754045620839,0.0116795217008434,0.802768652011506,1.42376364053616,-0.878994421737092,-2.93230856224013,-1.63687271037794,0.206694139746796,-0.282512805165709,0.33856552592872,0.699805542094357,0.559466830226086,1.23088017134258,2.41202049581437,-0.955647852460233,1.9557386317333,2.30978303502601,-0.139290913082732,-0.65437557395277,0.578740125107405,-0.132322698011489,0.58419941915224,-2.04612979557358,-1.8982939138297,-1.75045803208582,-1.60262215034194,-1.45478626859806,-1.30695038685418,-1.1591145051103,-1.01127862336642,-0.863442741622539,-0.715606859878656,-0.567770978134776,-0.419935096390898,-0.272099214647016,-0.124263332903134,0.023572548840745,0.171408430584629,0.319244312328506,0.467080194072388,0.614916075816268,0.762751957560148,0.762751957560148,0.762751957560148,0.762751957560148,0.762751957560148,0.762751957560148,0.762751957560148,0.762751957560148,0.762751957560148,0.762751957560148,0.762751957560148,0.762751957560148,0.762751957560148,0.762751957560148,0.762751957560148,0.762751957560148,0.762751957560148,0.762751957560148,0.762751957560148,0.762751957560148,0.762751957560148,-6.16439596203314,-4.54658158598725,-3.27032892102679,-2.29785473626975,-1.59137580083419,-1.11310888383817,-0.825270754399648,-0.690078181636713,-0.669747934667372,-0.726496782609676,-0.822541494581614,-0.920098839701277,-0.981385587086647,-0.968618505855773,-0.844014365126714,-0.569789934017429,-0.108161981645988,0.578652722869537,1.52843741041116,2.77897531186087,2.77897531186087,2.77897531186087,2.77897531186087,2.77897531186087,2.77897531186087,2.77897531186087,2.77897531186087,2.77897531186087,2.77897531186087,2.77897531186087,2.77897531186087,2.77897531186087,2.77897531186087,2.77897531186087,2.77897531186087,2.77897531186087,2.77897531186087,2.77897531186087,2.77897531186087,2.77897531186087,-3.94284578734381,-3.41084565585256,-2.87884552436129,-2.34684539287003,-1.81484526137878,-1.28284512988753,-0.783001121067812,-0.453892939848885,-0.360808034528082,-0.480805240204912,-0.763840413930751,-1.09342461266349,-1.28931788379001,-1.24138578860139,-0.97442296650549,-0.5405789627253,0.0654112173158445,0.843394810936424,1.72529981787416,2.63264330539338,2.63264330539338,2.63264330539338,2.63264330539338,2.63264330539338,2.63264330539338,2.63264330539338,2.63264330539338,2.63264330539338,2.63264330539338,2.63264330539338,2.63264330539338,2.63264330539338,2.63264330539338,2.63264330539338,2.63264330539338,2.63264330539338,2.63264330539338,2.63264330539338,2.63264330539338,2.63264330539338,1,1,1,1,1,1,1,1,1,1,1,1,1,1,1,1,1,1,1,1,1,1,1,1,1,1,1,1,1,1,1,1,1,1,1,1,1,1,1,1
1.40944371276045,-1.7309113339012,0.69004917898312,0.914433791354616,-0.539587032716761,-1.0017451080264,1.36813168612923,0.0937176367050663,1.27559598738111,-0.31295632885702,-2.19819738350868,-0.563971211939277,1.38206106141367,1.38054621956442,0.614265277290615,-0.458291713482383,0.879995054279155,0.565906800873222,-1.72266667768641,-2.01467001574737,2.78751594168171,1.20487127140005,0.41358082050561,-1.88343213251527,-0.656171549747018,2.08854919028991,0.450717255949005,-0.410702022395633,0.0851842207097402,-0.452053527658657,0.656625085235531,0.783338380209408,0.26968676248373,-0.902367390444857,-0.447306744552263,-0.527177534551999,-0.747767499688331,0.114366971654819,-0.353064472566921,-1.137838646789,1.99487516797266,1.83189460054387,1.66891403311507,1.50593346568628,1.34295289825749,1.17997233082869,1.0169917633999,0.854011195971106,0.691030628542313,0.52805006111352,0.365069493684727,0.20208892625593,0.0391083588271393,-0.123872208601654,-0.28685277603045,-0.449833343459241,-0.612813910888034,-0.775794478316827,-0.93877504574562,-1.10175561317441,-1.10175561317441,-1.10175561317441,-1.10175561317441,-1.10175561317441,-1.10175561317441,-1.10175561317441,-1.10175561317441,-1.10175561317441,-1.10175561317441,-1.10175561317441,-1.10175561317441,-1.10175561317441,-1.10175561317441,-1.10175561317441,-1.10175561317441,-1.10175561317441,-1.10175561317441,-1.10175561317441,-1.10175561317441,-1.10175561317441,13.4281273446213,9.13406016109912,5.78394976891694,3.2755579706418,1.50664656884074,0.374977366080813,-0.22168783507093,-0.385587232047444,-0.218959022281679,0.175958596793389,0.696927427744836,1.24170927313967,1.70806593554498,1.9937592175278,1.99655092165517,1.61420285049414,0.744476806611768,-0.714865407424956,-2.86606198904891,-5.8113511356931,-5.8113511356931,-5.8113511356931,-5.8113511356931,-5.8113511356931,-5.8113511356931,-5.8113511356931,-5.8113511356931,-5.8113511356931,-5.8113511356931,-5.8113511356931,-5.8113511356931,-5.8113511356931,-5.8113511356931,-5.8113511356931,-5.8113511356931,-5.8113511356931,-5.8113511356931,-5.8113511356931,-5.8113511356931,-5.8113511356931,0.780551343605802,0.675441493692099,0.570331643778276,0.465221793864496,0.360111943950751,0.255002094036965,0.151140734240796,0.059781101754723,0.0196567674077262,0.10584049515721,0.414890303865686,0.960881422508336,1.54178751879449,1.84987780314668,1.7376035384951,1.19615189230741,0.184367789770956,-1.21970009999845,-2.68339049489532,-3.98771181060921,-3.98771181060921,-3.98771181060921,-3.98771181060921,-3.98771181060921,-3.98771181060921,-3.98771181060921,-3.98771181060921,-3.98771181060921,-3.98771181060921,-3.98771181060921,-3.98771181060921,-3.98771181060921,-3.98771181060921,-3.98771181060921,-3.98771181060921,-3.98771181060921,-3.98771181060921,-3.98771181060921,-3.98771181060921,-3.98771181060921,1,1,1,1,1,1,1,1,1,1,1,1,1,1,1,1,1,1,0,1,1,1,1,1,1,1,1,1,1,1,1,1,1,1,1,1,1,1,1,1
0.640471478991754,0.0482438729675687,-0.420942877086059,-1.02780633852812,-0.672712086286412,0.891556874924655,0.735240998155546,-0.264718281377222,-0.271871318281242,0.684032599949644,0.500642993580652,-0.291319012751229,-3.16208020374879,1.75887333387652,-0.139399882259154,0.0374503624370703,0.272536113496221,-1.02901524511538,-0.859188762444221,-2.55550297593796,0.857913589341191,1.63375578403882,2.10353923933178,0.689239156346167,-0.0895932462303559,-0.592090582446941,0.34772634624499,0.0551698953014395,-2.4039104332797,0.0415578773187946,1.58055476373065,2.02756963769597,-1.23275490815411,0.670373713425805,-0.203422112737002,-1.05679160732922,-1.34387126458874,1.13237292077125,-0.388322102283125,1.80283191573633,-0.908865349173573,-0.85211327399447,-0.795361198815367,-0.738609123636263,-0.681857048457161,-0.625104973278058,-0.568352898098954,-0.511600822919851,-0.454848747740748,-0.398096672561644,-0.341344597382541,-0.284592522203438,-0.227840447024334,-0.171088371845233,-0.114336296666128,-0.0575842214870246,-0.000832146307923054,0.0559199288711802,0.112672004050285,0.16942407922939,0.16942407922939,0.16942407922939,0.16942407922939,0.16942407922939,0.16942407922939,0.16942407922939,0.16942407922939,0.16942407922939,0.16942407922939,0.16942407922939,0.16942407922939,0.16942407922939,0.16942407922939,0.16942407922939,0.16942407922939,0.16942407922939,0.16942407922939,0.16942407922939,0.16942407922939,0.16942407922939,32.8276466789622,24.5878543901285,17.6620506626862,11.9480364106406,7.34361254799688,3.74657998876036,1.05473964693635,-0.834107563469891,-2.02216072845307,-2.6116189340079,-2.70468126612912,-2.4035468108114,-1.8104146540495,-1.0274838818381,-0.15695358017193,0.698977164954234,1.43810926754578,1.95824364160793,2.157181201146,1.93272286016525,1.93272286016525,1.93272286016525,1.93272286016525,1.93272286016525,1.93272286016525,1.93272286016525,1.93272286016525,1.93272286016525,1.93272286016525,1.93272286016525,1.93272286016525,1.93272286016525,1.93272286016525,1.93272286016525,1.93272286016525,1.93272286016525,1.93272286016525,1.93272286016525,1.93272286016525,1.93272286016525,3.16316796549894,2.67079563763957,2.1784233097802,1.68605098192083,1.19367865406147,0.701306326202102,0.212947299347572,-0.25136478698137,-0.668992633813133,-1.02062690289355,-1.27694165065114,-1.3906265747061,-1.31549681686747,-1.03384453580586,-0.567626082312669,0.0207024065092121,0.638525922713098,1.2019752314866,1.68239876650005,2.1103329368056,2.1103329368056,2.1103329368056,2.1103329368056,2.1103329368056,2.1103329368056,2.1103329368056,2.1103329368056,2.1103329368056,2.1103329368056,2.1103329368056,2.1103329368056,2.1103329368056,2.1103329368056,2.1103329368056,2.1103329368056,2.1103329368056,2.1103329368056,2.1103329368056,2.1103329368056,2.1103329368056,1,1,1,1,1,1,1,1,1,1,1,1,1,1,1,1,1,1,1,1,1,1,1,1,1,1,1,1,1,1,1,1,1,1,1,1,1,1,1,1
4.36882109874627,1.14827687257416,-0.765336274221566,1.28345484077402,-0.708611575656131,1.21539089865537,-2.87372714245214,-0.0654018594087074,2.13901128501893,0.20070933460088,1.52557673670472,2.80757601735118,1.13050594576023,-1.54009367743517,3.9617085525089,-3.21565590736904,1.08009178489952,0.871755964827191,-1.26823282344182,0.902535820980674,-0.786329858684045,-1.09398231960684,1.57065115826877,0.253418748781977,1.80171297899454,1.19196972588444,-0.2500602204142,-1.52058465418772,-0.101223491275814,0.313360507894581,-0.773880638550217,-1.55653796444572,1.81294033004513,1.33204716607007,-0.49552479446494,-0.0656667909976996,-0.157928118498655,-1.27475348805486,-0.886196472298495,-2.47641815769702,-4.54613931555325,-4.13176181311311,-3.71738431067296,-3.30300680823281,-2.88862930579267,-2.47425180335252,-2.05987430091237,-1.64549679847222,-1.23111929603208,-0.816741793591932,-0.402364291151786,0.0120132112883624,0.426390713728509,0.840768216168655,1.25514571860881,1.66952322104895,2.0839007234891,2.49827822592924,2.91265572836939,3.32703323080954,3.32703323080954,3.32703323080954,3.32703323080954,3.32703323080954,3.32703323080954,3.32703323080954,3.32703323080954,3.32703323080954,3.32703323080954,3.32703323080954,3.32703323080954,3.32703323080954,3.32703323080954,3.32703323080954,3.32703323080954,3.32703323080954,3.32703323080954,3.32703323080954,3.32703323080954,3.32703323080954,-16.9244612806639,-13.0038391144582,-9.74465223238074,-7.08444757486419,-4.96077208234122,-3.31117269524448,-2.07319635400662,-1.18438999906031,-0.582300570838214,-0.204475009772974,0.0115397437027323,0.128196749156261,0.207949066154947,0.313249754266151,0.506551873057173,0.850308482095389,1.40697264094815,2.23899740918275,3.40883584636659,4.97894101206697,4.97894101206697,4.97894101206697,4.97894101206697,4.97894101206697,4.97894101206697,4.97894101206697,4.97894101206697,4.97894101206697,4.97894101206697,4.97894101206697,4.97894101206697,4.97894101206697,4.97894101206697,4.97894101206697,4.97894101206697,4.97894101206697,4.97894101206697,4.97894101206697,4.97894101206697,4.97894101206697,-5.50425627642574,-4.96499686373557,-4.42573745104542,-3.88647803835526,-3.3472186256651,-2.80795921297494,-2.26881440482372,-1.73140202514172,-1.2024629585634,-0.692753875739564,-0.211441821841882,0.237185622054334,0.651565716780786,1.03205355810076,1.38465211202951,1.72147222175506,2.05549120159533,2.39692537514012,2.75142716359713,3.11623853160273,3.11623853160273,3.11623853160273,3.11623853160273,3.11623853160273,3.11623853160273,3.11623853160273,3.11623853160273,3.11623853160273,3.11623853160273,3.11623853160273,3.11623853160273,3.11623853160273,3.11623853160273,3.11623853160273,3.11623853160273,3.11623853160273,3.11623853160273,3.11623853160273,3.11623853160273,3.11623853160273,1,1,1,1,1,1,1,1,1,1,1,1,1,1,1,1,1,1,1,1,1,1,1,1,1,1,1,1,1,1,1,1,1,1,1,1,1,1,1,1
-0.0214116639001078,1.4953127604133,0.949278141432591,0.719650153554138,-0.116485108522348,1.92475517583776,0.943760427535514,0.240881418716528,1.50085643961132,-1.29736902465321,-2.1842274641986,0.519705804263056,0.404863982034609,-3.14230798582355,1.12635191374504,-0.26681044017344,-0.171885590089076,-0.499532525562618,2.55879699719075,1.63653395793899,1.99572015591,-0.700179647840411,-3.21663484002333,0.137711233083666,-1.59521678971919,-1.44830738524388,0.0102362771745881,2.39343550911394,0.479820442167714,0.169298540351642,-0.694206107070455,0.451782910602669,0.884581605867371,-1.14851660004761,-1.93509242570608,-0.269433515467895,0.29813119834755,0.178777808149365,0.660144315640848,-0.52983824634204,-1.3714901268431,-1.18777395932335,-1.0040577918036,-0.820341624283848,-0.636625456764095,-0.452909289244345,-0.269193121724592,-0.0854769542048395,0.0982392133149137,0.281955380834667,0.465671548354418,0.649387715874168,0.833103883393921,1.01682005091368,1.20053621843343,1.38425238595318,1.56796855347293,1.75168472099268,1.93540088851244,2.11911705603219,2.11911705603219,2.11911705603219,2.11911705603219,2.11911705603219,2.11911705603219,2.11911705603219,2.11911705603219,2.11911705603219,2.11911705603219,2.11911705603219,2.11911705603219,2.11911705603219,2.11911705603219,2.11911705603219,2.11911705603219,2.11911705603219,2.11911705603219,2.11911705603219,2.11911705603219,2.11911705603219,0.0285132762694502,0.361924798068369,0.558521721311174,0.640614238307065,0.63051254136522,0.550526822794851,0.422967274905125,0.270144090005216,0.114367460404351,-0.0220524215883007,-0.116805363663518,-0.147581173512167,-0.0920696588250696,0.0720393727071063,0.367056113393344,0.815290755542971,1.43905349146513,2.26065451346903,3.30240401386387,4.58661218495876,4.58661218495876,4.58661218495876,4.58661218495876,4.58661218495876,4.58661218495876,4.58661218495876,4.58661218495876,4.58661218495876,4.58661218495876,4.58661218495876,4.58661218495876,4.58661218495876,4.58661218495876,4.58661218495876,4.58661218495876,4.58661218495876,4.58661218495876,4.58661218495876,4.58661218495876,4.58661218495876,8.41169317431969,7.09929517275311,5.78689717118652,4.47449916961994,3.16210116805335,1.84970316648676,0.585768446405163,-0.408651088052073,-0.978200919596931,-1.1140114848625,-0.876354193136724,-0.362288603897976,0.288888024536952,0.926994825724485,1.44180852141449,1.80261817918022,2.07163095685801,2.35684170314827,2.72426976232618,3.15709491594322,3.15709491594322,3.15709491594322,3.15709491594322,3.15709491594322,3.15709491594322,3.15709491594322,3.15709491594322,3.15709491594322,3.15709491594322,3.15709491594322,3.15709491594322,3.15709491594322,3.15709491594322,3.15709491594322,3.15709491594322,3.15709491594322,3.15709491594322,3.15709491594322,3.15709491594322,3.15709491594322,1,1,1,1,1,1,1,1,1,1,1,1,1,1,1,1,1,1,1,1,1,1,1,1,1,1,1,1,1,1,1,1,1,1,1,1,1,1,1,1
-1.2852992713917,-0.0716999929653799,-0.886111531862263,0.716280501836844,-1.69620114363857,-0.0678515374444082,-0.910282634598168,2.44307527900302,0.054101531672945,0.477609113951054,1.80448855764629,-0.121540929076984,1.02984749080755,-1.66941410916565,-0.364289135847402,-1.45548958052194,-1.31056933603027,-1.46416564908125,-0.447513454074954,-0.271019852321521,-1.39301439855776,0.350479763413025,-1.40330066713249,0.0693115832441116,-2.03491026859349,-2.39497047007053,1.90136402192948,-0.260847348872833,-0.308480691257778,0.426706132655665,0.165985597406763,-1.95122985482451,0.913531115612956,-3.03823892934008,-0.52233352682148,1.06159388977835,-1.81341272209316,-0.399572420555767,-2.02379419175277,1.00299480608595,-1.44259603385175,-1.38918411743308,-1.33577220101441,-1.28236028459573,-1.22894836817706,-1.17553645175839,-1.12212453533972,-1.06871261892104,-1.01530070250237,-0.961888786083696,-0.908476869665023,-0.855064953246352,-0.801653036827679,-0.748241120409006,-0.694829203990334,-0.641417287571661,-0.588005371152988,-0.534593454734315,-0.481181538315642,-0.427769621896969,-0.427769621896969,-0.427769621896969,-0.427769621896969,-0.427769621896969,-0.427769621896969,-0.427769621896969,-0.427769621896969,-0.427769621896969,-0.427769621896969,-0.427769621896969,-0.427769621896969,-0.427769621896969,-0.427769621896969,-0.427769621896969,-0.427769621896969,-0.427769621896969,-0.427769621896969,-0.427769621896969,-0.427769621896969,-0.427769621896969,-17.5979880728822,-13.2360250399827,-9.63940135489679,-6.7393360436051,-4.46704813208806,-2.75375664632618,-1.53068061229991,-0.729039055989748,-0.280051003376185,-0.114935480439705,-0.164911513160808,-0.361198127519925,-0.635014349497601,-0.917579205074293,-1.14011172023047,-1.23383092094662,-1.12995583320328,-0.759705482980824,-0.0542988962598727,1.05504490097919,1.05504490097919,1.05504490097919,1.05504490097919,1.05504490097919,1.05504490097919,1.05504490097919,1.05504490097919,1.05504490097919,1.05504490097919,1.05504490097919,1.05504490097919,1.05504490097919,1.05504490097919,1.05504490097919,1.05504490097919,1.05504490097919,1.05504490097919,1.05504490097919,1.05504490097919,1.05504490097919,-1.56227329871348,-1.46747245962009,-1.37267162052673,-1.27787078143336,-1.18306994233998,-1.08826910324661,-1.00109001774618,-0.951845303386015,-0.935481169893576,-0.901740796923393,-0.851438581244498,-0.881550475690448,-1.04210772976771,-1.21518839629318,-1.2372107666767,-1.06132834700606,-0.711788223669853,-0.180312697453864,0.536669642621415,1.36846676969787,1.36846676969787,1.36846676969787,1.36846676969787,1.36846676969787,1.36846676969787,1.36846676969787,1.36846676969787,1.36846676969787,1.36846676969787,1.36846676969787,1.36846676969787,1.36846676969787,1.36846676969787,1.36846676969787,1.36846676969787,1.36846676969787,1.36846676969787,1.36846676969787,1.36846676969787,1.36846676969787,1,1,1,1,1,1,1,1,1,1,1,1,1,1,1,1,1,1,1,1,1,1,1,1,1,1,1,1,1,1,1,1,1,1,1,1,1,1,1,1
-2.68609476655915,-1.8678881369491,1.23995345511342,-1.7421632510849,-1.28315339332985,1.78202958671659,-1.37052860035991,0.835005318546697,-1.20308869871329,0.513661807071605,-0.497565796247121,1.1674285365082,-1.69001835440005,-0.526029865295627,2.18992954646499,1.56688720801839,-0.620583204347872,1.23213132513848,-1.19014914230747,0.980594128256948,-0.809283991964968,2.00641304829732,-0.448013973847463,-1.38309599241081,1.57111203457938,1.28720427656737,-0.854519879653608,0.595866707632958,0.463592917837049,-1.04642770931796,-0.0680171315504214,-1.5414967535789,-2.69196344462509,0.665267082120891,0.167733549921349,-1.21196375810092,0.602743052597265,0.0865269150316781,2.46106032371799,-0.712568466799274,1.04767736003068,1.24386059725435,1.44004383447801,1.63622707170168,1.83241030892535,2.02859354614902,2.22477678337269,2.42096002059636,2.61714325782003,2.8133264950437,3.00950973226737,3.20569296949104,3.40187620671471,3.59805944393837,3.79424268116204,3.99042591838571,4.18660915560938,4.38279239283305,4.57897563005672,4.77515886728039,4.77515886728039,4.77515886728039,4.77515886728039,4.77515886728039,4.77515886728039,4.77515886728039,4.77515886728039,4.77515886728039,4.77515886728039,4.77515886728039,4.77515886728039,4.77515886728039,4.77515886728039,4.77515886728039,4.77515886728039,4.77515886728039,4.77515886728039,4.77515886728039,4.77515886728039,4.77515886728039,23.1955995467699,18.3161337421017,14.1530414022043,10.660088581996,7.791041336395,5.49966572031939,3.73972778868736,2.46499359641709,1.62922919842675,1.18620064963451,1.08967400495853,1.29341531931699,1.75119064762805,2.41676604480991,3.24390756578073,4.18638126545865,5.19795319876188,6.23238942060856,7.24345598591689,8.18491894960501,8.18491894960501,8.18491894960501,8.18491894960501,8.18491894960501,8.18491894960501,8.18491894960501,8.18491894960501,8.18491894960501,8.18491894960501,8.18491894960501,8.18491894960501,8.18491894960501,8.18491894960501,8.18491894960501,8.18491894960501,8.18491894960501,8.18491894960501,8.18491894960501,8.18491894960501,8.18491894960501,-3.0510367173641,-1.94637783267716,-0.841718947990223,0.262939936696717,1.36759882138365,2.47225770607059,3.47942426036635,3.98605372310915,3.88676549691976,3.37463481229487,2.64263018359525,1.9020969663128,1.37397269568313,1.12927107385184,1.1883410991633,1.73872478285481,3.03604261086158,5.17375200281991,8.02667926422796,11.2820195254398,11.2820195254398,11.2820195254398,11.2820195254398,11.2820195254398,11.2820195254398,11.2820195254398,11.2820195254398,11.2820195254398,11.2820195254398,11.2820195254398,11.2820195254398,11.2820195254398,11.2820195254398,11.2820195254398,11.2820195254398,11.2820195254398,11.2820195254398,11.2820195254398,11.2820195254398,11.2820195254398,1,1,1,1,1,1,0,0,1,1,1,1,1,1,1,1,1,1,0,0,0,0,0,0,0,0,0,0,0,0,0,0,0,0,0,0,0,0,0,0
-1.67009189716333,-1.10855566272451,-3.06220618290271,0.632201064594914,-0.691920810475969,-0.699452256379564,-0.481764929750678,-1.89268795832636,1.49313585691264,1.45308869565564,1.78354738488317,-0.887324439728102,0.9976911903727,0.896512684412663,-2.97055156602687,-1.7635495839769,-1.401200967769,-1.64325679958936,-0.458224370310665,0.795311785754039,-2.30600355745043,0.337458154463803,1.36549234407049,-1.47470242403252,1.36490846844844,-1.99826511887601,1.0874337675721,-0.31537923321735,-0.0983158180368378,-2.5372419611485,-1.96055173889763,0.732600349594492,-0.178662074108535,1.28454546935282,-0.590013747160548,1.08335038105685,1.30752055929316,0.701958632248557,1.12739314130832,-0.819533351395723,0.661420364468384,0.610694967043866,0.559969569619346,0.509244172194827,0.458518774770309,0.407793377345788,0.357067979921268,0.30634258249675,0.25561718507223,0.204891787647711,0.154166390223191,0.103440992798671,0.0527155953741527,0.0019901979496364,-0.048735199474887,-0.0994605968994051,-0.150185994323927,-0.200911391748447,-0.251636789172963,-0.302362186597481,-0.302362186597481,-0.302362186597481,-0.302362186597481,-0.302362186597481,-0.302362186597481,-0.302362186597481,-0.302362186597481,-0.302362186597481,-0.302362186597481,-0.302362186597481,-0.302362186597481,-0.302362186597481,-0.302362186597481,-0.302362186597481,-0.302362186597481,-0.302362186597481,-0.302362186597481,-0.302362186597481,-0.302362186597481,-0.302362186597481,-5.04266279138789,-3.41690242169896,-2.11887306906634,-1.11677129261341,-0.37879365146356,0.12686329525981,0.432002988433306,0.568428868933536,0.567944377637108,0.462352955420636,0.283458043160719,0.0630630817339579,-0.16702848798302,-0.375013225113623,-0.529087688781255,-0.597448438109277,-0.548292032221104,-0.34981503024013,0.0297860087102588,0.622314525506658,0.622314525506658,0.622314525506658,0.622314525506658,0.622314525506658,0.622314525506658,0.622314525506658,0.622314525506658,0.622314525506658,0.622314525506658,0.622314525506658,0.622314525506658,0.622314525506658,0.622314525506658,0.622314525506658,0.622314525506658,0.622314525506658,0.622314525506658,0.622314525506658,0.622314525506658,0.622314525506658,0.659500891778989,0.609045397236422,0.558589902693861,0.508134408151297,0.457678913608733,0.407223419066169,0.356765159482483,0.306287089869818,0.255757697569983,0.205152848395517,0.154476785324686,0.10375159319217,0.0529899008286918,0.00219303485813072,-0.0486282671474019,-0.0994528679698234,-0.150270066855605,-0.201083803439371,-0.251897476588431,-0.302710030010404,-0.302710030010404,-0.302710030010404,-0.302710030010404,-0.302710030010404,-0.302710030010404,-0.302710030010404,-0.302710030010404,-0.302710030010404,-0.302710030010404,-0.302710030010404,-0.302710030010404,-0.302710030010404,-0.302710030010404,-0.302710030010404,-0.302710030010404,-0.302710030010404,-0.302710030010404,-0.302710030010404,-0.302710030010404,-0.302710030010404,1,1,1,1,1,1,1,1,1,1,1,1,1,1,1,1,1,1,1,1,1,1,1,1,1,1,1,1,1,1,1,1,1,1,1,1,1,1,1,1
2.41245329766028,3.21099089544875,2.45756906808865,0.884795346418613,-1.61839286774801,-0.215961393798459,-0.0652672396907041,0.249064511400217,0.304352360899097,0.712322870511395,-1.21575702880598,2.50670932410418,2.0036767842873,-2.46332444404149,1.48146236230166,0.228318217825866,-0.00841310459336597,0.945724503946082,-0.7636661330313,-0.054494369039503,-1.35086029560396,1.08919940137473,-0.316143715944641,1.55103325613244,0.16919200747633,-1.17935059776566,0.985894232349962,2.35051390611312,-0.949791396651321,-0.701567042216107,0.200569729876671,-4.55701926157823,-1.10467734565814,0.741154792945796,1.3784628750683,1.27432026987373,0.858182668533052,-1.8490894770871,0.122139518932149,-2.58876154130462,0.425174049427464,0.373342193047069,0.321510336666675,0.269678480286281,0.217846623905886,0.166014767525493,0.114182911145097,0.0623510547647044,0.0105191983843067,-0.0413126579960874,-0.0931445143764833,-0.144976370756876,-0.196808227137272,-0.248640083517666,-0.30047193989806,-0.352303796278456,-0.404135652658848,-0.455967509039246,-0.507799365419638,-0.559631221800032,-0.559631221800032,-0.559631221800032,-0.559631221800032,-0.559631221800032,-0.559631221800032,-0.559631221800032,-0.559631221800032,-0.559631221800032,-0.559631221800032,-0.559631221800032,-0.559631221800032,-0.559631221800032,-0.559631221800032,-0.559631221800032,-0.559631221800032,-0.559631221800032,-0.559631221800032,-0.559631221800032,-0.559631221800032,-0.559631221800032,-28.6894250608774,-21.1433248700913,-14.9074046292712,-9.86828806702755,-5.91259891197055,-2.92696089271051,-0.7979977378577,0.587666823977573,1.34340906418503,1.58260525415439,1.41863166527536,0.96486456893766,0.334680236530977,-0.358545060554951,-1.00143505093039,-1.48061346320571,-1.68270402599106,-1.49433046789687,-0.80211651753336,0.507314096489168,0.507314096489168,0.507314096489168,0.507314096489168,0.507314096489168,0.507314096489168,0.507314096489168,0.507314096489168,0.507314096489168,0.507314096489168,0.507314096489168,0.507314096489168,0.507314096489168,0.507314096489168,0.507314096489168,0.507314096489168,0.507314096489168,0.507314096489168,0.507314096489168,0.507314096489168,0.507314096489168,-6.17508868206411,-5.28112018693269,-4.38715169180129,-3.49318319666988,-2.59921470153848,-1.70524620640708,-0.796828540038323,0.143198419756343,0.918648715497831,1.29216616008037,1.21394327685386,0.767945534379587,0.118340433173131,-0.489989482340675,-0.891919642823128,-1.09923321381663,-1.13640368441188,-0.964588192565159,-0.61794794980757,-0.205716526163229,-0.205716526163229,-0.205716526163229,-0.205716526163229,-0.205716526163229,-0.205716526163229,-0.205716526163229,-0.205716526163229,-0.205716526163229,-0.205716526163229,-0.205716526163229,-0.205716526163229,-0.205716526163229,-0.205716526163229,-0.205716526163229,-0.205716526163229,-0.205716526163229,-0.205716526163229,-0.205716526163229,-0.205716526163229,-0.205716526163229,1,1,1,1,1,1,1,1,1,1,1,1,1,1,1,1,1,1,1,1,1,1,1,1,1,1,1,1,1,1,1,1,1,1,1,1,1,1,1,1
-2.55562719674149,1.90614679730645,-1.00659370166248,-2.23343497065214,1.30050854033582,0.961833816030319,-0.997584155486265,2.34860871106757,2.12277058533276,0.420381176796411,0.471333533485945,-0.809584274349687,3.07729894449012,1.38023532352161,-0.419449343696174,1.11088190171726,-0.280548069603681,1.90671384777759,1.80168259147615,-3.07863470585273,0.431853242483774,-3.79345235059153,2.55512547188325,-0.913576875239483,-0.620729730202875,3.62120708194429,1.37745363188785,0.432537533172026,1.75341680586585,-0.757232140482204,-1.16784409002372,-0.705677068981773,-0.205435018658591,1.45760815638853,-0.839100978891159,0.640092278966303,0.947628342454657,-0.0860359425401125,-3.69453965266993,1.47796792361233,3.99021314720064,3.75567966082086,3.52114617444108,3.2866126880613,3.05207920168152,2.81754571530174,2.58301222892196,2.34847874254218,2.1139452561624,1.87941176978262,1.64487828340284,1.41034479702306,1.17581131064327,0.941277824263496,0.706744337883713,0.472210851503933,0.237677365124153,0.00314387874437294,-0.231389607635405,-0.465923094015185,-0.465923094015185,-0.465923094015185,-0.465923094015185,-0.465923094015185,-0.465923094015185,-0.465923094015185,-0.465923094015185,-0.465923094015185,-0.465923094015185,-0.465923094015185,-0.465923094015185,-0.465923094015185,-0.465923094015185,-0.465923094015185,-0.465923094015185,-0.465923094015185,-0.465923094015185,-0.465923094015185,-0.465923094015185,-0.465923094015185,-6.34989809436581,-3.01847748186682,-0.481841102714873,1.34511197772048,2.54748269406966,3.21037198096311,3.41888077303124,3.25811000490451,2.81316061121334,2.16913352658816,1.4111296856594,0.624250023057499,-0.106404526587106,-0.695733028643998,-1.05863454848275,-1.1100081514729,-0.764752902984041,0.0622321316143033,1.45604788695249,3.50179529766101,3.50179529766101,3.50179529766101,3.50179529766101,3.50179529766101,3.50179529766101,3.50179529766101,3.50179529766101,3.50179529766101,3.50179529766101,3.50179529766101,3.50179529766101,3.50179529766101,3.50179529766101,3.50179529766101,3.50179529766101,3.50179529766101,3.50179529766101,3.50179529766101,3.50179529766101,3.50179529766101,6.13201696480303,5.60422399687665,5.07643102895029,4.54863806102392,4.02084509309755,3.49305212517118,2.97085363587228,2.47978810227596,2.037917364653,1.64662878340743,1.30062066716905,0.995619059622813,0.732632014276513,0.518314757901592,0.359557971475448,0.260939882078985,0.224572462435781,0.241939607440496,0.289797460469813,0.345913418557769,0.345913418557769,0.345913418557769,0.345913418557769,0.345913418557769,0.345913418557769,0.345913418557769,0.345913418557769,0.345913418557769,0.345913418557769,0.345913418557769,0.345913418557769,0.345913418557769,0.345913418557769,0.345913418557769,0.345913418557769,0.345913418557769,0.345913418557769,0.345913418557769,0.345913418557769,0.345913418557769,1,1,1,1,1,0,1,1,1,1,1,1,1,1,1,1,1,1,1,1,1,1,1,1,1,1,1,1,1,1,1,1,1,1,1,1,1,1,1,1
0.182444233880435,-0.332658790983635,-2.00684601882014,-0.983453356593766,-1.10075986848092,0.494829809325664,-1.25282360253714,-1.0505191187397,-4.29747872646386,3.17035261657344,0.347965945307845,-0.88337861424651,0.306899997776542,0.456969514333007,0.726806034510913,-0.37943481769153,1.02641715608775,-2.73716092744381,-0.693208376054262,-2.1163470845198,0.0706719705235237,-1.83833734793183,-0.0517422696264376,0.545941031105302,-0.318714778134673,0.850646079493552,-1.98390350646582,-1.69018165696451,1.19256074804521,-1.85127780327911,0.606646677722619,-1.05876889030556,2.31850312935469,-3.14342358196772,-1.59840641297268,-0.00318429910276841,1.33353201292391,-0.497058508943892,3.44560247831117,-1.22366211410249,1.46863608012068,1.2801916432876,1.09174720645452,0.903302769621443,0.714858332788362,0.526413895955282,0.337969459122201,0.14952502228912,-0.03891941454396,-0.227363851377042,-0.415808288210121,-0.604252725043199,-0.792697161876282,-0.981141598709362,-1.16958603554244,-1.35803047237552,-1.5464749092086,-1.73491934604168,-1.92336378287476,-2.11180821970784,-2.11180821970784,-2.11180821970784,-2.11180821970784,-2.11180821970784,-2.11180821970784,-2.11180821970784,-2.11180821970784,-2.11180821970784,-2.11180821970784,-2.11180821970784,-2.11180821970784,-2.11180821970784,-2.11180821970784,-2.11180821970784,-2.11180821970784,-2.11180821970784,-2.11180821970784,-2.11180821970784,-2.11180821970784,-2.11180821970784,8.15216203580934,5.89397133435531,4.05727821188201,2.59998613316731,1.4799985629891,0.655218966125266,0.0835508073536806,-0.277102448547781,-0.468837336801224,-0.533750392628784,-0.513938151252564,-0.451497147894692,-0.388523917777299,-0.367114996122474,-0.429366918152375,-0.61737621908909,-0.973239434154754,-1.53905309857147,-2.35691374756139,-3.46891791634662,-3.46891791634662,-3.46891791634662,-3.46891791634662,-3.46891791634662,-3.46891791634662,-3.46891791634662,-3.46891791634662,-3.46891791634662,-3.46891791634662,-3.46891791634662,-3.46891791634662,-3.46891791634662,-3.46891791634662,-3.46891791634662,-3.46891791634662,-3.46891791634662,-3.46891791634662,-3.46891791634662,-3.46891791634662,-3.46891791634662,0.305297925024455,0.2737148383246,0.242131751624739,0.210548664924878,0.178965578225017,0.147382491525158,0.116393938396333,0.0869781210110467,0.0494902158720798,-0.0211413959181499,-0.151134398629342,-0.347100559525325,-0.593886167621688,-0.86697098196832,-1.14063007488405,-1.39507757983866,-1.6257111180396,-1.83977707498102,-2.04361553188188,-2.24107800428608,-2.24107800428608,-2.24107800428608,-2.24107800428608,-2.24107800428608,-2.24107800428608,-2.24107800428608,-2.24107800428608,-2.24107800428608,-2.24107800428608,-2.24107800428608,-2.24107800428608,-2.24107800428608,-2.24107800428608,-2.24107800428608,-2.24107800428608,-2.24107800428608,-2.24107800428608,-2.24107800428608,-2.24107800428608,-2.24107800428608,1,1,1,1,1,1,1,1,1,1,1,1,1,1,1,1,1,1,1,1,1,1,1,1,1,1,1,1,1,1,1,1,1,1,1,1,1,1,1,1
1.69128752757463,0.176996815904417,-0.343513587395798,-0.986131291274527,-1.52913225305052,1.43710446303057,1.44567513780243,2.01643101962075,-0.858066383813112,0.451991464952835,-0.937509654720053,0.744767435104109,-0.369488571497287,1.59574134336374,-0.0963640868423425,-1.66801662138695,2.24052369830419,0.961011291600816,-0.737354527602406,0.304296671611269,1.88341035581454,-1.89557290083793,1.01540762453274,0.539177762695912,-0.260792928911155,1.56335998339358,-1.533962820012,-2.77029613561204,-0.596870945792213,-2.42190315169769,-2.57036386293817,0.719890966735381,3.00787130308305,3.43572857569706,-2.19120437430531,1.23476710368699,2.49783882793006,0.983992426292643,0.224196475461731,-0.571984357057277,-2.63756064178629,-2.53404883844872,-2.43053703511114,-2.32702523177356,-2.22351342843598,-2.12000162509841,-2.01648982176083,-1.91297801842325,-1.80946621508567,-1.7059544117481,-1.60244260841052,-1.49893080507294,-1.39541900173537,-1.29190719839779,-1.18839539506021,-1.08488359172263,-0.981371788385053,-0.877859985047477,-0.774348181709902,-0.670836378372323,-0.670836378372323,-0.670836378372323,-0.670836378372323,-0.670836378372323,-0.670836378372323,-0.670836378372323,-0.670836378372323,-0.670836378372323,-0.670836378372323,-0.670836378372323,-0.670836378372323,-0.670836378372323,-0.670836378372323,-0.670836378372323,-0.670836378372323,-0.670836378372323,-0.670836378372323,-0.670836378372323,-0.670836378372323,-0.670836378372323,-7.34053711780508,-6.26397972365823,-5.30727175682164,-4.46405140019876,-3.72795683669304,-3.0926262492079,-2.55169782064681,-2.09880973391318,-1.72760017191047,-1.43170731754212,-1.20476935371157,-1.04042446332226,-0.932310829277636,-0.87406663448113,-0.859330061836191,-0.881739294246268,-0.934932514614783,-1.01254790584518,-1.10822365084092,-1.21559793250543,-1.21559793250543,-1.21559793250543,-1.21559793250543,-1.21559793250543,-1.21559793250543,-1.21559793250543,-1.21559793250543,-1.21559793250543,-1.21559793250543,-1.21559793250543,-1.21559793250543,-1.21559793250543,-1.21559793250543,-1.21559793250543,-1.21559793250543,-1.21559793250543,-1.21559793250543,-1.21559793250543,-1.21559793250543,-1.21559793250543,-1.6930199084824,-1.72400044827452,-1.75498098806665,-1.78596152785877,-1.81694206765089,-1.84792260744301,-1.87781139108558,-1.89919933696506,-1.8966463580845,-1.85885333988042,-1.78670677141016,-1.68636676712764,-1.56356659729988,-1.42437614268609,-1.27197647439768,-1.10474825180338,-0.923524275194579,-0.735301189767275,-0.546424955846444,-0.358293490914349,-0.358293490914349,-0.358293490914349,-0.358293490914349,-0.358293490914349,-0.358293490914349,-0.358293490914349,-0.358293490914349,-0.358293490914349,-0.358293490914349,-0.358293490914349,-0.358293490914349,-0.358293490914349,-0.358293490914349,-0.358293490914349,-0.358293490914349,-0.358293490914349,-0.358293490914349,-0.358293490914349,-0.358293490914349,-0.358293490914349,1,1,1,1,1,1,1,1,1,1,1,1,1,1,1,1,1,1,1,1,1,1,1,1,1,1,1,1,1,1,1,1,1,1,1,1,1,1,1,1
0.640575866672708,-0.962100641480196,0.792403083861044,3.12184618101811,1.06217151467038,-1.10418536553761,-1.0647750967972,0.59051430717412,0.651472947314266,0.697345827224272,-1.14102960328399,0.304264076728007,1.09373450588587,-2.99623881273974,0.967146983745304,2.34822590451836,-1.63897226897756,-0.184042722571318,-2.14055500309324,-0.295006920303102,-0.708188131830088,0.21353015043332,-1.13466521045887,0.529738759379976,-2.1429297637246,-1.2839965945251,1.48115709649131,1.56893929493517,-0.882335260398845,-0.4309538819636,-1.21050119965636,-1.65115530107717,-0.906163484438629,-0.953861031919436,-0.880265898917713,-0.0960979480552897,0.0609175448755739,1.52142076203053,-1.93726570256157,1.87679370641498,8.13053175235391,7.59449257012937,7.05845338790483,6.52241420568029,5.98637502345576,5.45033584123122,4.91429665900668,4.37825747678214,3.8422182945576,3.30617911233306,2.77013993010852,2.23410074788398,1.69806156565945,1.16202238343491,0.625983201210367,0.0899440189858272,-0.446095163238709,-0.982134345463249,-1.51817352768779,-2.05421270991232,-2.05421270991232,-2.05421270991232,-2.05421270991232,-2.05421270991232,-2.05421270991232,-2.05421270991232,-2.05421270991232,-2.05421270991232,-2.05421270991232,-2.05421270991232,-2.05421270991232,-2.05421270991232,-2.05421270991232,-2.05421270991232,-2.05421270991232,-2.05421270991232,-2.05421270991232,-2.05421270991232,-2.05421270991232,-2.05421270991232,8.84458959750865,8.21413281373687,7.58087695829932,6.94676111167183,6.31372435433027,5.6837057667505,5.05864442940839,4.44047942277978,3.83114982734054,3.23259472356653,2.64675319193361,2.07556431291763,1.52096716699447,0.984900834639971,0.469304396330003,-0.0238830674595771,-0.492722476252913,-0.935274749574141,-1.3496008069474,-1.73376156789684,-1.73376156789684,-1.73376156789684,-1.73376156789684,-1.73376156789684,-1.73376156789684,-1.73376156789684,-1.73376156789684,-1.73376156789684,-1.73376156789684,-1.73376156789684,-1.73376156789684,-1.73376156789684,-1.73376156789684,-1.73376156789684,-1.73376156789684,-1.73376156789684,-1.73376156789684,-1.73376156789684,-1.73376156789684,-1.73376156789684,7.08800916502329,6.68443817484172,6.28086718466015,5.87729619447858,5.473725204297,5.07015421411543,4.66657147681133,4.26203557341811,3.8515249456192,3.42720248868983,2.98178176645707,2.50886920021937,2.00146172787044,1.45285353164339,0.860375102798637,0.228345335200091,-0.433168495018839,-1.1130883934601,-1.80297302103764,-2.49706827490102,-2.49706827490102,-2.49706827490102,-2.49706827490102,-2.49706827490102,-2.49706827490102,-2.49706827490102,-2.49706827490102,-2.49706827490102,-2.49706827490102,-2.49706827490102,-2.49706827490102,-2.49706827490102,-2.49706827490102,-2.49706827490102,-2.49706827490102,-2.49706827490102,-2.49706827490102,-2.49706827490102,-2.49706827490102,-2.49706827490102,1,1,1,1,1,1,1,1,1,1,1,1,1,1,1,1,1,1,1,1,1,1,1,1,1,1,1,1,1,1,1,1,1,1,1,1,1,1,1,1
-0.968492407275279,0.338939966535445,-1.18702052214217,1.46084713270138,-0.740615729695448,-0.178253678064678,1.62365756404086,0.779466455261016,0.315431731584749,0.335467396721519,0.66096217564049,-1.96574129217274,-2.84312523977379,0.316234204633826,-0.226003410393716,0.328341981802536,1.07986553420321,1.19120514275775,2.4224884071764,-0.618572412367193,-0.82333632489865,-0.656908887619764,-1.41588752222677,-1.94897656335408,-0.325899182309652,-0.906266433986989,0.0250872087286993,-0.59386636353976,-1.60719313174681,1.1522741568228,-3.96508627430731,-2.78017236703175,-0.591449349622122,-0.535851976441807,1.07619644028,-0.335114872995895,-1.00895489127818,0.164268198721512,-1.52856602782311,0.727849910126334,-1.29370144810086,-1.20153885845624,-1.10937626881162,-1.017213679167,-0.92505108952238,-0.832888499877761,-0.740725910233142,-0.648563320588524,-0.556400730943903,-0.464238141299283,-0.372075551654662,-0.279912962010044,-0.187750372365427,-0.0955877827208074,-0.00342519307618794,0.0887373965684333,0.180899986213053,0.273062575857669,0.365225165502286,0.457387755146909,0.457387755146909,0.457387755146909,0.457387755146909,0.457387755146909,0.457387755146909,0.457387755146909,0.457387755146909,0.457387755146909,0.457387755146909,0.457387755146909,0.457387755146909,0.457387755146909,0.457387755146909,0.457387755146909,0.457387755146909,0.457387755146909,0.457387755146909,0.457387755146909,0.457387755146909,0.457387755146909,6.14507280953526,4.27179969132843,2.73801030193816,1.51457105805091,0.572348376353125,-0.117791326468737,-0.58498163372823,-0.858356128738895,-0.967048394814286,-0.940192015267948,-0.806920573413425,-0.596367652564266,-0.337666836034021,-0.0599517071362428,0.207644150815522,0.435987154507739,0.595943720626849,0.658380265859305,0.594163206891563,0.374158960410066,0.374158960410066,0.374158960410066,0.374158960410066,0.374158960410066,0.374158960410066,0.374158960410066,0.374158960410066,0.374158960410066,0.374158960410066,0.374158960410066,0.374158960410066,0.374158960410066,0.374158960410066,0.374158960410066,0.374158960410066,0.374158960410066,0.374158960410066,0.374158960410066,0.374158960410066,0.374158960410066,-4.04527647322675,-3.55025865601299,-3.05524083879921,-2.56022302158544,-2.06520520437168,-1.57018738715791,-1.08971485578792,-0.686862556599881,-0.391911049569446,-0.19271858965058,-0.0776547772817242,-0.0315710707730599,-0.00577510000079506,0.0531774176026634,0.148844803303655,0.250164742396235,0.335138038705669,0.373023963127171,0.314800869745071,0.166213996376632,0.166213996376632,0.166213996376632,0.166213996376632,0.166213996376632,0.166213996376632,0.166213996376632,0.166213996376632,0.166213996376632,0.166213996376632,0.166213996376632,0.166213996376632,0.166213996376632,0.166213996376632,0.166213996376632,0.166213996376632,0.166213996376632,0.166213996376632,0.166213996376632,0.166213996376632,0.166213996376632,1,1,1,1,1,1,1,1,1,1,1,1,1,1,1,1,1,1,1,1,1,1,1,1,1,1,1,1,1,1,1,1,1,1,1,1,1,1,1,1
1.23267930957321,-0.489418239340535,0.815525178094502,1.55025834091633,-0.511024079880499,-2.12041395466837,0.907403498777492,2.49737929404611,-1.49318299878591,-0.812786289958709,-0.972091138247579,0.676456034483929,0.804655242121262,1.34009418148594,1.13153818934666,0.470580139399765,-0.669042904680795,1.05248382330303,0.724751832149485,-2.6601155094099,-3.64903980629694,-2.09052191854366,-0.216190656220762,-1.8091353971383,0.77657374096038,1.00783649009992,-1.60893316456042,1.96992114480924,-2.29569443372097,-0.857976492249859,0.278180730768861,0.0425517927389656,1.94459652877689,0.120689265833478,0.174388514329078,0.975060260057091,-0.725922501747824,-1.53544797357604,0.425121584830194,-2.0575920913393,-1.54499516634191,-1.2531271539018,-0.961259141461697,-0.669391129021592,-0.377523116581486,-0.0856551041413809,0.206212908298722,0.498080920738831,0.789948933178936,1.08181694561904,1.37368495805915,1.66555297049925,1.95742098293935,2.24928899537946,2.54115700781957,2.83302502025967,3.12489303269978,3.41676104513988,3.70862905757999,4.00049707002009,4.00049707002009,4.00049707002009,4.00049707002009,4.00049707002009,4.00049707002009,4.00049707002009,4.00049707002009,4.00049707002009,4.00049707002009,4.00049707002009,4.00049707002009,4.00049707002009,4.00049707002009,4.00049707002009,4.00049707002009,4.00049707002009,4.00049707002009,4.00049707002009,4.00049707002009,4.00049707002009,9.78207820690818,6.29943774798664,3.62445116317207,1.67402730500276,0.365075026016983,-0.385496821246979,-0.660779384250844,-0.543863810456338,-0.117841247325174,0.53419715768093,1.32916025710024,2.18395690347107,3.01549594933164,3.7406862472203,4.27643664967528,4.53965600923488,4.44725317843739,3.91613700982108,2.86321635592423,1.20540006928509,1.20540006928509,1.20540006928509,1.20540006928509,1.20540006928509,1.20540006928509,1.20540006928509,1.20540006928509,1.20540006928509,1.20540006928509,1.20540006928509,1.20540006928509,1.20540006928509,1.20540006928509,1.20540006928509,1.20540006928509,1.20540006928509,1.20540006928509,1.20540006928509,1.20540006928509,1.20540006928509,-4.27459573976097,-3.677813438049,-3.08103113633699,-2.48424883462501,-1.88746653291303,-1.29068423120104,-0.698399631324726,-0.123099661918779,0.459181288560327,1.08073471316902,1.7522220358907,2.46685290801959,3.16342128633325,3.70217724303168,3.95914382776732,3.92600310131176,3.66275875052345,3.20305907892607,2.56735413970398,1.8242298162539,1.8242298162539,1.8242298162539,1.8242298162539,1.8242298162539,1.8242298162539,1.8242298162539,1.8242298162539,1.8242298162539,1.8242298162539,1.8242298162539,1.8242298162539,1.8242298162539,1.8242298162539,1.8242298162539,1.8242298162539,1.8242298162539,1.8242298162539,1.8242298162539,1.8242298162539,1.8242298162539,1,1,1,1,1,1,1,1,1,1,1,1,1,1,1,1,1,1,1,1,1,1,1,1,1,1,1,1,1,1,1,1,1,1,1,1,1,1,1,1
0.56818341102562,1.64135670526563,-2.44884984006926,-0.932901977893074,-0.336882781084058,-2.66198049763928,-2.03931170779024,3.14898945934415,1.74191354634335,-0.517496658428296,-0.918601557833483,0.00574005790104692,1.38985592802748,0.616351502273318,-2.34167382627223,-1.07133867926525,1.16780042739962,1.94166594357339,2.04718358194488,0.388003047863899,1.20623367053341,0.150539299256039,1.29673452784683,0.047906029646029,-2.37017013231502,-2.15279531689014,-2.29030258717036,-0.379023673417707,0.128904738162879,-1.00202339703317,0.182762897943379,0.131625083018443,-0.480584558313332,-0.623907489367502,1.90242365233308,-1.43809902167261,0.840505909466723,-0.090499136349079,-1.37700476068231,-0.109532291763879,-1.76797273025651,-1.69244909830154,-1.61692546634657,-1.54140183439159,-1.46587820243662,-1.39035457048165,-1.31483093852667,-1.2393073065717,-1.16378367461673,-1.08826004266175,-1.01273641070678,-0.937212778751809,-0.861689146796831,-0.786165514841858,-0.710641882886888,-0.635118250931912,-0.55959461897694,-0.484070987021967,-0.408547355066997,-0.333023723112021,-0.333023723112021,-0.333023723112021,-0.333023723112021,-0.333023723112021,-0.333023723112021,-0.333023723112021,-0.333023723112021,-0.333023723112021,-0.333023723112021,-0.333023723112021,-0.333023723112021,-0.333023723112021,-0.333023723112021,-0.333023723112021,-0.333023723112021,-0.333023723112021,-0.333023723112021,-0.333023723112021,-0.333023723112021,-0.333023723112021,-5.70600255049947,-4.55256307981403,-3.60241871062412,-2.8358831368096,-2.23327005225032,-1.77489315082612,-1.44106612641686,-1.21210267290239,-1.06831648416255,-0.99002125407721,-0.957530676526195,-0.951158445389384,-0.95121825454661,-0.938023797877715,-0.891888769262577,-0.793126862581014,-0.622051771712895,-0.358977190538065,0.0157831870636489,0.521915667212305,0.521915667212305,0.521915667212305,0.521915667212305,0.521915667212305,0.521915667212305,0.521915667212305,0.521915667212305,0.521915667212305,0.521915667212305,0.521915667212305,0.521915667212305,0.521915667212305,0.521915667212305,0.521915667212305,0.521915667212305,0.521915667212305,0.521915667212305,0.521915667212305,0.521915667212305,0.521915667212305,-2.2933156570452,-2.14820208557763,-2.00308851411008,-1.85797494264251,-1.71286137117495,-1.56774779970739,-1.42332819032955,-1.28297954917134,-1.15018091862945,-1.02744390246345,-0.917142075425081,-0.821660451549445,-0.742339178410726,-0.678843329485849,-0.629286109907419,-0.59028868024066,-0.558129430597207,-0.531260107146096,-0.510202133510722,-0.493656715156414,-0.493656715156414,-0.493656715156414,-0.493656715156414,-0.493656715156414,-0.493656715156414,-0.493656715156414,-0.493656715156414,-0.493656715156414,-0.493656715156414,-0.493656715156414,-0.493656715156414,-0.493656715156414,-0.493656715156414,-0.493656715156414,-0.493656715156414,-0.493656715156414,-0.493656715156414,-0.493656715156414,-0.493656715156414,-0.493656715156414,1,1,1,1,1,1,1,1,1,1,1,1,1,1,1,1,1,1,1,1,1,1,1,1,1,1,1,1,1,1,1,1,1,1,1,1,1,1,1,1
-0.0595113842319606,-0.100945231123668,-2.50523866994334,0.881030573529579,0.517761129365343,0.707498290537385,0.909380664309653,1.46371556799345,1.1195222811389,2.14173310158681,-0.509651271051117,0.939285257916843,1.41589469590099,-1.02097591347165,-1.46163204242002,-1.06995005612667,-0.460755702274929,-1.83823425918518,0.42325225693483,-0.121425764398548,-1.33266103310848,-0.657340096465148,0.709398361527441,0.128353366445841,0.802219684303761,-1.48538281297184,-0.930259049112522,-0.251122806103856,-1.77563003618535,-0.49879641775996,-0.0257001387162532,1.14354741060037,-1.06033751163969,1.14389267863446,-3.06490662134704,1.68538317217134,-0.22799025604267,0.431880720181292,-1.48821211473513,-0.102962514370923,-0.604149148069283,-0.496823119102489,-0.389497090135694,-0.282171061168899,-0.174845032202104,-0.0675190032353097,0.0398070257314842,0.14713305469828,0.254459083665074,0.361785112631868,0.469111141598663,0.576437170565459,0.683763199532253,0.791089228499049,0.898415257465844,1.00574128643264,1.11306731539943,1.22039334436623,1.32771937333302,1.43504540229982,1.43504540229982,1.43504540229982,1.43504540229982,1.43504540229982,1.43504540229982,1.43504540229982,1.43504540229982,1.43504540229982,1.43504540229982,1.43504540229982,1.43504540229982,1.43504540229982,1.43504540229982,1.43504540229982,1.43504540229982,1.43504540229982,1.43504540229982,1.43504540229982,1.43504540229982,1.43504540229982,8.93796515993258,5.94258057275347,3.60025493830514,1.84460551702888,0.609249569365975,-0.172195644242308,-0.566112863354672,-0.638884827529836,-0.456894276326519,-0.0865239493034409,0.405843413980675,0.95382507396714,1.49103829109721,1.95110032581218,2.26762843855333,2.37423988976193,2.20455193987928,1.69218184934668,0.770746878605358,-0.626135711903343,-0.626135711903343,-0.626135711903343,-0.626135711903343,-0.626135711903343,-0.626135711903343,-0.626135711903343,-0.626135711903343,-0.626135711903343,-0.626135711903343,-0.626135711903343,-0.626135711903343,-0.626135711903343,-0.626135711903343,-0.626135711903343,-0.626135711903343,-0.626135711903343,-0.626135711903343,-0.626135711903343,-0.626135711903343,-0.626135711903343,-2.1921017372343,-1.91146379742644,-1.63082585761856,-1.35018791781068,-1.06954997800281,-0.788912038194933,-0.504598698241553,-0.200837847812322,0.130699810260163,0.488598448089109,0.84507687180443,1.14012298387246,1.34067775976707,1.47229278483102,1.54559037115606,1.5110549367708,1.33093191098522,1.03141232099653,0.660314719348239,0.254467648301578,0.254467648301578,0.254467648301578,0.254467648301578,0.254467648301578,0.254467648301578,0.254467648301578,0.254467648301578,0.254467648301578,0.254467648301578,0.254467648301578,0.254467648301578,0.254467648301578,0.254467648301578,0.254467648301578,0.254467648301578,0.254467648301578,0.254467648301578,0.254467648301578,0.254467648301578,0.254467648301578,1,1,1,1,1,1,1,1,1,1,1,1,1,1,1,1,1,1,1,1,1,1,1,1,1,1,1,1,1,1,1,1,1,1,1,1,1,1,1,1
-0.941461492787353,1.20207241765348,2.63815071862825,1.37091655629882,2.92786452389057,2.33289094780883,-0.984494448269642,2.64021732297033,-0.346719662509933,-0.962581953319731,0.391866465582304,-2.56144786666678,2.4288382188879,0.65942993996692,0.41640402659772,-0.847442115250477,-1.2046388529276,-0.0404650598401961,-1.4327421390959,0.0693406037320941,-0.484017661443161,-1.70242407898518,1.0534050542748,-0.969458111642966,-3.20387166247895,-2.56078829808198,0.134939867464331,-0.969283389534123,0.283019732907668,-2.81836495160725,0.220845777434249,-0.604018078557496,0.982134139621264,0.112506157112918,0.375910063111995,0.245072305790535,-0.646025877544172,-0.186253214017794,0.00460068177317297,1.16203929451446,-0.721474754709239,-0.700274065772373,-0.679073376835507,-0.657872687898641,-0.636671998961775,-0.615471310024909,-0.594270621088045,-0.573069932151176,-0.551869243214313,-0.530668554277446,-0.50946786534058,-0.488267176403713,-0.467066487466848,-0.445865798529981,-0.42466510959312,-0.403464420656251,-0.382263731719384,-0.36106304278252,-0.339862353845655,-0.318661664908788,-0.318661664908788,-0.318661664908788,-0.318661664908788,-0.318661664908788,-0.318661664908788,-0.318661664908788,-0.318661664908788,-0.318661664908788,-0.318661664908788,-0.318661664908788,-0.318661664908788,-0.318661664908788,-0.318661664908788,-0.318661664908788,-0.318661664908788,-0.318661664908788,-0.318661664908788,-0.318661664908788,-0.318661664908788,-0.318661664908788,18.285754319403,12.5929785946971,8.03696492065484,4.50595597179225,1.88819442262553,0.0719229476707683,-1.05461577855588,-1.60317908153831,-1.68552428676039,-1.41340871970597,-0.898589705858935,-0.25282457070319,0.412129360277428,0.984514761599039,1.35257430777776,1.40455067332974,1.02868653277103,0.113224560617862,-1.45359256861366,-3.78352218040747,-3.78352218040747,-3.78352218040747,-3.78352218040747,-3.78352218040747,-3.78352218040747,-3.78352218040747,-3.78352218040747,-3.78352218040747,-3.78352218040747,-3.78352218040747,-3.78352218040747,-3.78352218040747,-3.78352218040747,-3.78352218040747,-3.78352218040747,-3.78352218040747,-3.78352218040747,-3.78352218040747,-3.78352218040747,-3.78352218040747,-3.66754698255924,-3.34025734286156,-3.01296770316388,-2.6856780634662,-2.35838842376852,-2.03109878407084,-1.6932172232018,-1.29744445026901,-0.81657108594262,-0.267926600526302,0.288594189165497,0.753724868106719,1.02094675352196,1.02717469919063,0.772441098986448,0.307392387018766,-0.287539388238304,-0.935309838207614,-1.59398020458675,-2.25345065895701,-2.25345065895701,-2.25345065895701,-2.25345065895701,-2.25345065895701,-2.25345065895701,-2.25345065895701,-2.25345065895701,-2.25345065895701,-2.25345065895701,-2.25345065895701,-2.25345065895701,-2.25345065895701,-2.25345065895701,-2.25345065895701,-2.25345065895701,-2.25345065895701,-2.25345065895701,-2.25345065895701,-2.25345065895701,-2.25345065895701,1,1,1,1,1,1,1,1,1,1,1,1,1,1,1,1,1,1,1,1,1,1,1,1,1,1,1,1,1,1,1,1,1,1,1,1,1,1,1,1
-0.671689565816655,1.11266044612612,-0.281260758593297,-1.18110862923363,-0.833520890730368,0.897193619556106,0.981656422783929,2.45733001484818,1.39011990642535,2.30286092836126,0.941981937045513,0.447076307664164,-2.83362457404931,0.419720485478624,-1.78331374744436,0.542913917207706,-0.434153094668703,-1.51231912334564,0.80693700689439,1.83659315150397,-0.20172097166826,-0.193187389851092,-1.52313588289402,-3.15065704827193,-1.24171238328005,-0.96771651816948,1.58819460323211,1.22090819477408,0.233665572335431,1.68753436990644,-2.71884647356412,0.69592968792854,1.78044278318675,-0.299375320998688,1.72994745565183,-0.564703337064476,-0.0187741180767613,-1.22382507272164,-0.754934083771424,0.613413025842164,2.5820653339786,2.36873803954294,2.15541074510728,1.94208345067162,1.72875615623596,1.5154288618003,1.30210156736464,1.08877427292899,0.875446978493327,0.662119684057668,0.448792389622009,0.235465095186349,0.0221378007506914,-0.191189493684968,-0.404516788120628,-0.617844082556287,-0.831171376991946,-1.04449867142761,-1.25782596586326,-1.47115326029892,-1.47115326029892,-1.47115326029892,-1.47115326029892,-1.47115326029892,-1.47115326029892,-1.47115326029892,-1.47115326029892,-1.47115326029892,-1.47115326029892,-1.47115326029892,-1.47115326029892,-1.47115326029892,-1.47115326029892,-1.47115326029892,-1.47115326029892,-1.47115326029892,-1.47115326029892,-1.47115326029892,-1.47115326029892,-1.47115326029892,-3.09940986441581,-2.83733968891567,-2.45436959661156,-1.97872961353395,-1.43864976571331,-0.862360079180147,-0.278090579964902,0.285928705901913,0.801467752389838,1.24029653346839,1.57418502310709,1.77490319527546,1.81422102394303,1.6639084830793,1.2957355466538,0.681472188636077,-0.207111617004392,-1.39824589629806,-2.9201606752754,-4.80108597996688,-4.80108597996688,-4.80108597996688,-4.80108597996688,-4.80108597996688,-4.80108597996688,-4.80108597996688,-4.80108597996688,-4.80108597996688,-4.80108597996688,-4.80108597996688,-4.80108597996688,-4.80108597996688,-4.80108597996688,-4.80108597996688,-4.80108597996688,-4.80108597996688,-4.80108597996688,-4.80108597996688,-4.80108597996688,-4.80108597996688,-1.71366763548958,-1.34004282737731,-0.966418019265028,-0.592793211152751,-0.219168403040469,0.154456405071806,0.513920303571782,0.793421231052035,0.947043019036737,0.995668257400119,0.989879211452973,0.952826776856675,0.877216692578312,0.734182910325208,0.460569968645418,-0.00108245158686415,-0.623499130599852,-1.31206780414639,-2.0030380953776,-2.68932780733475,-2.68932780733475,-2.68932780733475,-2.68932780733475,-2.68932780733475,-2.68932780733475,-2.68932780733475,-2.68932780733475,-2.68932780733475,-2.68932780733475,-2.68932780733475,-2.68932780733475,-2.68932780733475,-2.68932780733475,-2.68932780733475,-2.68932780733475,-2.68932780733475,-2.68932780733475,-2.68932780733475,-2.68932780733475,-2.68932780733475,1,1,1,1,1,1,1,1,1,1,1,1,1,1,1,1,1,1,1,1,1,1,1,1,1,1,1,1,1,1,1,1,1,1,1,1,1,1,1,1
-0.362770460697284,-0.131945455374822,2.38186456968457,0.199411572334382,1.75889245455146,-0.115048540991998,1.95229198668553,-1.1134637900838,2.66263632444374,2.48936200933967,-1.37433048429429,-0.948135759487178,-1.3612901635072,-0.238289220894734,0.189084582692725,0.712801368678109,0.123569687729084,-0.537390728690552,0.524875522678274,-0.887569838932166,-0.506519197529629,-1.54261238849388,-0.491169785177679,1.76936630370139,-1.03453586452788,0.377644371546056,1.05596224815049,0.4913372697584,1.48988552724362,-0.930683086234589,1.5776088234962,0.105752103039025,-0.277968100392181,0.257512779240653,0.686835158024605,0.958834024388779,1.00081900809075,-0.19546981838911,1.78887430966645,-1.72762690173566,-0.335882005076852,-0.388754368663862,-0.441626732250873,-0.494499095837883,-0.547371459424894,-0.600243823011905,-0.653116186598915,-0.705988550185925,-0.758860913772937,-0.811733277359945,-0.864605640946955,-0.917478004533965,-0.970350368120977,-1.02322273170798,-1.076095095295,-1.12896745888201,-1.18183982246902,-1.23471218605603,-1.28758454964304,-1.34045691323005,-1.34045691323005,-1.34045691323005,-1.34045691323005,-1.34045691323005,-1.34045691323005,-1.34045691323005,-1.34045691323005,-1.34045691323005,-1.34045691323005,-1.34045691323005,-1.34045691323005,-1.34045691323005,-1.34045691323005,-1.34045691323005,-1.34045691323005,-1.34045691323005,-1.34045691323005,-1.34045691323005,-1.34045691323005,-1.34045691323005,-7.71973607179212,-5.29115229178903,-3.40384552102724,-2.00079982222548,-1.02499925810246,-0.419427891376911,-0.127069784767562,-0.0909090009931202,-0.253929602772319,-0.559115652823881,-0.949451213866537,-1.36792034861898,-1.75750711979998,-2.06119559012822,-2.22196982232244,-2.18281387910135,-1.8867118231837,-1.27664771728819,-0.295605624133541,1.11343039356149,1.11343039356149,1.11343039356149,1.11343039356149,1.11343039356149,1.11343039356149,1.11343039356149,1.11343039356149,1.11343039356149,1.11343039356149,1.11343039356149,1.11343039356149,1.11343039356149,1.11343039356149,1.11343039356149,1.11343039356149,1.11343039356149,1.11343039356149,1.11343039356149,1.11343039356149,1.11343039356149,0.685141552815996,0.514588957980592,0.344036363145189,0.173483768309785,0.00293117347437732,-0.167621421361027,-0.339470266978868,-0.519714537924644,-0.716123064698055,-0.920915933838003,-1.1089658167625,-1.25774680732109,-1.35789638207917,-1.40400184000542,-1.39129739217095,-1.32437131179697,-1.21794250349293,-1.08760639283997,-0.944698384753332,-0.796873422854599,-0.796873422854599,-0.796873422854599,-0.796873422854599,-0.796873422854599,-0.796873422854599,-0.796873422854599,-0.796873422854599,-0.796873422854599,-0.796873422854599,-0.796873422854599,-0.796873422854599,-0.796873422854599,-0.796873422854599,-0.796873422854599,-0.796873422854599,-0.796873422854599,-0.796873422854599,-0.796873422854599,-0.796873422854599,-0.796873422854599,1,1,1,1,1,1,1,1,1,1,1,1,1,1,1,1,1,1,1,1,1,1,1,1,1,1,1,1,1,1,1,1,1,1,1,1,1,1,1,1
2.952829115042,-1.24008239008788,-0.330027556746106,-1.17313378929362,0.558094561082513,1.42085456375533,0.425046543877623,-1.96421855429448,-1.59715109431821,0.398759808784249,1.82921467756615,-0.841749586851808,-1.57250183199909,-0.0527590920514598,1.48658962861343,0.509825765281334,-1.43459628252639,-2.22330401319456,0.905996840932412,-1.25122344985342,0.280505036405316,-1.07074801160117,-1.10742391876641,1.0148042912358,1.49773970071522,-1.03203498787872,0.598913572468149,0.0239210599344499,-2.69238839393404,-0.846099768140615,3.02128556969394,0.658864277064882,-1.88286182898964,1.9093064477753,0.487094114727736,-0.703794460145444,-2.51854712232099,0.397188834872468,0.0225126016118526,-2.15295275141164,1.99411715291156,1.91559992502575,1.83708269713993,1.7585654692541,1.68004824136829,1.60153101348247,1.52301378559665,1.44449655771083,1.36597932982501,1.28746210193919,1.20894487405337,1.13042764616755,1.05191041828173,0.973393190395914,0.894875962510095,0.816358734624275,0.737841506738455,0.659324278852635,0.580807050966817,0.502289823080998,0.502289823080998,0.502289823080998,0.502289823080998,0.502289823080998,0.502289823080998,0.502289823080998,0.502289823080998,0.502289823080998,0.502289823080998,0.502289823080998,0.502289823080998,0.502289823080998,0.502289823080998,0.502289823080998,0.502289823080998,0.502289823080998,0.502289823080998,0.502289823080998,0.502289823080998,0.502289823080998,-10.228754099281,-7.79409788603865,-5.66011918901639,-3.81194158830598,-2.23468866399922,-0.913483996187862,0.166548835036302,1.02028624958153,1.66260466735602,2.10838050826802,2.37249019222576,2.46981013913746,2.41521676891136,2.22358650145568,1.9097957566786,1.48872095448842,0.975238514793345,0.384224857501625,-0.269443597478576,-0.970890430238994,-0.970890430238994,-0.970890430238994,-0.970890430238994,-0.970890430238994,-0.970890430238994,-0.970890430238994,-0.970890430238994,-0.970890430238994,-0.970890430238994,-0.970890430238994,-0.970890430238994,-0.970890430238994,-0.970890430238994,-0.970890430238994,-0.970890430238994,-0.970890430238994,-0.970890430238994,-0.970890430238994,-0.970890430238994,-0.970890430238994,-2.7771072218638,-2.2241902269496,-1.6712732320354,-1.1183562371212,-0.565439242207001,-0.0125222472928019,0.535077490595061,1.04919794744846,1.49298728012886,1.84097058850068,2.07328698397172,2.16519787113724,2.10766218658708,1.91946535870566,1.61744529540542,1.20664231169884,0.716754928508092,0.206466198259385,-0.284873445894764,-0.758614198304764,-0.758614198304764,-0.758614198304764,-0.758614198304764,-0.758614198304764,-0.758614198304764,-0.758614198304764,-0.758614198304764,-0.758614198304764,-0.758614198304764,-0.758614198304764,-0.758614198304764,-0.758614198304764,-0.758614198304764,-0.758614198304764,-0.758614198304764,-0.758614198304764,-0.758614198304764,-0.758614198304764,-0.758614198304764,-0.758614198304764,1,1,1,1,1,1,1,1,1,1,1,1,1,1,1,1,1,1,1,1,1,1,1,1,1,1,1,1,1,1,1,1,1,1,1,1,1,1,1,1
1.95624128795086,-0.0994735915432718,-0.0745299264893617,0.626711427696242,-1.86307327627456,-2.88651506058376,1.84728527886434,-0.155660015071486,-0.915819409693924,-2.5551390077074,0.116885530529007,0.426951875439443,1.47472876926305,-2.7500594747542,-1.76406632717632,-0.355252769449695,-0.399901597579404,0.277568148966591,-1.43214825237327,1.26998706503918,-3.45173924020939,0.00636547469519932,0.0825711482284905,0.309711451621737,-0.14044923833027,-0.775895051003355,3.89335311451691,-1.00197056133898,1.97757270903228,0.253957213363387,-1.10804223052501,-0.825548621271855,1.81917991651886,2.14659138576467,-0.304209915428777,-0.207388490867885,-1.01737284741801,-0.21538956480047,-2.4628881654664,-0.0439792822260561,-0.467503093793175,-0.532760601013294,-0.598018108233413,-0.663275615453532,-0.728533122673648,-0.793790629893769,-0.859048137113886,-0.924305644334005,-0.989563151554123,-1.05482065877424,-1.12007816599436,-1.18533567321448,-1.2505931804346,-1.31585068765471,-1.38110819487483,-1.44636570209495,-1.51162320931507,-1.57688071653519,-1.64213822375531,-1.70739573097543,-1.70739573097543,-1.70739573097543,-1.70739573097543,-1.70739573097543,-1.70739573097543,-1.70739573097543,-1.70739573097543,-1.70739573097543,-1.70739573097543,-1.70739573097543,-1.70739573097543,-1.70739573097543,-1.70739573097543,-1.70739573097543,-1.70739573097543,-1.70739573097543,-1.70739573097543,-1.70739573097543,-1.70739573097543,-1.70739573097543,0.282385257099772,0.397536330579118,0.400951164077698,0.309657008295058,0.140681113930741,-0.0889492683157194,-0.362206887744772,-0.662064493656899,-0.971494835352546,-1.27347066213216,-1.5509647232962,-1.78694976814517,-1.96439854597948,-2.0662838060996,-2.07557829780601,-1.97525477039917,-1.74828597317951,-1.37764465544753,-0.846303566503668,-0.13723545564833,-0.13723545564833,-0.13723545564833,-0.13723545564833,-0.13723545564833,-0.13723545564833,-0.13723545564833,-0.13723545564833,-0.13723545564833,-0.13723545564833,-0.13723545564833,-0.13723545564833,-0.13723545564833,-0.13723545564833,-0.13723545564833,-0.13723545564833,-0.13723545564833,-0.13723545564833,-0.13723545564833,-0.13723545564833,-0.13723545564833,0.186896572429861,0.0353403135648005,-0.116215945300253,-0.267772204165309,-0.419328463030372,-0.570884721895425,-0.721458754206328,-0.866419061773744,-1.00173628532397,-1.12562966264559,-1.23700013601545,-1.33355389514556,-1.41080663809033,-1.46436682143271,-1.49450303249477,-1.50674244304971,-1.5081355842711,-1.50543557821943,-1.50454388180191,-1.50713803796217,-1.50713803796217,-1.50713803796217,-1.50713803796217,-1.50713803796217,-1.50713803796217,-1.50713803796217,-1.50713803796217,-1.50713803796217,-1.50713803796217,-1.50713803796217,-1.50713803796217,-1.50713803796217,-1.50713803796217,-1.50713803796217,-1.50713803796217,-1.50713803796217,-1.50713803796217,-1.50713803796217,-1.50713803796217,-1.50713803796217,1,1,1,1,1,1,1,1,1,1,1,1,1,1,0,0,1,1,1,1,1,1,1,1,1,1,1,1,1,1,1,1,1,1,1,1,1,1,1,1
1.60390891624164,-0.659750639999803,0.315901580483374,2.01966905594775,-1.11336028872109,0.975771499799633,-1.16796659256843,-0.50347598971843,-0.696282400229487,3.53922375941739,2.56237080308728,-1.10638593570608,-1.1643773864991,-2.42078741716534,-0.706487721733691,1.20174453867429,0.126221035788531,-1.25201204213193,-1.06519350018856,-0.0944786808984102,-1.20903324834981,2.19579473842657,3.2513085080974,0.10498524628434,0.126897684997754,-0.373571403424263,-1.45362433318468,-2.7175813059466,1.09092862178547,-0.633265504749438,-3.31905898880603,-1.10336114563257,-2.41160936111707,1.18122000135501,-0.458690479101932,0.250973257266329,1.59270824939715,-1.33505483540146,2.1801279815377,0.800487671715022,1.59002844202337,1.47427803672609,1.35852763142881,1.24277722613153,1.12702682083425,1.01127641553697,0.895526010239692,0.779775604942412,0.664025199645135,0.548274794347856,0.432524389050576,0.316773983753295,0.201023578456018,0.0852731731587415,-0.0304772321385371,-0.146227637435818,-0.261978042733096,-0.377728448030375,-0.493478853327654,-0.609229258624934,-0.609229258624934,-0.609229258624934,-0.609229258624934,-0.609229258624934,-0.609229258624934,-0.609229258624934,-0.609229258624934,-0.609229258624934,-0.609229258624934,-0.609229258624934,-0.609229258624934,-0.609229258624934,-0.609229258624934,-0.609229258624934,-0.609229258624934,-0.609229258624934,-0.609229258624934,-0.609229258624934,-0.609229258624934,-0.609229258624934,4.622914403847,3.28907915446927,2.23738924627827,1.4381099877393,0.861506687317701,0.477844653478776,0.257389194687858,0.170405619410255,0.187159236111306,0.277915353256306,0.412939279310592,0.562496322739497,0.696851792008326,0.786270995582392,0.801019241927021,0.711361839507571,0.487564096789299,0.0998913222375855,-0.481391175682326,-1.28601808850502,-1.28601808850502,-1.28601808850502,-1.28601808850502,-1.28601808850502,-1.28601808850502,-1.28601808850502,-1.28601808850502,-1.28601808850502,-1.28601808850502,-1.28601808850502,-1.28601808850502,-1.28601808850502,-1.28601808850502,-1.28601808850502,-1.28601808850502,-1.28601808850502,-1.28601808850502,-1.28601808850502,-1.28601808850502,-1.28601808850502,-0.564320121590483,-0.432436322114611,-0.300552522638745,-0.168668723162873,-0.0367849236870104,0.0950988757888602,0.241416846367942,0.452338497464434,0.68783265981032,0.827852100037964,0.792600075487957,0.623395478054432,0.4666667851059,0.446933223095392,0.523470053265646,0.522774826142285,0.323207205533704,-0.0631451360928423,-0.569091722029597,-1.13289841695658,-1.13289841695658,-1.13289841695658,-1.13289841695658,-1.13289841695658,-1.13289841695658,-1.13289841695658,-1.13289841695658,-1.13289841695658,-1.13289841695658,-1.13289841695658,-1.13289841695658,-1.13289841695658,-1.13289841695658,-1.13289841695658,-1.13289841695658,-1.13289841695658,-1.13289841695658,-1.13289841695658,-1.13289841695658,-1.13289841695658,1,1,1,1,1,1,1,1,1,1,1,1,1,1,1,1,1,1,1,1,1,1,1,1,1,1,1,1,1,1,1,1,1,1,1,1,1,1,1,1
1.75923387248525,-0.474657788990122,1.58354999976,0.533663438388033,1.52653780716332,1.70239335225443,-1.44341170022922,-2.09012541608544,0.726224986261323,1.9709977103314,0.450195767136796,1.95733398288429,-2.41315895879584,0.617077868634615,2.47965971028936,0.037475374122522,0.230183995169776,-1.22644995030653,-1.57849726341059,-1.24780349699901,-1.43378274176849,-0.0990810170585519,4.03215776401717,0.0887256575261475,-2.25376833186027,1.03764389573812,-2.07748579189156,-1.14938376351944,2.26134739440062,1.53158962585827,0.711215025662613,0.617018947975232,-0.623458746274109,-1.39974298107479,-0.025091576835937,0.599454346913046,-0.67690002495746,0.825074973762847,-1.37509750379997,0.89065351082575,1.61518804461692,1.33602222225046,1.056856399884,0.777690577517544,0.498524755151084,0.219358932784623,-0.0598068895818358,-0.338972711948296,-0.618138534314756,-0.897304356681216,-1.17647017904768,-1.45563600141414,-1.7348018237806,-2.01396764614706,-2.29313346851352,-2.57229929087998,-2.85146511324644,-3.1306309356129,-3.40979675797936,-3.68896258034582,-3.68896258034582,-3.68896258034582,-3.68896258034582,-3.68896258034582,-3.68896258034582,-3.68896258034582,-3.68896258034582,-3.68896258034582,-3.68896258034582,-3.68896258034582,-3.68896258034582,-3.68896258034582,-3.68896258034582,-3.68896258034582,-3.68896258034582,-3.68896258034582,-3.68896258034582,-3.68896258034582,-3.68896258034582,-3.68896258034582,21.1501222371214,14.6656062434424,9.46090261044263,5.40804099676944,2.37905106107014,0.245962461992029,-1.11919514181758,-1.84439209171141,-2.05759872904214,-1.88678539516247,-1.45992243142509,-0.904980179182687,-0.349928979787972,0.0772608254063876,0.248618895047677,0.0361748877831722,-0.68804153773978,-2.05200072287391,-4.18367300897187,-7.21102873738641,-7.21102873738641,-7.21102873738641,-7.21102873738641,-7.21102873738641,-7.21102873738641,-7.21102873738641,-7.21102873738641,-7.21102873738641,-7.21102873738641,-7.21102873738641,-7.21102873738641,-7.21102873738641,-7.21102873738641,-7.21102873738641,-7.21102873738641,-7.21102873738641,-7.21102873738641,-7.21102873738641,-7.21102873738641,-7.21102873738641,-0.777152180156698,-0.768299441872944,-0.75944670358916,-0.75059396530539,-0.741741227021623,-0.732888488737848,-0.731181086164876,-0.760771797139442,-0.804425426576524,-0.834806347936924,-0.866031708669972,-0.922381539083503,-0.999415674273896,-1.10694761395076,-1.31388427789647,-1.70049743318586,-2.29296340523648,-3.07603168883797,-4.02296587389817,-5.07223772000663,-5.07223772000663,-5.07223772000663,-5.07223772000663,-5.07223772000663,-5.07223772000663,-5.07223772000663,-5.07223772000663,-5.07223772000663,-5.07223772000663,-5.07223772000663,-5.07223772000663,-5.07223772000663,-5.07223772000663,-5.07223772000663,-5.07223772000663,-5.07223772000663,-5.07223772000663,-5.07223772000663,-5.07223772000663,-5.07223772000663,1,1,1,1,1,1,1,1,1,1,1,1,1,1,1,1,1,1,1,0,0,0,0,0,0,0,0,0,0,0,0,0,0,0,0,0,0,0,0,0
1.54191134242485,-0.600958007845094,1.09006781491527,1.55732698006573,0.534551637262064,-1.26213358918019,1.32805775830989,-1.25745996297278,0.64013555967029,0.0745964232496696,-0.12883363620657,-0.194477317862527,-2.26996584598589,-2.83259124955984,0.895392908946697,2.24764795507731,2.84128437399543,1.51729617469795,0.621663576393175,-1.00073097680399,1.00994052807869,-0.478940432975493,1.21517638982432,0.299832054018864,-1.32516490530304,0.287221695763275,-1.28303742398022,1.70402728978953,-0.0492347354744744,1.54219300767023,0.526323319763453,0.604433834373365,0.55353445589455,0.0978636567670481,-0.24343159169501,-0.752813668757399,0.42357874644148,-2.24759255825716,-0.348751566193439,2.10302616283486,-2.47843550752383,-2.23558096648127,-1.99272642543871,-1.74987188439615,-1.50701734335359,-1.26416280231103,-1.02130826126847,-0.778453720225914,-0.535599179183354,-0.292744638140796,-0.0498900970982366,0.192964443944327,0.435818984986881,0.678673526029444,0.921528067072003,1.16438260811456,1.40723714915712,1.65009169019968,1.89294623124224,2.1358007722848,2.1358007722848,2.1358007722848,2.1358007722848,2.1358007722848,2.1358007722848,2.1358007722848,2.1358007722848,2.1358007722848,2.1358007722848,2.1358007722848,2.1358007722848,2.1358007722848,2.1358007722848,2.1358007722848,2.1358007722848,2.1358007722848,2.1358007722848,2.1358007722848,2.1358007722848,2.1358007722848,35.7230758574438,26.3512595408408,18.5564779550576,12.2098005594128,7.18229681322486,3.34503617581225,0.569088106493484,-1.27447793541291,-2.31459249058846,-2.68018609971464,-2.50018930347299,-1.90353264254497,-1.0191466576121,0.0240381106441241,1.09709112154222,2.07108183440067,2.81707970853797,3.20615420327263,3.10937477792317,2.39781089180802,2.39781089180802,2.39781089180802,2.39781089180802,2.39781089180802,2.39781089180802,2.39781089180802,2.39781089180802,2.39781089180802,2.39781089180802,2.39781089180802,2.39781089180802,2.39781089180802,2.39781089180802,2.39781089180802,2.39781089180802,2.39781089180802,2.39781089180802,2.39781089180802,2.39781089180802,2.39781089180802,3.37794399613772,2.76432530156756,2.15070660699762,1.53708791242761,0.92346921785748,0.309850523287477,-0.250684647657685,-0.558884706571722,-0.65709894332238,-0.757518431749221,-1.02408521110127,-1.4785923308774,-1.74701033936227,-1.14739316444823,0.499496522267401,2.45806434318958,3.75303346295055,3.85228369244753,2.71878820550193,0.792121485980243,0.792121485980243,0.792121485980243,0.792121485980243,0.792121485980243,0.792121485980243,0.792121485980243,0.792121485980243,0.792121485980243,0.792121485980243,0.792121485980243,0.792121485980243,0.792121485980243,0.792121485980243,0.792121485980243,0.792121485980243,0.792121485980243,0.792121485980243,0.792121485980243,0.792121485980243,0.792121485980243,1,1,1,1,1,1,1,1,1,1,1,1,1,1,1,1,1,0,1,1,1,1,1,1,1,1,1,1,1,1,1,1,1,1,1,1,1,1,1,1
0.674001942244558,1.87810056737252,-2.12352732143845,2.06951970877553,0.0111959198710512,1.45752741151117,-0.841674373224455,1.11473665165794,0.473823841785167,-1.56717047634153,-1.63052794206719,1.40536286089051,0.202851951440186,1.92989567081423,-0.667885497829811,1.35784590813101,-0.854038286266482,0.685329324996024,0.342568209863151,1.01304783119225,-1.68472134210889,-0.888540400910161,2.61109840351729,2.39615740140037,0.0296061385432864,0.892685989932652,0.252099255513455,1.02428478814111,2.76514437730171,0.887297123575827,1.62056277960346,-0.559299907914273,-2.13584830568908,0.396362937054052,-0.314815344763147,-2.8862568201028,0.00734233755154179,-0.715795356078431,1.82487587776163,0.74175557000431,1.91554126471797,1.74589673929301,1.57625221386804,1.40660768844307,1.23696316301811,1.06731863759314,0.897674112168175,0.728029586743212,0.558385061318248,0.38874053589328,0.219096010468315,0.049451485043349,-0.120193040381618,-0.289837565806581,-0.45948209123155,-0.629126616656515,-0.798771142081481,-0.968415667506445,-1.13806019293141,-1.30770471835638,-1.30770471835638,-1.30770471835638,-1.30770471835638,-1.30770471835638,-1.30770471835638,-1.30770471835638,-1.30770471835638,-1.30770471835638,-1.30770471835638,-1.30770471835638,-1.30770471835638,-1.30770471835638,-1.30770471835638,-1.30770471835638,-1.30770471835638,-1.30770471835638,-1.30770471835638,-1.30770471835638,-1.30770471835638,-1.30770471835638,1.23578675232826,1.22230398242269,1.18777440713333,1.1333731031747,1.06027514726136,0.969655616107847,0.862689586428699,0.740552134938456,0.604418338351662,0.455463273382867,0.294862016746597,0.123789645157409,-0.056578764670169,-0.245068136021585,-0.440503392182306,-0.641709456437781,-0.847511252073474,-1.05673370237485,-1.26820173062735,-1.48074026011644,-1.48074026011644,-1.48074026011644,-1.48074026011644,-1.48074026011644,-1.48074026011644,-1.48074026011644,-1.48074026011644,-1.48074026011644,-1.48074026011644,-1.48074026011644,-1.48074026011644,-1.48074026011644,-1.48074026011644,-1.48074026011644,-1.48074026011644,-1.48074026011644,-1.48074026011644,-1.48074026011644,-1.48074026011644,-1.48074026011644,4.82372342115776,4.26700436765858,3.7102853141594,3.15356626066022,2.59684720716104,2.04012815366186,1.48600225334026,0.949130623025065,0.453342932960153,0.0229886122466016,-0.320500723737117,-0.566741423239181,-0.731960155922049,-0.845299916166212,-0.908442345476011,-0.897697970076777,-0.811681169902123,-0.681231935938696,-0.532553137688959,-0.375269815157008,-0.375269815157008,-0.375269815157008,-0.375269815157008,-0.375269815157008,-0.375269815157008,-0.375269815157008,-0.375269815157008,-0.375269815157008,-0.375269815157008,-0.375269815157008,-0.375269815157008,-0.375269815157008,-0.375269815157008,-0.375269815157008,-0.375269815157008,-0.375269815157008,-0.375269815157008,-0.375269815157008,-0.375269815157008,-0.375269815157008,1,1,1,1,1,1,1,1,1,1,1,1,1,1,1,1,1,1,1,1,1,1,1,1,1,1,1,1,1,1,1,1,1,1,1,1,1,1,1,1
-0.383122525673184,0.448584545809055,-1.03692425457686,-1.00449490608424,-1.80470381136237,-1.75503846046643,-0.944907954663972,0.954972621084018,-0.660459247776304,-1.34933819837983,2.56317921610653,-0.558356645180631,0.731645454934901,-0.0950824271774735,0.390050420109489,0.630233615109272,-1.47280655193491,-1.07901804984424,3.62627375310295,1.42202775198394,0.611491782838188,-2.05030814440324,0.580816262921235,-1.81763612320494,2.01429321158573,-1.17816626089688,-0.16966202238493,1.28634431341917,-1.09388359164212,-0.135951671751117,0.548308494734867,0.0394030650418564,-1.36552649399161,-2.51052332248329,0.897301105600844,-1.24912403950592,-0.170397287376939,0.823009130117779,-1.17963373678838,0.863977929120875,-3.9857705824164,-3.75596944638579,-3.52616831035518,-3.29636717432457,-3.06656603829396,-2.83676490226335,-2.60696376623274,-2.37716263020214,-2.14736149417153,-1.91756035814092,-1.68775922211031,-1.4579580860797,-1.22815695004909,-0.998355814018479,-0.76855467798787,-0.538753541957263,-0.308952405926654,-0.0791512698960464,0.150649866134565,0.380451002165172,0.380451002165172,0.380451002165172,0.380451002165172,0.380451002165172,0.380451002165172,0.380451002165172,0.380451002165172,0.380451002165172,0.380451002165172,0.380451002165172,0.380451002165172,0.380451002165172,0.380451002165172,0.380451002165172,0.380451002165172,0.380451002165172,0.380451002165172,0.380451002165172,0.380451002165172,0.380451002165172,-22.0134755905213,-16.9204804897108,-12.7001676171596,-9.27381037850598,-6.56268217938824,-4.48805642544458,-2.97120652231326,-1.93340587563253,-1.29592789104064,-0.980045974175844,-0.907033530676383,-0.998163966180515,-1.17471068632648,-1.35794709675255,-1.46914660309693,-1.42958261099792,-1.16052852609374,-0.583257754022624,0.380956299577143,1.81084022906732,1.81084022906732,1.81084022906732,1.81084022906732,1.81084022906732,1.81084022906732,1.81084022906732,1.81084022906732,1.81084022906732,1.81084022906732,1.81084022906732,1.81084022906732,1.81084022906732,1.81084022906732,1.81084022906732,1.81084022906732,1.81084022906732,1.81084022906732,1.81084022906732,1.81084022906732,1.81084022906732,-6.01227248016271,-5.51131590481615,-5.01035932946959,-4.50940275412302,-4.00844617877646,-3.50748960342989,-3.01154095341819,-2.54906531347723,-2.16441016980566,-1.88449850489377,-1.68763520211312,-1.5141483311922,-1.31360524726989,-1.07696346450038,-0.822026691067729,-0.560599565732339,-0.29326147078312,-0.028672000836492,0.215637796340427,0.438209408207815,0.438209408207815,0.438209408207815,0.438209408207815,0.438209408207815,0.438209408207815,0.438209408207815,0.438209408207815,0.438209408207815,0.438209408207815,0.438209408207815,0.438209408207815,0.438209408207815,0.438209408207815,0.438209408207815,0.438209408207815,0.438209408207815,0.438209408207815,0.438209408207815,0.438209408207815,0.438209408207815,1,1,1,1,1,1,1,1,1,1,1,1,1,1,1,1,1,1,1,1,1,1,1,1,1,1,1,1,1,1,1,1,1,1,1,1,1,1,1,1
-1.04509531802341,-1.1549492871087,0.621162773445648,0.747797736330224,0.359047779333319,0.562138112698711,-0.0442151061576368,0.805361836288141,0.465231707446208,-0.942135181003419,0.267090087747947,0.88143040831361,0.361353552818397,-1.9894492018061,-0.0647154808267807,3.89867119336052,1.24668226052449,0.957097200115621,-1.95972113240024,1.49858318713932,0.20866735727243,-2.22767401405838,0.264375013125658,-0.502257185702971,0.6137104617868,1.19389917799961,-2.33082722843595,-0.295029170809041,2.13889032743188,-0.217105937797864,-1.02864676480271,1.17106876072051,1.96529753177242,0.845653087083333,0.926733001227696,-1.9496522910498,-0.862698474228146,-1.55988747536525,-0.412510269706223,-0.609325191204636,2.3126602138098,2.08581401301856,1.85896781222731,1.63212161143607,1.40527541064482,1.17842920985358,0.951583009062332,0.724736808271087,0.497890607479841,0.271044406688597,0.0441982058973505,-0.182647994893893,-0.409494195685138,-0.636340396476385,-0.863186597267628,-1.09003279805887,-1.31687899885011,-1.54372519964136,-1.77057140043261,-1.99741760122385,-1.99741760122385,-1.99741760122385,-1.99741760122385,-1.99741760122385,-1.99741760122385,-1.99741760122385,-1.99741760122385,-1.99741760122385,-1.99741760122385,-1.99741760122385,-1.99741760122385,-1.99741760122385,-1.99741760122385,-1.99741760122385,-1.99741760122385,-1.99741760122385,-1.99741760122385,-1.99741760122385,-1.99741760122385,-1.99741760122385,36.198595574832,26.8182462811991,19.0616859019869,12.7860188088412,7.84834937340817,4.10578196733382,1.41542096226418,-0.365629270154714,-1.38026435827683,-1.77137993045614,-1.68187161504661,-1.25463504040218,-0.632565834876832,0.0414403731754529,0.624487955400696,0.973681283444987,0.94612472895434,0.398922663574718,-0.810820541047699,-2.82600051326703,-2.82600051326703,-2.82600051326703,-2.82600051326703,-2.82600051326703,-2.82600051326703,-2.82600051326703,-2.82600051326703,-2.82600051326703,-2.82600051326703,-2.82600051326703,-2.82600051326703,-2.82600051326703,-2.82600051326703,-2.82600051326703,-2.82600051326703,-2.82600051326703,-2.82600051326703,-2.82600051326703,-2.82600051326703,-2.82600051326703,8.40483686003752,7.31866172924671,6.23248659845589,5.14631146766506,4.06013633687424,2.97396120608342,1.88413325817267,0.783590474461076,-0.275136338336848,-1.14978840224796,-1.67737964317712,-1.77645579063642,-1.46845593743151,-0.850007553034787,-0.117431717912934,0.427469769819702,0.528937764237865,0.174129560963177,-0.429957641153131,-1.0891900634768,-1.0891900634768,-1.0891900634768,-1.0891900634768,-1.0891900634768,-1.0891900634768,-1.0891900634768,-1.0891900634768,-1.0891900634768,-1.0891900634768,-1.0891900634768,-1.0891900634768,-1.0891900634768,-1.0891900634768,-1.0891900634768,-1.0891900634768,-1.0891900634768,-1.0891900634768,-1.0891900634768,-1.0891900634768,-1.0891900634768,1,1,1,1,1,1,1,1,1,1,1,1,1,1,1,1,1,1,1,1,1,1,1,1,1,1,1,1,1,1,1,1,1,1,1,1,1,1,1,1
-1.38164256389355,-3.06957137303054,0.239394174241033,0.461944583651598,1.86791292776832,-0.833237674935742,2.73721669031197,1.98428181031605,0.573060111833025,0.511816527219219,-0.152224278462867,-0.0295431492462104,1.84082789113346,-0.32558804996553,-1.12801309630272,-1.02556910599381,0.673024329086264,-0.626542794173368,-1.08818218560939,2.04032497567001,-0.946379080924897,0.536773835559465,2.8146476127369,5.65640187142078,0.869037221872686,-0.151701930827203,1.03150789803899,1.99087580864174,-0.00425054023846094,-0.85002460637916,-1.54251257027877,0.00935012958971271,1.33725881005587,-1.19210882390504,-1.40284576394751,1.2508659590005,-2.7312198448487,-1.24777549001948,-0.0696246546537918,0.327211073258399,1.94813130797025,1.81962789769263,1.69112448741502,1.5626210771374,1.43411766685978,1.30561425658217,1.17711084630455,1.04860743602694,0.920104025749323,0.791600615471706,0.663097205194092,0.534593794916475,0.40609038463886,0.277586974361244,0.149083564083631,0.020580153806014,-0.107923256471601,-0.236426666749217,-0.364930077026832,-0.493433487304447,-0.493433487304447,-0.493433487304447,-0.493433487304447,-0.493433487304447,-0.493433487304447,-0.493433487304447,-0.493433487304447,-0.493433487304447,-0.493433487304447,-0.493433487304447,-0.493433487304447,-0.493433487304447,-0.493433487304447,-0.493433487304447,-0.493433487304447,-0.493433487304447,-0.493433487304447,-0.493433487304447,-0.493433487304447,-0.493433487304447,-1.99826232466314,-0.0756673649458186,1.2756531254582,2.12509193015945,2.54204183276846,2.59589561689579,2.35604606615195,1.89188596414749,1.27280809449296,0.568205240798893,-0.152529813324179,-0.820004284265709,-1.36482538841517,-1.71760034216202,-1.80893636189571,-1.56944066400574,-0.929720464881507,0.17961701908748,1.82796457151176,4.08471497600191,4.08471497600191,4.08471497600191,4.08471497600191,4.08471497600191,4.08471497600191,4.08471497600191,4.08471497600191,4.08471497600191,4.08471497600191,4.08471497600191,4.08471497600191,4.08471497600191,4.08471497600191,4.08471497600191,4.08471497600191,4.08471497600191,4.08471497600191,4.08471497600191,4.08471497600191,4.08471497600191,3.49848812860792,3.19824755234942,2.89800697609088,2.59776639983235,2.29752582357382,1.99728524731529,1.70533748209071,1.454217615914,1.22765194760255,0.917354097778821,0.439483931223966,-0.12813183600915,-0.631421726788592,-0.989534442381499,-1.15418514723005,-1.04990882721333,-0.657202200097091,-0.0336875652769084,0.771705455456383,1.69971609866052,1.69971609866052,1.69971609866052,1.69971609866052,1.69971609866052,1.69971609866052,1.69971609866052,1.69971609866052,1.69971609866052,1.69971609866052,1.69971609866052,1.69971609866052,1.69971609866052,1.69971609866052,1.69971609866052,1.69971609866052,1.69971609866052,1.69971609866052,1.69971609866052,1.69971609866052,1.69971609866052,1,1,1,1,1,1,1,1,1,1,1,1,1,1,1,1,1,1,1,1,1,1,1,1,1,1,1,1,1,1,1,1,1,1,1,1,1,1,1,1
-0.664478683980599,0.0404564027685197,-0.0974094922054309,-0.574276514589824,-1.09520307956249,2.11069243750358,-0.929444820821509,-0.243990139256242,-0.679562505495767,-1.34583152275133,-1.20165065022967,-0.432457609619926,-0.267112034383459,-0.587600669640624,0.104849362804716,0.352246348645124,-0.354962660208242,0.86035925019632,-0.272968582480781,-0.525126448316211,-0.488300995056667,-0.723548051001915,-0.860348941817451,-0.385513754525448,0.174475109058719,-0.294129608887481,2.65313132351393,1.67337996573215,-0.435214332269906,1.12919335955405,-1.42248426434577,-1.42910937158816,0.293979225925108,2.2559960280507,-0.875544344486986,1.90191212383272,-2.30304856639439,-0.0740379209555311,-2.95427697532668,-2.9335432774663,-0.0454352860861924,-0.20879107331695,-0.372146860547707,-0.535502647778463,-0.698858435009221,-0.862214222239978,-1.02557000947074,-1.18892579670149,-1.35228158393225,-1.51563737116301,-1.67899315839377,-1.84234894562452,-2.00570473285528,-2.16906052008603,-2.33241630731679,-2.49577209454755,-2.65912788177831,-2.82248366900906,-2.98583945623982,-3.14919524347058,-3.14919524347058,-3.14919524347058,-3.14919524347058,-3.14919524347058,-3.14919524347058,-3.14919524347058,-3.14919524347058,-3.14919524347058,-3.14919524347058,-3.14919524347058,-3.14919524347058,-3.14919524347058,-3.14919524347058,-3.14919524347058,-3.14919524347058,-3.14919524347058,-3.14919524347058,-3.14919524347058,-3.14919524347058,-3.14919524347058,7.60298146865035,6.29628537723171,5.01124771425628,3.76172428859663,2.56157090912534,1.42464338471497,0.364797524238103,-0.604110863432698,-1.46822596942485,-2.21369198486579,-2.82665310088294,-3.29325350860374,-3.5996373991556,-3.73194896366597,-3.67633239326224,-3.41893187907188,-2.94589161222232,-2.24335578384094,-1.29746858505519,-0.09437420699253,-0.09437420699253,-0.09437420699253,-0.09437420699253,-0.09437420699253,-0.09437420699253,-0.09437420699253,-0.09437420699253,-0.09437420699253,-0.09437420699253,-0.09437420699253,-0.09437420699253,-0.09437420699253,-0.09437420699253,-0.09437420699253,-0.09437420699253,-0.09437420699253,-0.09437420699253,-0.09437420699253,-0.09437420699253,-0.09437420699253,2.49220506692362,2.00088190309627,1.50955873926892,1.01823557544157,0.526912411614216,0.0355892477868656,-0.45535007876825,-0.941098698357262,-1.40430244091401,-1.82303692574845,-2.17750980811762,-2.44931682872489,-2.63172147806412,-2.73723828631763,-2.78067547534107,-2.76473593613519,-2.69153468831245,-2.57222523054111,-2.42026022704354,-2.25008439979528,-2.25008439979528,-2.25008439979528,-2.25008439979528,-2.25008439979528,-2.25008439979528,-2.25008439979528,-2.25008439979528,-2.25008439979528,-2.25008439979528,-2.25008439979528,-2.25008439979528,-2.25008439979528,-2.25008439979528,-2.25008439979528,-2.25008439979528,-2.25008439979528,-2.25008439979528,-2.25008439979528,-2.25008439979528,-2.25008439979528,1,1,1,1,1,1,1,1,1,1,0,0,1,1,0,0,1,1,1,1,1,1,1,1,1,1,1,1,1,1,1,1,1,1,1,1,1,1,1,1
-0.326719183117207,1.97499569220958,-0.760929027929452,-2.23318867652772,5.33127266190598,-2.80806790105041,0.0247288445588589,-0.5776587642675,-0.623477639072879,-0.0212359558888107,3.52952094796345,0.784846690149045,0.672245989408943,0.813895896367066,-0.0189863983380825,-0.685949887560731,-0.853577769003953,1.18164335501009,-1.41561023270666,1.115609600354,-1.32131810503267,-1.08086438302952,0.514768166731356,-1.89095466698997,1.76871873119969,2.31531570475233,-0.759653732158331,0.187609435904237,0.0648179759360659,-0.295248732182381,-2.06494869035785,-0.547756304185627,0.0864713227458793,1.10199074215166,-0.422439471966047,-2.75164525749385,-0.81858919861615,-1.10347113286964,0.189212824774145,0.489387426772243,-0.870573787443664,-0.865439561160311,-0.860305334876958,-0.855171108593604,-0.850036882310251,-0.844902656026896,-0.839768429743543,-0.83463420346019,-0.829499977176836,-0.824365750893483,-0.81923152461013,-0.814097298326775,-0.808963072043424,-0.803828845760069,-0.798694619476715,-0.793560393193363,-0.788426166910011,-0.783291940626656,-0.778157714343301,-0.773023488059948,-0.773023488059948,-0.773023488059948,-0.773023488059948,-0.773023488059948,-0.773023488059948,-0.773023488059948,-0.773023488059948,-0.773023488059948,-0.773023488059948,-0.773023488059948,-0.773023488059948,-0.773023488059948,-0.773023488059948,-0.773023488059948,-0.773023488059948,-0.773023488059948,-0.773023488059948,-0.773023488059948,-0.773023488059948,-0.773023488059948,3.17986163607373,0.92901539198498,-0.691237747016142,-1.75672703540949,-2.34328172767493,-2.52673107829233,-2.38290434174153,-1.98763077250239,-1.41673962505479,-0.746060153878581,-0.0514216134536056,0.591346741740256,1.10641565722315,1.41795587851521,1.4501381511366,1.12713322060744,0.373111832447879,-0.887755267821962,-2.7312973346819,-5.23334362261184,-5.23334362261184,-5.23334362261184,-5.23334362261184,-5.23334362261184,-5.23334362261184,-5.23334362261184,-5.23334362261184,-5.23334362261184,-5.23334362261184,-5.23334362261184,-5.23334362261184,-5.23334362261184,-5.23334362261184,-5.23334362261184,-5.23334362261184,-5.23334362261184,-5.23334362261184,-5.23334362261184,-5.23334362261184,-5.23334362261184,-6.24980119277873,-5.54712135165358,-4.84444151052842,-4.14176166940328,-3.43908182827812,-2.73640198715296,-2.04171376316613,-1.39137908475328,-0.813103293845662,-0.32086903732211,0.0796088302793336,0.384732652416028,0.563840959994769,0.567931554227197,0.388455785094719,0.0468067313850593,-0.476030488643186,-1.21017724882818,-2.10721230020295,-3.06884451804988,-3.06884451804988,-3.06884451804988,-3.06884451804988,-3.06884451804988,-3.06884451804988,-3.06884451804988,-3.06884451804988,-3.06884451804988,-3.06884451804988,-3.06884451804988,-3.06884451804988,-3.06884451804988,-3.06884451804988,-3.06884451804988,-3.06884451804988,-3.06884451804988,-3.06884451804988,-3.06884451804988,-3.06884451804988,-3.06884451804988,1,1,1,1,1,1,1,1,1,1,1,1,1,1,1,1,1,1,1,1,1,1,1,1,1,1,1,1,1,1,1,1,1,1,1,1,1,1,1,1
1.774081316513,-1.03597871431556,2.92586469778188,1.36378617132238,1.30259053355723,-0.145484067095762,0.261060003048837,-0.496600882269245,-1.73443047163371,2.7363191068746,0.515838222888545,-0.980037881771205,0.451276484821815,-0.296353547864035,-2.92465636627691,-0.401586517046633,-0.355333602282887,0.366895484277755,3.33811681178191,-0.114134345343594,-1.14620914440144,0.099758874106481,-0.642815920815993,0.299760759694573,-1.90243887818879,1.20007190749994,0.958233766771581,0.144587933983207,-3.43266981491047,-0.160126846635743,-0.228566881218674,-0.111351474170222,3.10573749429891,1.63762258871133,0.306300711908062,1.28199755536484,0.645475058445053,0.278417563985977,1.22238985113836,0.999416593739776,1.46689755284158,1.46718815807919,1.46747876331679,1.46776936855439,1.46805997379199,1.46835057902959,1.46864118426719,1.46893178950479,1.4692223947424,1.46951299998,1.4698036052176,1.4700942104552,1.4703848156928,1.4706754209304,1.47096602616801,1.47125663140561,1.47154723664321,1.47183784188081,1.47212844711841,1.47241905235602,1.47241905235602,1.47241905235602,1.47241905235602,1.47241905235602,1.47241905235602,1.47241905235602,1.47241905235602,1.47241905235602,1.47241905235602,1.47241905235602,1.47241905235602,1.47241905235602,1.47241905235602,1.47241905235602,1.47241905235602,1.47241905235602,1.47241905235602,1.47241905235602,1.47241905235602,1.47241905235602,-15.1254337697027,-10.6248393789861,-6.94302160736052,-4.00460359864298,-1.73420849665051,-0.0564594452000922,1.10402041189126,1.82260793080655,2.17467996772876,2.23561337884092,2.08078502032599,1.785571748367,1.42535041914692,1.07549788884877,0.811391013655527,0.708406649750215,0.841921653315806,1.28731288053532,2.11995718759173,3.41523143066805,3.41523143066805,3.41523143066805,3.41523143066805,3.41523143066805,3.41523143066805,3.41523143066805,3.41523143066805,3.41523143066805,3.41523143066805,3.41523143066805,3.41523143066805,3.41523143066805,3.41523143066805,3.41523143066805,3.41523143066805,3.41523143066805,3.41523143066805,3.41523143066805,3.41523143066805,3.41523143066805,2.39190810680295,2.28525953505897,2.178610963315,2.07196239157102,1.96531381982704,1.85866524808306,1.75066336726935,1.63661986298781,1.51975253941438,1.40803180693959,1.30576556940155,1.21685615681396,1.15089126976607,1.11930027761743,1.12771313495183,1.17421294159267,1.2517167356421,1.35032386248715,1.45994049245263,1.57323204900458,1.57323204900458,1.57323204900458,1.57323204900458,1.57323204900458,1.57323204900458,1.57323204900458,1.57323204900458,1.57323204900458,1.57323204900458,1.57323204900458,1.57323204900458,1.57323204900458,1.57323204900458,1.57323204900458,1.57323204900458,1.57323204900458,1.57323204900458,1.57323204900458,1.57323204900458,1.57323204900458,1,1,1,1,1,1,1,1,1,1,1,1,1,1,1,1,1,1,1,1,1,1,1,1,1,1,1,1,1,1,1,1,1,1,1,1,1,1,1,1
-0.605168768604158,-0.483289774746756,-1.81941193297438,-0.725528318325394,-2.39519971476364,0.609551078328857,0.990246112213812,1.01151189710373,1.46854988479246,1.79898304421887,0.579866777181342,-1.76913979819742,0.569783368841767,-0.963534579293428,2.19847358019246,-0.584483265665087,-3.17291536733522,-2.6311958160669,-1.99114412805458,-1.62310068436025,0.901287523774119,2.70486853109416,-2.02063764662296,-0.672096842675854,0.051352975626326,1.74027948536591,-0.00940592333729562,0.534958446777669,0.949371107835269,-3.65285246668278,-0.752217500015714,-0.374057812133934,-0.337973532516978,-1.8488599177199,1.34033477445698,0.547118884528572,-0.61619240606632,4.13883748725833,-1.29612329099397,1.54915002107319,7.68431857111561,7.20403018477131,6.72374179842701,6.24345341208271,5.76316502573841,5.28287663939411,4.80258825304981,4.32229986670551,3.84201148036122,3.36172309401691,2.88143470767261,2.40114632132831,1.92085793498402,1.44056954863971,0.960281162295418,0.479992775951116,-0.000295610393184376,-0.480583996737485,-0.960872383081785,-1.44116076942608,-1.44116076942608,-1.44116076942608,-1.44116076942608,-1.44116076942608,-1.44116076942608,-1.44116076942608,-1.44116076942608,-1.44116076942608,-1.44116076942608,-1.44116076942608,-1.44116076942608,-1.44116076942608,-1.44116076942608,-1.44116076942608,-1.44116076942608,-1.44116076942608,-1.44116076942608,-1.44116076942608,-1.44116076942608,-1.44116076942608,-8.19023587148262,-4.41272084568161,-1.3932897996366,0.935857503066463,2.64252129884162,3.79450182410294,4.45959931526445,4.70561400874022,4.60034614094429,4.21159594829073,3.60716366719357,2.85484953406685,2.02245378532466,1.17777665738103,0.38861838665,-0.277220790454377,-0.751940637518025,-0.967740918126909,-0.856821395866998,-0.351381834324222,-0.351381834324222,-0.351381834324222,-0.351381834324222,-0.351381834324222,-0.351381834324222,-0.351381834324222,-0.351381834324222,-0.351381834324222,-0.351381834324222,-0.351381834324222,-0.351381834324222,-0.351381834324222,-0.351381834324222,-0.351381834324222,-0.351381834324222,-0.351381834324222,-0.351381834324222,-0.351381834324222,-0.351381834324222,-0.351381834324222,7.6822040089174,7.20220952915127,6.72221504938512,6.24222056961899,5.76222608985285,5.28223161008671,4.80223337805856,4.32221197736339,3.84214285137728,3.36200802897253,2.88180237043428,2.40153341984043,1.92121458303389,1.44085872234526,0.960476710455437,0.48007619359843,-0.000339448939195464,-0.480766640146221,-0.961198074562256,-1.44162840424215,-1.44162840424215,-1.44162840424215,-1.44162840424215,-1.44162840424215,-1.44162840424215,-1.44162840424215,-1.44162840424215,-1.44162840424215,-1.44162840424215,-1.44162840424215,-1.44162840424215,-1.44162840424215,-1.44162840424215,-1.44162840424215,-1.44162840424215,-1.44162840424215,-1.44162840424215,-1.44162840424215,-1.44162840424215,-1.44162840424215,1,1,1,1,1,1,1,1,0,0,0,1,1,1,1,1,1,1,1,1,1,1,1,1,1,1,1,1,1,1,1,1,1,1,1,1,1,1,1,1
-0.539993078068862,0.431196094955321,1.35350984577111,-3.15482039232087,-1.88978877512925,-0.431300026617682,-1.02696768412889,0.529849508238394,-2.07873598477816,-0.743800194557519,0.726887616064156,2.20331453163613,-3.26161517769991,-1.86137710069414,1.45187204615963,-2.45585065882713,4.13533274146703,-0.907432086093189,-1.52789078289114,-1.04378033688741,0.58192571435273,-0.963526322076977,0.384314379105188,-1.68715242811939,-1.46020404711037,0.308182107716629,-2.60209838568995,1.59226504043226,-0.863069357118071,-0.65817479505813,3.73831409118651,-1.13070078710036,-1.32055267444298,0.767738824841675,-0.0776546782639027,-0.926734852442904,-3.33335346479633,-1.35106547140168,0.576341002702517,2.29546829264057,-0.164252769537724,-0.165944626097579,-0.167636482657434,-0.169328339217287,-0.171020195777141,-0.172712052336996,-0.174403908896849,-0.176095765456703,-0.177787622016558,-0.179479478576411,-0.181171335136264,-0.182863191696121,-0.184555048255975,-0.186246904815828,-0.187938761375682,-0.189630617935535,-0.19132247449539,-0.193014331055245,-0.194706187615099,-0.196398044174952,-0.196398044174952,-0.196398044174952,-0.196398044174952,-0.196398044174952,-0.196398044174952,-0.196398044174952,-0.196398044174952,-0.196398044174952,-0.196398044174952,-0.196398044174952,-0.196398044174952,-0.196398044174952,-0.196398044174952,-0.196398044174952,-0.196398044174952,-0.196398044174952,-0.196398044174952,-0.196398044174952,-0.196398044174952,-0.196398044174952,-7.42036899611601,-5.8189600035993,-4.43538267902975,-3.25555160394803,-2.26538135989477,-1.45078652841065,-0.797681691036332,-0.291981429312434,0.0803996752203613,0.333547041021379,0.481546086550035,0.538482230265569,0.518440890627378,0.435507486094854,0.303767435127281,0.137306156183984,-0.0497909322756787,-0.243438411792232,-0.429550863906542,-0.594042870159139,-0.594042870159139,-0.594042870159139,-0.594042870159139,-0.594042870159139,-0.594042870159139,-0.594042870159139,-0.594042870159139,-0.594042870159139,-0.594042870159139,-0.594042870159139,-0.594042870159139,-0.594042870159139,-0.594042870159139,-0.594042870159139,-0.594042870159139,-0.594042870159139,-0.594042870159139,-0.594042870159139,-0.594042870159139,-0.594042870159139,-1.78114118635682,-1.57353268349503,-1.36592418063324,-1.15831567777145,-0.950707174909656,-0.743098672047864,-0.535007508940836,-0.332650331699206,-0.172516007737014,-0.073949077052303,-0.0108221433509943,0.0436137946897794,0.0930739567006409,0.132599931014964,0.139828049429807,0.0830227451637402,-0.0295865860101969,-0.153677094100464,-0.268979737063257,-0.3837587508132,-0.3837587508132,-0.3837587508132,-0.3837587508132,-0.3837587508132,-0.3837587508132,-0.3837587508132,-0.3837587508132,-0.3837587508132,-0.3837587508132,-0.3837587508132,-0.3837587508132,-0.3837587508132,-0.3837587508132,-0.3837587508132,-0.3837587508132,-0.3837587508132,-0.3837587508132,-0.3837587508132,-0.3837587508132,-0.3837587508132,1,1,1,1,1,1,1,1,1,1,1,1,1,1,1,1,1,1,1,1,1,1,1,1,1,1,1,1,1,1,1,1,1,1,1,1,1,1,1,1
-0.0728120054471284,-0.836110867284743,-0.164633993623978,-0.649020940168319,-1.00832260604103,0.439337279506229,3.49418615711227,1.12690907081796,-1.57180700116842,-2.74878070677723,-0.615410327429815,-2.68507450921409,2.2439011093075,-0.836805149375223,-0.61133851348813,1.47366520552748,-0.168338334414768,-3.07622615232297,0.826619665546563,-0.788677902030802,0.764948867454647,1.49330945994226,-0.617363390504226,-0.0499333612384891,-0.0524087168229865,0.157102107404162,-1.13171511070407,-3.01217237104584,0.38948741820673,-0.296973153079147,-2.87530435255447,0.42382012043147,-0.384308987582568,-0.692211052309821,-2.36785671616038,0.439934373730692,2.18560421695376,0.771232530413881,1.03319953617338,0.567349382013418,0.386295663804643,0.372995511243889,0.35969535868314,0.346395206122388,0.333095053561633,0.319794901000883,0.306494748440132,0.293194595879378,0.279894443318627,0.266594290757876,0.253294138197122,0.239993985636369,0.226693833075617,0.213393680514866,0.200093527954115,0.186793375393362,0.173493222832608,0.160193070271855,0.146892917711106,0.133592765150352,0.133592765150352,0.133592765150352,0.133592765150352,0.133592765150352,0.133592765150352,0.133592765150352,0.133592765150352,0.133592765150352,0.133592765150352,0.133592765150352,0.133592765150352,0.133592765150352,0.133592765150352,0.133592765150352,0.133592765150352,0.133592765150352,0.133592765150352,0.133592765150352,0.133592765150352,0.133592765150352,9.57321203353682,7.21094458787708,5.24092014738132,3.63054433973198,2.34722279261146,1.35836113370217,0.631364990686539,0.133639991246984,-0.167408236934087,-0.304374066174258,-0.309851868791112,-0.216436017102222,-0.0567208834251911,0.136699159922397,0.331229740622973,0.494276486358961,0.593245024812747,0.595540983666769,0.468569990603422,0.179737673305137,0.179737673305137,0.179737673305137,0.179737673305137,0.179737673305137,0.179737673305137,0.179737673305137,0.179737673305137,0.179737673305137,0.179737673305137,0.179737673305137,0.179737673305137,0.179737673305137,0.179737673305137,0.179737673305137,0.179737673305137,0.179737673305137,0.179737673305137,0.179737673305137,0.179737673305137,0.179737673305137,0.400127462026596,0.384877506323103,0.369627550619617,0.354377594916119,0.339127639212627,0.323877683509133,0.308638721442739,0.293494669538926,0.278652282923458,0.264300799938288,0.250490256541644,0.237188049353668,0.224328845583001,0.21178640650467,0.199409451527773,0.187092792718961,0.174776132449525,0.162438656598143,0.150111392749594,0.137818344839843,0.137818344839843,0.137818344839843,0.137818344839843,0.137818344839843,0.137818344839843,0.137818344839843,0.137818344839843,0.137818344839843,0.137818344839843,0.137818344839843,0.137818344839843,0.137818344839843,0.137818344839843,0.137818344839843,0.137818344839843,0.137818344839843,0.137818344839843,0.137818344839843,0.137818344839843,0.137818344839843,1,1,1,1,1,1,1,1,1,1,1,1,1,1,1,1,1,1,1,1,1,1,1,1,1,1,1,1,1,1,1,1,1,1,1,1,1,1,1,1
0.748634520822768,-1.42140413389888,-1.14987444201502,-0.143729347590515,0.341649227639622,1.04345703188958,1.17277002811599,1.54129572009863,0.262091988159099,0.541900371606708,-1.1738094215202,0.819331451588479,1.31589081127372,-0.816346733235427,-0.550089500412767,2.68112859534246,-0.81449469281849,-0.131537196877487,0.206679291157903,-3.17470059344314,-2.12464016355825,0.439038822625516,0.808273945597364,0.00289884530684681,-2.07364025285746,-0.574571597324303,0.144244671570942,0.664529811362158,-1.41146617518944,-2.75866941673052,0.268236068539975,0.780456428559495,1.03985061862464,0.916400722094419,-1.0299517087202,-0.648526516960494,-1.64831252182709,3.27506671884139,1.05531548581154,-1.40767800967372,3.57418815288858,3.3471214390217,3.12005472515482,2.89298801128794,2.66592129742106,2.43885458355418,2.2117878696873,1.98472115582042,1.75765444195354,1.53058772808666,1.30352101421978,1.0764543003529,0.849387586486024,0.622320872619143,0.395254158752266,0.168187444885387,-0.0588792689814941,-0.285945982848371,-0.513012696715251,-0.74007941058213,-0.74007941058213,-0.74007941058213,-0.74007941058213,-0.74007941058213,-0.74007941058213,-0.74007941058213,-0.74007941058213,-0.74007941058213,-0.74007941058213,-0.74007941058213,-0.74007941058213,-0.74007941058213,-0.74007941058213,-0.74007941058213,-0.74007941058213,-0.74007941058213,-0.74007941058213,-0.74007941058213,-0.74007941058213,-0.74007941058213,22.9191762514155,17.3791933358908,12.7975580781358,9.08830650797335,6.16547465522609,3.94309854971679,2.33521422126819,1.25585769970302,0.619065014844015,0.338872196513908,0.329315274535427,0.50443027873135,0.778253238924348,1.06482018493719,1.27816714659261,1.33233015371337,1.14134523612214,0.619248423641691,-0.319924253905212,-1.76213676669585,-1.76213676669585,-1.76213676669585,-1.76213676669585,-1.76213676669585,-1.76213676669585,-1.76213676669585,-1.76213676669585,-1.76213676669585,-1.76213676669585,-1.76213676669585,-1.76213676669585,-1.76213676669585,-1.76213676669585,-1.76213676669585,-1.76213676669585,-1.76213676669585,-1.76213676669585,-1.76213676669585,-1.76213676669585,-1.76213676669585,5.39809909747386,4.87375662034711,4.34941414322039,3.82507166609366,3.30072918896693,2.7763867118402,2.26555575154323,1.82870840359932,1.50391682547777,1.28625029116062,1.13437198954182,0.982660680378654,0.797555662616032,0.598438084846414,0.398708494075906,0.198261031871462,0.0292000294426984,-0.0980085858504793,-0.254372065661885,-0.482940793766065,-0.482940793766065,-0.482940793766065,-0.482940793766065,-0.482940793766065,-0.482940793766065,-0.482940793766065,-0.482940793766065,-0.482940793766065,-0.482940793766065,-0.482940793766065,-0.482940793766065,-0.482940793766065,-0.482940793766065,-0.482940793766065,-0.482940793766065,-0.482940793766065,-0.482940793766065,-0.482940793766065,-0.482940793766065,-0.482940793766065,1,1,1,1,1,1,1,1,1,1,1,1,1,1,1,1,1,1,1,1,1,1,1,1,1,1,1,1,1,1,1,1,1,1,1,1,1,1,1,1
-0.123217700970549,-0.525324855500569,1.66117111391604,-1.15155629548676,-0.585042277776625,2.15673865874877,-0.552449467569982,1.26711829742659,0.850075422256843,2.86640386761848,1.728823940484,1.38134660130874,-1.04937066380982,-2.06579254038093,1.65599364658508,0.977633345462705,-1.12458368388307,-0.463177489343638,0.634908415260467,-3.38302237443639,1.96534946016274,1.15311424801867,-0.899067748998908,1.16594550318918,1.991381582743,-1.59027784919088,1.04278703174602,0.469325669880236,-1.64234321308658,4.38189266400725,-3.34703587703657,1.59990179685791,-0.457241330874561,1.20224601812757,0.53618828950686,0.676344124915085,-0.509485897348977,-3.59422436098346,-0.930389429227334,1.24889582126351,1.80425051100392,1.54634217095665,1.28843383090937,1.0305254908621,0.772617150814832,0.514708810767561,0.25680047072029,-0.00110786932698126,-0.259016209374252,-0.516924549421523,-0.774832889468795,-1.03274122951607,-1.29064956956334,-1.54855790961061,-1.80646624965788,-2.06437458970515,-2.32228292975242,-2.58019126979969,-2.83809960984697,-3.09600794989423,-3.09600794989423,-3.09600794989423,-3.09600794989423,-3.09600794989423,-3.09600794989423,-3.09600794989423,-3.09600794989423,-3.09600794989423,-3.09600794989423,-3.09600794989423,-3.09600794989423,-3.09600794989423,-3.09600794989423,-3.09600794989423,-3.09600794989423,-3.09600794989423,-3.09600794989423,-3.09600794989423,-3.09600794989423,-3.09600794989423,-27.2844481975696,-20.397974713807,-14.6598695578501,-9.97731508255437,-6.25749364077539,-3.40758758536862,-1.33477926918958,0.053748954906248,0.850814734063336,1.14923571542622,1.04182954613934,0.621413873347255,-0.0191936558055943,-0.787175394174675,-1.58971369461552,-2.33399090998362,-2.92718939313446,-3.27649149692356,-3.2890795742064,-2.87213597783859,-2.87213597783859,-2.87213597783859,-2.87213597783859,-2.87213597783859,-2.87213597783859,-2.87213597783859,-2.87213597783859,-2.87213597783859,-2.87213597783859,-2.87213597783859,-2.87213597783859,-2.87213597783859,-2.87213597783859,-2.87213597783859,-2.87213597783859,-2.87213597783859,-2.87213597783859,-2.87213597783859,-2.87213597783859,-2.87213597783859,-6.44083385423143,-5.58749137915916,-4.73414890408682,-3.8808064290145,-3.0274639539422,-2.17412147886988,-1.32287004091047,-0.505134731845927,0.162441552235624,0.563967569453553,0.669152233873195,0.515093149696991,0.183383666681687,-0.261358931847948,-0.859667126033521,-1.65273485896989,-2.50601090779783,-3.24368487290796,-3.88873486523711,-4.54778874689564,-4.54778874689564,-4.54778874689564,-4.54778874689564,-4.54778874689564,-4.54778874689564,-4.54778874689564,-4.54778874689564,-4.54778874689564,-4.54778874689564,-4.54778874689564,-4.54778874689564,-4.54778874689564,-4.54778874689564,-4.54778874689564,-4.54778874689564,-4.54778874689564,-4.54778874689564,-4.54778874689564,-4.54778874689564,-4.54778874689564,1,1,1,1,1,1,1,1,1,1,1,1,1,1,1,1,1,1,1,1,1,1,1,1,1,1,1,1,1,1,1,1,1,1,1,1,1,1,1,1
-0.892366650532367,-0.0783950679000691,-1.02148676062338,0.782607834513633,0.476301063988192,-3.4043390650536,2.01875921926803,-1.38231792036182,-1.97407905811293,-1.03017042854482,1.49166755868631,0.0982877651006095,1.77350256544845,2.58307416343779,-1.53064504953551,-1.45519021167566,1.9912881812323,-0.298629991716707,0.424373081745822,-2.16765992688924,0.593406108186784,0.738797689338597,-0.624260838017868,1.39605320627486,-0.794558398631446,1.16672384448451,-1.81189353628885,-0.785329416176705,0.233630283473575,-2.18444578608167,-1.19839137589863,0.93087214623967,-1.351168227379,1.34844995370532,1.10691301185284,-0.389899250450409,0.70676852678784,1.4130927544005,-1.9113379322979,-1.50582010267073,2.53248979661522,2.34558130474134,2.15867281286746,1.97176432099358,1.7848558291197,1.59794733724582,1.41103884537194,1.22413035349806,1.03722186162418,0.850313369750294,0.663404877876413,0.476496386002532,0.289587894128651,0.102679402254772,-0.0842290896191109,-0.271137581492992,-0.458046073366873,-0.644954565240752,-0.831863057114637,-1.01877154898852,-1.01877154898852,-1.01877154898852,-1.01877154898852,-1.01877154898852,-1.01877154898852,-1.01877154898852,-1.01877154898852,-1.01877154898852,-1.01877154898852,-1.01877154898852,-1.01877154898852,-1.01877154898852,-1.01877154898852,-1.01877154898852,-1.01877154898852,-1.01877154898852,-1.01877154898852,-1.01877154898852,-1.01877154898852,-1.01877154898852,13.9227998915903,10.2201733368326,7.23321620472912,4.8903545911181,3.1200145918377,1.85062230272612,1.01060381962153,0.528385238362114,0.332392654786064,0.351052164731552,0.51278986403676,0.74603184853988,0.97920421407909,1.14073305649256,1.1590444716185,0.962564555295074,0.479719403360463,-0.361064888347144,-1.63136222398956,-3.40274650772861,-3.40274650772861,-3.40274650772861,-3.40274650772861,-3.40274650772861,-3.40274650772861,-3.40274650772861,-3.40274650772861,-3.40274650772861,-3.40274650772861,-3.40274650772861,-3.40274650772861,-3.40274650772861,-3.40274650772861,-3.40274650772861,-3.40274650772861,-3.40274650772861,-3.40274650772861,-3.40274650772861,-3.40274650772861,-3.40274650772861,2.33017659010808,2.17070331030014,2.01123003049219,1.85175675068425,1.6922834708763,1.53281019106835,1.37283140318333,1.21036945262901,1.04532204807153,0.878343216836019,0.707927768926092,0.53131795448963,0.34710094422852,0.155399299632233,-0.0434509544373967,-0.249307066615929,-0.461757721456928,-0.679684768156132,-0.901239701001721,-1.12440414808869,-1.12440414808869,-1.12440414808869,-1.12440414808869,-1.12440414808869,-1.12440414808869,-1.12440414808869,-1.12440414808869,-1.12440414808869,-1.12440414808869,-1.12440414808869,-1.12440414808869,-1.12440414808869,-1.12440414808869,-1.12440414808869,-1.12440414808869,-1.12440414808869,-1.12440414808869,-1.12440414808869,-1.12440414808869,-1.12440414808869,1,1,1,1,1,1,1,1,1,1,1,1,1,1,1,1,1,1,1,1,1,1,1,1,1,1,1,1,1,1,1,1,1,1,1,1,1,1,1,1
-0.430117727056833,-0.576794021874376,1.22056099744998,2.02561164519501,1.18738592097731,3.06174117900601,-1.49656950106616,-0.586901064228355,-0.954255009241129,0.846013603067716,-1.17250168402107,-0.380043492197427,-0.133551108169577,-0.0238390585318786,-1.56820648098329,-0.127959715741554,-1.61866369328394,-2.33669013660584,0.811313600608559,0.434225627260854,-2.09010174206674,2.21939217232092,-1.08584156395367,0.395882996901934,1.81167405597487,1.5666752303022,2.67870724776134,-2.21639856608705,-1.23329612275492,-0.351919216362122,0.263723675883071,-1.03433415179283,1.22615286619284,-0.659357760600237,2.45917870435552,1.07431156213513,0.643081485634589,1.99778380076492,1.61235609633685,0.270126229311344,4.68478008645459,4.34442153705807,4.00406298766155,3.66370443826502,3.3233458888685,2.98298733947198,2.64262879007546,2.30227024067894,1.96191169128242,1.6215531418859,1.28119459248937,0.940836043092851,0.600477493696328,0.260118944299807,-0.0802396050967165,-0.420598154493238,-0.760956703889757,-1.10131525328628,-1.4416738026828,-1.78203235207932,-1.78203235207932,-1.78203235207932,-1.78203235207932,-1.78203235207932,-1.78203235207932,-1.78203235207932,-1.78203235207932,-1.78203235207932,-1.78203235207932,-1.78203235207932,-1.78203235207932,-1.78203235207932,-1.78203235207932,-1.78203235207932,-1.78203235207932,-1.78203235207932,-1.78203235207932,-1.78203235207932,-1.78203235207932,-1.78203235207932,25.6612541482129,18.8822649922722,13.4092107792604,9.11171537906468,5.85940266157214,3.52189649666993,1.96882075424518,1.06979930418505,0.694456016376657,0.71241476070716,0.99329940706366,1.40673382533336,1.82234188540337,2.10974745716081,2.13857441049284,1.77844661528662,0.898987941429247,-0.630177741192091,-2.9394265626903,-6.15913465317823,-6.15913465317823,-6.15913465317823,-6.15913465317823,-6.15913465317823,-6.15913465317823,-6.15913465317823,-6.15913465317823,-6.15913465317823,-6.15913465317823,-6.15913465317823,-6.15913465317823,-6.15913465317823,-6.15913465317823,-6.15913465317823,-6.15913465317823,-6.15913465317823,-6.15913465317823,-6.15913465317823,-6.15913465317823,-6.15913465317823,1.68742862662121,1.73489669782337,1.78236476902553,1.82983284022769,1.87730091142985,1.92476898263201,1.97101162258328,2.0096405039913,2.02707655606205,1.98786114545449,1.8516419741199,1.61294537648107,1.29380822468871,0.907426463553236,0.457758917823135,-0.0522914912282459,-0.637878270746338,-1.32329414066354,-2.0997889665977,-2.92242414053387,-2.92242414053387,-2.92242414053387,-2.92242414053387,-2.92242414053387,-2.92242414053387,-2.92242414053387,-2.92242414053387,-2.92242414053387,-2.92242414053387,-2.92242414053387,-2.92242414053387,-2.92242414053387,-2.92242414053387,-2.92242414053387,-2.92242414053387,-2.92242414053387,-2.92242414053387,-2.92242414053387,-2.92242414053387,-2.92242414053387,1,1,1,1,1,1,1,1,1,1,1,1,1,1,1,1,1,1,1,1,1,1,1,1,1,1,1,1,1,1,1,1,1,1,1,1,1,1,1,1
-1.39381859974974,0.580820639482097,1.55460334803217,1.51424173759497,0.00469006762136903,1.44076216460771,-0.789149074181068,1.76810384839197,-0.797681686819192,0.714579700925665,-0.941437029824661,-1.66742462539253,-1.53167916654386,-0.4780736911129,0.321485744799412,-0.539728086871685,0.0264346483309641,3.01411538517873,-2.10413318864722,-2.7594737468242,0.99991898792508,1.59731035436022,1.96832612921019,-0.176779843783105,-0.794239225450497,-0.865702286803739,1.29710283051327,0.140182919517759,1.55899780899846,-0.122585303542779,0.330719140684261,-0.105842617318215,0.968662540777066,-2.92174543886468,0.545978327244242,1.13349163660366,-0.0727696031223406,-0.145785301846285,-0.719224802451221,1.46769354237792,2.84965529093339,2.63015567881897,2.41065606670455,2.19115645459013,1.97165684247571,1.75215723036129,1.53265761824687,1.31315800613245,1.09365839401803,0.874158781903606,0.654659169789186,0.435159557674766,0.215659945560343,-0.00383966655407697,-0.223339278668496,-0.442838890782919,-0.662338502897335,-0.881838115011758,-1.10133772712618,-1.3208373392406,-1.3208373392406,-1.3208373392406,-1.3208373392406,-1.3208373392406,-1.3208373392406,-1.3208373392406,-1.3208373392406,-1.3208373392406,-1.3208373392406,-1.3208373392406,-1.3208373392406,-1.3208373392406,-1.3208373392406,-1.3208373392406,-1.3208373392406,-1.3208373392406,-1.3208373392406,-1.3208373392406,-1.3208373392406,-1.3208373392406,3.67350096647298,3.26436847187719,2.87471226309785,2.50462018410729,2.15418007887787,1.82347979138191,1.51260716559177,1.22165004547978,0.950696275018281,0.699833698179617,0.469150158936129,0.25873350126016,0.0686715691240494,-0.10094779349987,-0.250036742639226,-0.378507434321721,-0.486272024574983,-0.573242669426673,-0.639331524904478,-0.684450747036024,-0.684450747036024,-0.684450747036024,-0.684450747036024,-0.684450747036024,-0.684450747036024,-0.684450747036024,-0.684450747036024,-0.684450747036024,-0.684450747036024,-0.684450747036024,-0.684450747036024,-0.684450747036024,-0.684450747036024,-0.684450747036024,-0.684450747036024,-0.684450747036024,-0.684450747036024,-0.684450747036024,-0.684450747036024,-0.684450747036024,3.78455179447734,3.44712787089803,3.10970394731872,2.7722800237394,2.43485610016009,2.09743217658077,1.75959863139452,1.41998000274991,1.07982494871414,0.742538550524046,0.413720204056471,0.106879909479382,-0.154709860958206,-0.350653811430407,-0.478886067738873,-0.553755053403084,-0.591781920867064,-0.60584159008064,-0.607979996900276,-0.607293312493988,-0.607293312493988,-0.607293312493988,-0.607293312493988,-0.607293312493988,-0.607293312493988,-0.607293312493988,-0.607293312493988,-0.607293312493988,-0.607293312493988,-0.607293312493988,-0.607293312493988,-0.607293312493988,-0.607293312493988,-0.607293312493988,-0.607293312493988,-0.607293312493988,-0.607293312493988,-0.607293312493988,-0.607293312493988,-0.607293312493988,1,1,1,1,1,1,1,1,1,1,1,1,1,1,1,1,1,1,1,1,1,1,1,1,1,1,1,1,1,1,1,1,1,1,1,1,1,1,1,1
1.07579548587545,2.85771793949664,0.417706182410244,-0.24216169753382,-0.906300000887561,0.52442005823859,-1.20956399370509,1.0556855909287,0.589795274128655,1.51762946051357,-0.619242804238372,-2.08347840581177,-1.95468097421939,-0.877576815316718,-2.07290631993662,-2.14721111469755,1.9769622500541,-2.40026444215442,-0.216492610396594,0.315771694725175,0.820388353322695,0.0954550706739887,-0.101968078562942,0.92752527210377,-1.20526558111201,-0.110075295353072,-0.819993044102652,0.79988717553395,-1.4134589557071,1.10887596757356,0.168789202850091,-1.3429886673221,-1.63533763637771,0.353738320324965,0.923421165288241,0.271562416949038,-0.0853426105630106,-0.746240203136527,-1.48315815034549,0.335373182183456,1.98603400396885,1.77813133472486,1.57022866548086,1.36232599623687,1.15442332699288,0.946520657748886,0.738617988504894,0.530715319260901,0.322812650016909,0.114909980772916,-0.0929926884710763,-0.300895357715069,-0.50879802695906,-0.716700696203052,-0.924603365447044,-1.13250603469104,-1.34040870393503,-1.54831137317902,-1.75621404242301,-1.964116711667,-1.964116711667,-1.964116711667,-1.964116711667,-1.964116711667,-1.964116711667,-1.964116711667,-1.964116711667,-1.964116711667,-1.964116711667,-1.964116711667,-1.964116711667,-1.964116711667,-1.964116711667,-1.964116711667,-1.964116711667,-1.964116711667,-1.964116711667,-1.964116711667,-1.964116711667,-1.964116711667,-5.44833139280421,-3.15336558347686,-1.41721783010028,-0.179393246853454,0.620603052084634,1.043265952535,1.14909034031867,0.998571101256643,0.652203121169945,0.170481285879584,-0.38609951879342,-0.95704440702805,-1.48185849300329,-1.90004689089813,-2.15111471489155,-2.17456707916252,-1.90990909789006,-1.29664588525311,-0.274282555430714,1.21767577739822,1.21767577739822,1.21767577739822,1.21767577739822,1.21767577739822,1.21767577739822,1.21767577739822,1.21767577739822,1.21767577739822,1.21767577739822,1.21767577739822,1.21767577739822,1.21767577739822,1.21767577739822,1.21767577739822,1.21767577739822,1.21767577739822,1.21767577739822,1.21767577739822,1.21767577739822,1.21767577739822,4.07800585986376,3.63512275582103,3.19223965177831,2.74935654773559,2.30647344369287,1.86359033965014,1.41800247727972,0.956302085146142,0.46192857309229,-0.0839464551298423,-0.687514691677032,-1.30835244082649,-1.84810803888223,-2.18778423517352,-2.24003712630906,-1.97794806137529,-1.44485688346864,-0.747335266374067,-0.0049773981903094,0.723385218450389,0.723385218450389,0.723385218450389,0.723385218450389,0.723385218450389,0.723385218450389,0.723385218450389,0.723385218450389,0.723385218450389,0.723385218450389,0.723385218450389,0.723385218450389,0.723385218450389,0.723385218450389,0.723385218450389,0.723385218450389,0.723385218450389,0.723385218450389,0.723385218450389,0.723385218450389,0.723385218450389,1,1,1,1,1,1,1,1,1,1,1,1,1,1,0,0,1,1,1,1,1,1,1,1,1,1,1,1,1,1,1,1,1,1,1,1,1,1,1,1
-0.837745534094046,-2.38516203666035,2.18238746953489,0.872502395098011,-1.80029227787871,0.245425511215506,-0.570187281652153,-1.12341477691191,-1.14864601753706,-1.29805107003906,-2.89188984703965,-0.288861251943285,-3.60374013724202,0.539994888875482,1.19936449528714,-0.82537691796599,1.41321305358319,-0.443672844351607,0.521651498455114,-1.34505570886166,0.187288566390231,0.30054221003479,-0.448057602355597,-3.05770919230256,-0.0263725394754299,2.37588504939184,0.391741226874862,0.894498066539651,-1.40099150562852,0.436842740461008,-0.319186253674868,1.0428220298786,-2.06547973311945,0.701412252467305,-0.583505313568002,-1.34250675330194,1.89317989057815,-3.51688413553343,0.362054971401403,0.0817791534441987,0.197518818985195,0.0624170484986557,-0.0726847219878834,-0.207786492474423,-0.342888262960963,-0.477990033447503,-0.613091803934041,-0.748193574420581,-0.88329534490712,-1.01839711539366,-1.1534988858802,-1.28860065636674,-1.42370242685327,-1.55880419733982,-1.69390596782636,-1.82900773831289,-1.96410950879944,-2.09921127928597,-2.23431304977251,-2.36941482025905,-2.36941482025905,-2.36941482025905,-2.36941482025905,-2.36941482025905,-2.36941482025905,-2.36941482025905,-2.36941482025905,-2.36941482025905,-2.36941482025905,-2.36941482025905,-2.36941482025905,-2.36941482025905,-2.36941482025905,-2.36941482025905,-2.36941482025905,-2.36941482025905,-2.36941482025905,-2.36941482025905,-2.36941482025905,-2.36941482025905,14.7817473376362,10.4158618777639,6.85299476575674,4.01827689741157,1.83683916852513,0.233812474894142,-0.865672287684619,-1.53648422341441,-1.8534924364985,-1.8915660311401,-1.72557411154247,-1.4303857819089,-1.08087014644261,-0.751896309346776,-0.518333374824749,-0.455050447079756,-0.636916630315049,-1.13880102873381,-2.03557274653937,-3.40210088793496,-3.40210088793496,-3.40210088793496,-3.40210088793496,-3.40210088793496,-3.40210088793496,-3.40210088793496,-3.40210088793496,-3.40210088793496,-3.40210088793496,-3.40210088793496,-3.40210088793496,-3.40210088793496,-3.40210088793496,-3.40210088793496,-3.40210088793496,-3.40210088793496,-3.40210088793496,-3.40210088793496,-3.40210088793496,-3.40210088793496,-0.805377283452858,-0.81553865060206,-0.825700017751269,-0.835861384900491,-0.846022752049708,-0.856184119198907,-0.853508475172604,-0.821822458988979,-0.92113498241028,-1.27293223477046,-1.66108419081115,-1.7062730845325,-1.30645187443468,-0.747956674477088,-0.409497311762685,-0.482189354785998,-0.972554930583987,-1.84316017806193,-3.04453776144256,-4.44562610923422,-4.44562610923422,-4.44562610923422,-4.44562610923422,-4.44562610923422,-4.44562610923422,-4.44562610923422,-4.44562610923422,-4.44562610923422,-4.44562610923422,-4.44562610923422,-4.44562610923422,-4.44562610923422,-4.44562610923422,-4.44562610923422,-4.44562610923422,-4.44562610923422,-4.44562610923422,-4.44562610923422,-4.44562610923422,-4.44562610923422,1,1,1,1,1,1,1,1,1,1,1,1,1,1,1,1,1,1,1,1,1,1,1,1,1,1,1,1,1,1,1,1,1,1,1,1,1,1,1,1
-0.376872550811177,1.21908820858238,3.26455297643641,1.732358898802,-1.04231184582016,0.25834441620492,0.094629831260348,-1.76849719511789,-3.03683858923924,1.42138247947404,0.850727635128312,-2.32511485667825,1.69062948990614,-0.0211667976662362,2.62722203955791,2.94813907744967,2.29226878049446,0.0210299948198092,-1.23874870065103,0.441807298355386,-0.968967886494442,0.3889073618816,1.41671189027944,2.13547706937293,0.450864190736054,-1.56341067427383,-2.309550869204,-0.565069964800145,1.68539412462473,0.853576387806763,-3.46462010130015,0.97936389994911,0.886493049734462,-1.47339488584126,0.125558644545245,1.88464034734818,0.105196915897873,1.24931095235176,0.4450359714572,-2.20925289476794,2.47179611301036,2.38809982030241,2.30440352759447,2.22070723488652,2.13701094217857,2.05331464947063,1.96961835676268,1.88592206405474,1.80222577134679,1.71852947863884,1.63483318593089,1.55113689322295,1.467440600515,1.38374430780705,1.30004801509911,1.21635172239116,1.13265542968321,1.04895913697527,0.965262844267322,0.881566551559374,0.881566551559374,0.881566551559374,0.881566551559374,0.881566551559374,0.881566551559374,0.881566551559374,0.881566551559374,0.881566551559374,0.881566551559374,0.881566551559374,0.881566551559374,0.881566551559374,0.881566551559374,0.881566551559374,0.881566551559374,0.881566551559374,0.881566551559374,0.881566551559374,0.881566551559374,0.881566551559374,-11.0855159387912,-8.05292580716173,-5.47675121234966,-3.32409506329388,-1.56206026893329,-0.157749738206789,0.92173361994673,1.70928689658837,2.23780718277921,2.54019156958036,2.64933714805293,2.59814100925801,2.41950024425672,2.14631194411012,1.81147319987934,1.44788110262547,1.08843274340962,0.76602521329287,0.513555603336357,0.363921004601105,0.363921004601105,0.363921004601105,0.363921004601105,0.363921004601105,0.363921004601105,0.363921004601105,0.363921004601105,0.363921004601105,0.363921004601105,0.363921004601105,0.363921004601105,0.363921004601105,0.363921004601105,0.363921004601105,0.363921004601105,0.363921004601105,0.363921004601105,0.363921004601105,0.363921004601105,0.363921004601105,-1.85008195303631,-1.39679585242772,-0.94350975181913,-0.490223651210539,-0.0369375506019454,0.416348550006646,0.871151682096945,1.33695514303099,1.82139336430302,2.27843335032656,2.61224420235723,2.76151219850456,2.72776713695271,2.51908622702523,2.13416693590112,1.60720302639105,1.02078954417276,0.468790868156946,0.00790097774114074,-0.378695145926583,-0.378695145926583,-0.378695145926583,-0.378695145926583,-0.378695145926583,-0.378695145926583,-0.378695145926583,-0.378695145926583,-0.378695145926583,-0.378695145926583,-0.378695145926583,-0.378695145926583,-0.378695145926583,-0.378695145926583,-0.378695145926583,-0.378695145926583,-0.378695145926583,-0.378695145926583,-0.378695145926583,-0.378695145926583,-0.378695145926583,1,1,1,1,1,1,1,1,1,1,1,1,1,1,1,1,1,1,1,1,1,1,1,1,1,1,1,1,1,1,1,1,1,1,1,1,1,1,1,1
0.482818630009165,0.667242389369251,1.5686729556487,-0.884436685052721,-0.325159481005121,0.860875458955631,-0.71230053469719,2.78470018622152,-1.6362956193534,0.752568271218605,-0.144698187956472,-0.124635488743566,0.930322982702533,1.81796433227103,1.08699744503302,-0.833805334783213,-1.54738963627049,1.66773483010629,1.2803333975242,-2.74150526152461,-1.28803475051023,-2.05263930877504,-0.741892790020279,-2.83953625619684,-0.953179786795983,0.664851630912493,-0.948752249653115,0.748129880695496,0.922328046282033,2.60560361790868,-0.888152330803683,-2.31867186295648,-0.421585215517121,-1.13168367311994,-0.15331803920029,-0.056300789547576,2.65262100873384,2.37457205811588,1.68343317355198,-0.130398289234844,1.36378518876128,1.33423416937134,1.30468314998139,1.27513213059145,1.2455811112015,1.21603009181155,1.18647907242161,1.15692805303166,1.12737703364171,1.09782601425177,1.06827499486182,1.03872397547187,1.00917295608193,0.979621936691981,0.950070917302032,0.920519897912087,0.890968878522138,0.861417859132192,0.831866839742247,0.802315820352302,0.802315820352302,0.802315820352302,0.802315820352302,0.802315820352302,0.802315820352302,0.802315820352302,0.802315820352302,0.802315820352302,0.802315820352302,0.802315820352302,0.802315820352302,0.802315820352302,0.802315820352302,0.802315820352302,0.802315820352302,0.802315820352302,0.802315820352302,0.802315820352302,0.802315820352302,0.802315820352302,15.6596346096902,11.2514381583115,7.72852788453752,5.00302835364583,2.98706413091411,1.59275978161997,0.732239871041074,0.317628964455036,0.26105162713953,0.474632424372164,0.87049592143058,1.3607666835924,1.85756927613532,2.27302826433695,2.51926821347491,2.50841368882687,2.15258925567039,1.36391947928324,0.0545289249429803,-1.86345784207278,-1.86345784207278,-1.86345784207278,-1.86345784207278,-1.86345784207278,-1.86345784207278,-1.86345784207278,-1.86345784207278,-1.86345784207278,-1.86345784207278,-1.86345784207278,-1.86345784207278,-1.86345784207278,-1.86345784207278,-1.86345784207278,-1.86345784207278,-1.86345784207278,-1.86345784207278,-1.86345784207278,-1.86345784207278,-1.86345784207278,13.1131729190367,11.1524792586215,9.19178559820635,7.23109193779121,5.27039827737607,3.30970461696092,1.44475082595849,0.113738452627661,-0.385621759599701,-0.133168391599416,0.550265088388953,1.29120300789251,1.79281082047565,1.93088019242546,1.76771844284067,1.45238304653166,1.10897603346694,0.807288264079725,0.577429212961251,0.404756912887892,0.404756912887892,0.404756912887892,0.404756912887892,0.404756912887892,0.404756912887892,0.404756912887892,0.404756912887892,0.404756912887892,0.404756912887892,0.404756912887892,0.404756912887892,0.404756912887892,0.404756912887892,0.404756912887892,0.404756912887892,0.404756912887892,0.404756912887892,0.404756912887892,0.404756912887892,0.404756912887892,1,1,1,1,1,1,1,1,1,1,1,1,1,1,1,1,1,1,1,1,1,1,1,1,1,1,1,1,1,1,1,1,1,1,1,1,1,1,1,1
-1.50426294151434,-1.12932981633391,3.06509980472285,2.36208209595293,0.663434625269291,-1.07901578777184,0.925988185044279,-1.52871746396897,-1.18776589592816,0.881723096121997,1.01752041488476,0.355796703890176,2.42568901051905,-0.887818931542451,0.789886292803645,0.868879259732987,0.481628178482577,-3.30527466465608,1.47245039551436,-0.19117344626236,-0.575712432310711,-1.5249077854365,0.125638495262816,-1.52166591805047,-0.947770923581915,2.1946113713541,0.833583958667152,0.826466953438032,-0.165361312604004,-0.273470151826837,0.881377960379636,-0.066042996967079,-0.491087604713142,0.254243618668745,-1.46541034680886,-0.80314993323427,1.67902814189505,0.304725968507372,-0.310749134632557,2.50519875582323,1.89110056414693,1.72665522750565,1.56220989086437,1.39776455422309,1.23331921758181,1.06887388094053,0.90442854429925,0.739983207657973,0.575537871016691,0.41109253437541,0.246647197734132,0.0822018610928517,-0.0822434755484291,-0.24668881218971,-0.411134148830991,-0.575579485472268,-0.740024822113551,-0.904470158754828,-1.06891549539611,-1.23336083203739,-1.23336083203739,-1.23336083203739,-1.23336083203739,-1.23336083203739,-1.23336083203739,-1.23336083203739,-1.23336083203739,-1.23336083203739,-1.23336083203739,-1.23336083203739,-1.23336083203739,-1.23336083203739,-1.23336083203739,-1.23336083203739,-1.23336083203739,-1.23336083203739,-1.23336083203739,-1.23336083203739,-1.23336083203739,-1.23336083203739,13.1778153775453,10.2652482238945,7.78405196491679,5.7008415472405,3.98223191749378,2.59483802230486,1.50527480830192,0.680157222113166,0.0861002103667925,-0.310281280309002,-0.542372303286008,-0.643557911936041,-0.647223159630881,-0.586753099742346,-0.495532785642233,-0.406947270702341,-0.354381608294478,-0.371220851790438,-0.49085005456201,-0.746654269981015,-0.746654269981015,-0.746654269981015,-0.746654269981015,-0.746654269981015,-0.746654269981015,-0.746654269981015,-0.746654269981015,-0.746654269981015,-0.746654269981015,-0.746654269981015,-0.746654269981015,-0.746654269981015,-0.746654269981015,-0.746654269981015,-0.746654269981015,-0.746654269981015,-0.746654269981015,-0.746654269981015,-0.746654269981015,-0.746654269981015,5.94537880909173,5.252573722059,4.55976863502627,3.86696354799354,3.1741584609608,2.48135337392807,1.79329548361001,1.12861906442974,0.493468160821223,-0.0906826513461088,-0.571469762591205,-0.909295563188754,-1.09746918641819,-1.13921719325137,-1.04947034984196,-0.869456171649539,-0.648920374213821,-0.42907707617883,-0.2412346235005,-0.0873648092636508,-0.0873648092636508,-0.0873648092636508,-0.0873648092636508,-0.0873648092636508,-0.0873648092636508,-0.0873648092636508,-0.0873648092636508,-0.0873648092636508,-0.0873648092636508,-0.0873648092636508,-0.0873648092636508,-0.0873648092636508,-0.0873648092636508,-0.0873648092636508,-0.0873648092636508,-0.0873648092636508,-0.0873648092636508,-0.0873648092636508,-0.0873648092636508,-0.0873648092636508,1,1,1,1,1,1,1,1,1,1,1,1,1,1,1,1,1,1,1,1,1,1,1,1,1,1,1,1,1,1,1,1,1,1,1,1,1,1,1,1
1.37016530682731,0.0916887792542429,1.33608126979705,-1.05703101335931,-1.51329865317015,-1.31042663949243,1.13584438249903,-1.00557841541926,-0.195589058685645,3.09162937176188,-0.897412664635617,-0.963595455300421,0.725894427815506,0.737263008851672,1.01493152308715,-1.51802704109715,-0.976344317626847,-1.51410591200458,-2.43199035386865,-1.61794825801887,-0.223877108727015,-0.832759450774887,-0.257567140252164,0.127372425427087,-0.0932031990698174,-0.353647855985539,0.645854245897771,0.920976210684495,-0.405116243017638,0.669713724481008,1.51557595557126,0.91994613717752,2.2418670615789,-1.8376738433565,-0.430949580385919,-2.72162488513125,0.842714469367102,-0.910135905167001,0.368337587829863,0.110482286076559,3.08851260072668,2.87327868191978,2.65804476311288,2.44281084430598,2.22757692549908,2.01234300669219,1.79710908788529,1.58187516907839,1.36664125027149,1.15140733146459,0.936173412657693,0.720939493850794,0.505705575043898,0.290471656236999,0.0752377374301005,-0.139996181376798,-0.355230100183695,-0.570464018990595,-0.785697937797492,-1.00093185660439,-1.00093185660439,-1.00093185660439,-1.00093185660439,-1.00093185660439,-1.00093185660439,-1.00093185660439,-1.00093185660439,-1.00093185660439,-1.00093185660439,-1.00093185660439,-1.00093185660439,-1.00093185660439,-1.00093185660439,-1.00093185660439,-1.00093185660439,-1.00093185660439,-1.00093185660439,-1.00093185660439,-1.00093185660439,-1.00093185660439,-40.8960173917253,-30.4800917638494,-21.7194964192652,-14.486814654213,-8.65462976493284,-4.09552504766492,-0.682083798649398,1.71311068587361,3.217475109664,3.95842617648149,4.06338059008604,3.65975505423752,2.87496627269571,1.83643094922054,0.671565787571755,-0.492212508490711,-1.52748723520698,-2.30684168881718,-2.70285916556168,-2.5881229616803,-2.5881229616803,-2.5881229616803,-2.5881229616803,-2.5881229616803,-2.5881229616803,-2.5881229616803,-2.5881229616803,-2.5881229616803,-2.5881229616803,-2.5881229616803,-2.5881229616803,-2.5881229616803,-2.5881229616803,-2.5881229616803,-2.5881229616803,-2.5881229616803,-2.5881229616803,-2.5881229616803,-2.5881229616803,-2.5881229616803,-11.3732928437347,-9.56956138669307,-7.76582992965155,-5.96209847260998,-4.15836701556841,-2.35463555852685,-0.574896293522977,1.04847189148957,2.32267680737802,3.12141089944767,3.44604056552763,3.36016676780426,2.90630012685779,2.11099881913175,1.03782964569591,-0.181314499403676,-1.33498301681265,-2.17113055178682,-2.55051152719493,-2.60232629946081,-2.60232629946081,-2.60232629946081,-2.60232629946081,-2.60232629946081,-2.60232629946081,-2.60232629946081,-2.60232629946081,-2.60232629946081,-2.60232629946081,-2.60232629946081,-2.60232629946081,-2.60232629946081,-2.60232629946081,-2.60232629946081,-2.60232629946081,-2.60232629946081,-2.60232629946081,-2.60232629946081,-2.60232629946081,-2.60232629946081,1,1,1,1,1,1,1,1,1,0,0,0,0,0,1,1,1,1,1,1,1,1,1,1,1,1,1,1,1,1,1,1,1,1,1,1,1,1,1,1
0.0483672137367961,0.453456791003891,-1.20411518995821,1.13598775890354,-1.02360504883037,0.748221077048399,1.34973805270031,0.705647918743667,1.09713342184144,0.139636803787583,-0.0378856164561352,2.0598515033499,0.591546350252409,0.468035199287193,-2.25913667575495,0.647670743243626,0.0281263226956447,2.21026185473515,1.51148093934678,1.00771830085995,-1.8998329420955,1.77760558781121,-0.255913520818105,1.56394249391285,1.19015373928733,0.607162169204145,0.0885747547548661,-0.0855685900281422,-0.286055874250842,-0.252414686187961,-1.05125253746601,1.35308439535656,-0.300120104875383,0.207734651776034,3.61232417630965,-0.0304540820091557,1.02944689134321,1.11916381180031,-2.3909971832235,-0.350731469264138,-0.516663083315455,-0.463208139113017,-0.409753194910579,-0.356298250708139,-0.302843306505701,-0.249388362303265,-0.195933418100826,-0.142478473898387,-0.0890235296959485,-0.0355685854935075,0.01788635870893,0.0713413029113674,0.124796247113807,0.178251191316248,0.231706135518682,0.285161079721121,0.338616023923558,0.392070968125998,0.445525912328437,0.498980856530874,0.498980856530874,0.498980856530874,0.498980856530874,0.498980856530874,0.498980856530874,0.498980856530874,0.498980856530874,0.498980856530874,0.498980856530874,0.498980856530874,0.498980856530874,0.498980856530874,0.498980856530874,0.498980856530874,0.498980856530874,0.498980856530874,0.498980856530874,0.498980856530874,0.498980856530874,0.498980856530874,17.8348260899021,11.6862746008297,6.88568141042137,3.29238124185441,0.765708818306103,-0.835001137046229,-1.65041390102529,-1.82119475045377,-1.48800896215436,-0.791521812949776,0.127601420337317,1.12869546088421,2.0710950318682,2.81413485646661,3.21714965785673,3.13947415921588,2.44044308372136,0.979391154550465,-1.38434690511949,-4.79143637211121,-4.79143637211121,-4.79143637211121,-4.79143637211121,-4.79143637211121,-4.79143637211121,-4.79143637211121,-4.79143637211121,-4.79143637211121,-4.79143637211121,-4.79143637211121,-4.79143637211121,-4.79143637211121,-4.79143637211121,-4.79143637211121,-4.79143637211121,-4.79143637211121,-4.79143637211121,-4.79143637211121,-4.79143637211121,-4.79143637211121,-3.69014686621948,-3.53958053020874,-3.38901419419801,-3.23844785818726,-3.08788152217652,-2.93731518616578,-2.78254512997556,-2.61181162227448,-2.44367774224339,-2.28675633572176,-2.11986023324124,-1.9681533545389,-1.93478576603188,-2.10860165307013,-2.48535142934599,-3.00498313950708,-3.62843243725583,-4.35770309296695,-5.19633647071124,-6.10643212455081,-6.10643212455081,-6.10643212455081,-6.10643212455081,-6.10643212455081,-6.10643212455081,-6.10643212455081,-6.10643212455081,-6.10643212455081,-6.10643212455081,-6.10643212455081,-6.10643212455081,-6.10643212455081,-6.10643212455081,-6.10643212455081,-6.10643212455081,-6.10643212455081,-6.10643212455081,-6.10643212455081,-6.10643212455081,-6.10643212455081,1,1,1,1,1,1,1,1,1,1,1,1,1,1,1,1,1,1,1,1,1,1,1,1,1,1,1,1,1,1,1,1,1,1,1,1,1,1,1,1
1.63183299003469,-1.05224588009304,0.918250213467769,2.33296038961291,-4.07399731430829,-0.855943848655416,0.0217844107096772,0.561266023425423,-0.38890721631593,1.8914511585609,-0.819597344245475,1.21731939350465,-0.178588482237892,-0.23609232710105,-0.435369215183597,-0.229266477753626,-0.847940414783585,2.82969858168545,1.01499004576926,-0.513130557835632,0.852209544621651,-2.93624856632011,2.92611696828149,1.97015510644647,-2.50846125607562,0.493044060290172,2.09812591055132,0.265800097888105,-1.29935858471111,0.765795480227736,-1.05221646243776,0.941762895844928,2.98956925075171,1.15296236338062,-1.07959317883801,0.738930588182566,-0.204814393598074,-0.575451101907753,1.42245973802566,1.40538642628242,-1.71310828905447,-1.56913882689676,-1.42516936473904,-1.28119990258132,-1.1372304404236,-0.993260978265882,-0.849291516108165,-0.705322053950445,-0.561352591792728,-0.417383129635011,-0.273413667477291,-0.129444205319572,0.0145252568381444,0.158494718995865,0.302464181153582,0.446433643311298,0.590403105469019,0.734372567626737,0.878342029784454,1.02231149194217,1.02231149194217,1.02231149194217,1.02231149194217,1.02231149194217,1.02231149194217,1.02231149194217,1.02231149194217,1.02231149194217,1.02231149194217,1.02231149194217,1.02231149194217,1.02231149194217,1.02231149194217,1.02231149194217,1.02231149194217,1.02231149194217,1.02231149194217,1.02231149194217,1.02231149194217,1.02231149194217,-15.082671878892,-11.1264602005615,-7.9007920883379,-5.33525994259387,-3.35945616370221,-1.90297315203567,-0.895403307967006,-0.266339031868988,0.0546272758856325,0.137903214924096,0.0538963848736671,-0.126985614638448,-0.334335183984985,-0.49774472353872,-0.546806633672384,-0.411113314758746,-0.0202571671705591,0.696169408719399,1.80857401253839,3.38736424391365,3.38736424391365,3.38736424391365,3.38736424391365,3.38736424391365,3.38736424391365,3.38736424391365,3.38736424391365,3.38736424391365,3.38736424391365,3.38736424391365,3.38736424391365,3.38736424391365,3.38736424391365,3.38736424391365,3.38736424391365,3.38736424391365,3.38736424391365,3.38736424391365,3.38736424391365,3.38736424391365,-1.53347810403399,-1.39023672271328,-1.24699534139257,-1.10375396007185,-0.960512578751143,-0.817271197430432,-0.680519302103321,-0.576531437886365,-0.509970808705933,-0.470534219607725,-0.464263005734455,-0.491515868517872,-0.495334312553837,-0.378180590687,-0.0904094674195761,0.324270476220414,0.78274109691778,1.23514236166472,1.67549323569754,2.11162370480822,2.11162370480822,2.11162370480822,2.11162370480822,2.11162370480822,2.11162370480822,2.11162370480822,2.11162370480822,2.11162370480822,2.11162370480822,2.11162370480822,2.11162370480822,2.11162370480822,2.11162370480822,2.11162370480822,2.11162370480822,2.11162370480822,2.11162370480822,2.11162370480822,2.11162370480822,2.11162370480822,1,1,1,1,1,1,1,1,1,1,1,1,1,1,1,1,1,1,1,1,1,1,1,1,1,1,1,1,1,1,1,1,1,1,1,1,1,1,1,1
-1.33121691884917,-0.460017521309243,0.625417260970329,-1.59833401668459,2.73224063292705,0.247018703128516,1.00903929586649,-0.819071911675021,-0.80134800808062,0.435628547798265,1.19765205093443,0.248216689356896,1.03789891493105,0.312680122080227,0.271202618565621,2.46792700857482,0.666324224426615,0.432123013946615,1.50882366342179,-2.08122056839352,-0.400035684712613,-1.33668564514439,-0.82185348181835,-0.680665307278439,0.813489432031295,0.815429272256463,2.49863651532134,-1.9889364996296,-1.11072678828955,-1.0826557145414,1.9125721240008,-0.765869446170667,0.792059425734809,1.07336357065127,1.38152737513892,-0.233139688744201,0.287924654038665,-1.14168032253848,-3.18858403127253,-2.06792099700225,4.37710032522704,4.08349416455546,3.78988800388388,3.4962818432123,3.20267568254072,2.90906952186914,2.61546336119756,2.32185720052598,2.0282510398544,1.73464487918281,1.44103871851124,1.14743255783965,0.853826397168072,0.560220236496493,0.266614075824911,-0.0269920848466683,-0.320598245518251,-0.614204406189831,-0.907810566861412,-1.20141672753299,-1.20141672753299,-1.20141672753299,-1.20141672753299,-1.20141672753299,-1.20141672753299,-1.20141672753299,-1.20141672753299,-1.20141672753299,-1.20141672753299,-1.20141672753299,-1.20141672753299,-1.20141672753299,-1.20141672753299,-1.20141672753299,-1.20141672753299,-1.20141672753299,-1.20141672753299,-1.20141672753299,-1.20141672753299,-1.20141672753299,11.8415458132793,9.09853696129259,6.86995069732466,5.10380617341887,3.7481225416186,2.75091895396721,2.06021456250807,1.62402851928454,1.39037997634001,1.30728808571782,1.32277199946135,1.38485086961398,1.44154384821905,1.44087008731998,1.33084873896007,1.05949895518274,0.574839888031311,-0.175109310450804,-1.24232948822026,-2.67880149323369,-2.67880149323369,-2.67880149323369,-2.67880149323369,-2.67880149323369,-2.67880149323369,-2.67880149323369,-2.67880149323369,-2.67880149323369,-2.67880149323369,-2.67880149323369,-2.67880149323369,-2.67880149323369,-2.67880149323369,-2.67880149323369,-2.67880149323369,-2.67880149323369,-2.67880149323369,-2.67880149323369,-2.67880149323369,-2.67880149323369,2.85717251797435,2.74959180652476,2.64201109507517,2.53443038362557,2.42684967217597,2.31926896072638,2.19772710059183,2.01346646257324,1.79783757883757,1.62948092029964,1.53312462483871,1.47656837682041,1.41243526011865,1.28644909815608,1.04473764938944,0.650254665394217,0.0869951056960598,-0.627159028221026,-1.43229410463016,-2.26604987627653,-2.26604987627653,-2.26604987627653,-2.26604987627653,-2.26604987627653,-2.26604987627653,-2.26604987627653,-2.26604987627653,-2.26604987627653,-2.26604987627653,-2.26604987627653,-2.26604987627653,-2.26604987627653,-2.26604987627653,-2.26604987627653,-2.26604987627653,-2.26604987627653,-2.26604987627653,-2.26604987627653,-2.26604987627653,-2.26604987627653,1,1,1,1,1,1,1,1,1,1,1,1,1,1,1,1,1,1,1,1,1,1,1,1,1,1,1,1,1,1,1,1,1,1,1,1,1,1,1,1
-0.565318989711248,-0.162164473084073,0.76445703120682,-0.289773063868032,0.267289784299911,1.60490355160118,-1.33136475641904,0.423043528113341,1.5992775495913,-0.115259451935765,1.51846143461706,0.148698033783587,-1.05729528426082,0.0785869529794763,0.685121182500366,-0.195801141187021,-1.61471565521549,0.0980275446798178,0.856660156186637,-0.120046034096836,2.88144581076276,-1.76262241020538,2.22759945413806,0.794596844402893,1.85554382571614,0.158313290484354,0.364357825102655,-1.72404890867404,-2.25704468088183,-1.33383555674708,-3.43438166262391,-0.690557195353318,-1.423072822786,-0.142473370030272,1.25623590150972,-0.778025624789269,-0.475157246675133,-1.25328726510471,-0.0959991978641241,2.17553988448842,1.23073246736836,1.21347617210983,1.19621987685131,1.17896358159278,1.16170728633426,1.14445099107573,1.1271946958172,1.10993840055868,1.09268210530015,1.07542581004163,1.0581695147831,1.04091321952458,1.02365692426605,1.00640062900752,0.989144333748996,0.971888038490471,0.954631743231946,0.93737544797342,0.920119152714891,0.90286285745637,0.90286285745637,0.90286285745637,0.90286285745637,0.90286285745637,0.90286285745637,0.90286285745637,0.90286285745637,0.90286285745637,0.90286285745637,0.90286285745637,0.90286285745637,0.90286285745637,0.90286285745637,0.90286285745637,0.90286285745637,0.90286285745637,0.90286285745637,0.90286285745637,0.90286285745637,0.90286285745637,-1.71535376470798,-0.894715560925508,-0.2399444807898,0.265701688046374,0.638965157930245,0.896588141209048,1.05531285023002,1.13188149734038,1.14303629488738,1.10551945521823,1.03607319068019,0.95143971362047,0.86836123638631,0.803579971324947,0.773838130783608,0.795877927109526,0.88644157264994,1.06227127975207,1.34010926076316,1.73669772803044,1.73669772803044,1.73669772803044,1.73669772803044,1.73669772803044,1.73669772803044,1.73669772803044,1.73669772803044,1.73669772803044,1.73669772803044,1.73669772803044,1.73669772803044,1.73669772803044,1.73669772803044,1.73669772803044,1.73669772803044,1.73669772803044,1.73669772803044,1.73669772803044,1.73669772803044,1.73669772803044,2.21227578327285,2.05196814305426,1.89166050283566,1.73135286261707,1.57104522239847,1.41073758217988,1.25328488967043,1.11237044995109,1.00059210230642,0.921115025484157,0.86371088191107,0.812501572760011,0.768908235623581,0.75641216744169,0.793193481040809,0.87759599866609,1.00574892740011,1.17859383764402,1.38664847116469,1.61016567451359,1.61016567451359,1.61016567451359,1.61016567451359,1.61016567451359,1.61016567451359,1.61016567451359,1.61016567451359,1.61016567451359,1.61016567451359,1.61016567451359,1.61016567451359,1.61016567451359,1.61016567451359,1.61016567451359,1.61016567451359,1.61016567451359,1.61016567451359,1.61016567451359,1.61016567451359,1.61016567451359,1,1,1,1,1,1,1,1,1,1,1,1,1,1,1,1,1,1,1,1,1,1,1,1,1,1,1,1,1,1,1,1,1,1,1,1,1,1,1,1
-1.61381028186719,0.102670503380405,1.15098048557156,-1.25373602547732,-0.584637762857652,-0.84063970607373,3.6080930482795,-1.45359143899239,-0.390119837545088,-1.04180293398993,1.23660903737844,-2.56544521323764,1.43789375381955,-0.52164088659212,-1.2731898422608,1.58198769437882,2.08338127719053,0.656414006136789,1.69946284528947,-0.55498537680629,-0.947919317383922,-1.16767169002222,-1.7940762495275,-2.02724752541143,-0.409135091606757,0.630571508355976,-1.56545063590023,1.06515018534862,-1.09751720677905,-1.69388069404221,1.16761783257241,-2.36527861674323,1.6640653996727,2.36287046177812,2.08773788429048,-0.793170861004777,-1.32499004576315,1.37277098220411,0.292108620389332,-4.39104422985917,-1.97244741153003,-1.73561623971964,-1.49878506790925,-1.26195389609886,-1.02512272428846,-0.788291552478074,-0.551460380667682,-0.314629208857289,-0.0777980370468967,0.159033134763495,0.395864306573888,0.632695478384278,0.869526650194672,1.10635782200506,1.34318899381545,1.58002016562584,1.81685133743624,2.05368250924663,2.29051368105702,2.52734485286741,2.52734485286741,2.52734485286741,2.52734485286741,2.52734485286741,2.52734485286741,2.52734485286741,2.52734485286741,2.52734485286741,2.52734485286741,2.52734485286741,2.52734485286741,2.52734485286741,2.52734485286741,2.52734485286741,2.52734485286741,2.52734485286741,2.52734485286741,2.52734485286741,2.52734485286741,2.52734485286741,10.7424156581257,7.03146526767594,4.12171119745171,1.93360635380057,0.387603643070042,-0.595844028392333,-1.09628375423902,-1.19326262812248,-0.966327743695201,-0.495026194609624,0.141094925481768,0.862488522926528,1.58960750407216,2.24290477526622,2.74283324285623,3.00984581318975,2.96439539261428,2.52693488747737,1.61791720412654,0.157795248909345,0.157795248909345,0.157795248909345,0.157795248909345,0.157795248909345,0.157795248909345,0.157795248909345,0.157795248909345,0.157795248909345,0.157795248909345,0.157795248909345,0.157795248909345,0.157795248909345,0.157795248909345,0.157795248909345,0.157795248909345,0.157795248909345,0.157795248909345,0.157795248909345,0.157795248909345,0.157795248909345,-2.99331651807358,-2.63382810612639,-2.2743396941792,-1.91485128223201,-1.55536287028482,-1.19587445833763,-0.837330776798246,-0.483697567983336,-0.13650103944002,0.204723569272913,0.539501464307344,0.863425255017221,1.1653473075458,1.43298381955054,1.66313946416778,1.85606614097033,1.99845234040651,2.06796274583636,2.06179878939121,2.01026931794695,2.01026931794695,2.01026931794695,2.01026931794695,2.01026931794695,2.01026931794695,2.01026931794695,2.01026931794695,2.01026931794695,2.01026931794695,2.01026931794695,2.01026931794695,2.01026931794695,2.01026931794695,2.01026931794695,2.01026931794695,2.01026931794695,2.01026931794695,2.01026931794695,2.01026931794695,2.01026931794695,1,1,1,1,1,1,1,1,1,1,1,1,1,1,1,1,1,1,1,1,1,1,1,1,1,1,1,1,1,1,1,1,1,1,1,1,1,1,1,1
-0.276275247247633,-0.844001432323715,-0.489665595497291,0.511295720200738,-1.25232902842018,1.63013926373285,-1.07317041020043,2.38313892015161,-0.47985648468846,1.44806568230657,-0.805688884521148,-0.4300138708928,-0.957191174971113,1.16194847491901,0.668625066638002,0.208890151009813,2.87805415110511,-3.45701983672974,-1.70324114277448,-1.4016822221368,0.705686769928413,1.31303798440244,0.583734698128227,0.504741617360789,0.752070830014306,1.41687177946007,0.271845442250529,-2.70170808176733,1.43309237099786,-0.626016885843516,-0.798338031240576,2.47939370856356,-0.491364831694444,2.31091575078107,-0.853669785391064,0.214061918126992,-2.59298001410316,0.772610659676886,-1.2278561003854,0.649202151434721,1.80576742110106,1.54377245590211,1.28177749070316,1.01978252550421,0.757787560305255,0.495792595106305,0.233797629907352,-0.0281973352915976,-0.290192300490549,-0.552187265689501,-0.814182230888449,-1.0761771960874,-1.33817216128635,-1.6001671264853,-1.86216209168425,-2.1241570568832,-2.38615202208216,-2.64814698728111,-2.91014195248006,-3.17213691767901,-3.17213691767901,-3.17213691767901,-3.17213691767901,-3.17213691767901,-3.17213691767901,-3.17213691767901,-3.17213691767901,-3.17213691767901,-3.17213691767901,-3.17213691767901,-3.17213691767901,-3.17213691767901,-3.17213691767901,-3.17213691767901,-3.17213691767901,-3.17213691767901,-3.17213691767901,-3.17213691767901,-3.17213691767901,-3.17213691767901,-21.1288504183382,-15.4754356570542,-10.8294762538375,-7.10478303574752,-4.21516682984407,-2.07443846318675,-0.596408762835217,0.305111444150876,0.716311330711873,0.723380069788133,0.412506834320006,-0.130119202752184,-0.81830886848806,-1.5658729899473,-2.28662239418952,-2.8943679082744,-3.30292035926159,-3.42609057421073,-3.17768938018149,-2.47152760423348,-2.47152760423348,-2.47152760423348,-2.47152760423348,-2.47152760423348,-2.47152760423348,-2.47152760423348,-2.47152760423348,-2.47152760423348,-2.47152760423348,-2.47152760423348,-2.47152760423348,-2.47152760423348,-2.47152760423348,-2.47152760423348,-2.47152760423348,-2.47152760423348,-2.47152760423348,-2.47152760423348,-2.47152760423348,-2.47152760423348,-2.04775030343293,-1.75335525513534,-1.45896020683775,-1.16456515854017,-0.870170110242578,-0.57577506194499,-0.289452746140965,-0.0557576184112101,0.0616844886307195,0.0271275787430643,-0.153471214258598,-0.468729975198142,-0.911260580623823,-1.42954330549826,-1.91878583387231,-2.30374543781145,-2.60243740800149,-2.87609592569581,-3.15155329552024,-3.42478049618861,-3.42478049618861,-3.42478049618861,-3.42478049618861,-3.42478049618861,-3.42478049618861,-3.42478049618861,-3.42478049618861,-3.42478049618861,-3.42478049618861,-3.42478049618861,-3.42478049618861,-3.42478049618861,-3.42478049618861,-3.42478049618861,-3.42478049618861,-3.42478049618861,-3.42478049618861,-3.42478049618861,-3.42478049618861,-3.42478049618861,1,1,1,1,1,1,1,1,1,1,1,1,1,1,1,1,1,1,1,1,1,1,1,1,1,1,1,1,1,1,1,1,1,1,1,1,1,1,1,1
-0.911625854245892,-1.21070014766692,-0.248524027775588,-1.32380670659617,0.419616128383544,0.887997456400091,-1.24902323678216,-0.220093909722888,0.625203166448641,-0.29235081416334,1.38993666709508,-0.325999187797231,-3.54719747543639,0.787128002462126,-2.59068826215761,0.485789127833637,-2.29024299090032,1.54318441104999,-1.58400452865163,1.54770317148364,-0.907678941024619,0.149280456284679,-1.69442129149264,-0.167866071494768,0.586949733248002,0.823299167626454,-0.167864049629383,0.13963699287968,-0.301171807662564,0.520879115596818,-0.816450868486683,0.0409466323815035,-0.69166910993691,-0.343558582897133,1.21454333623016,0.464429583095306,0.604133691190171,-1.2900871866521,-0.611163434124073,0.842431257503039,-1.97731362068212,-1.90884972376729,-1.84038582685246,-1.77192192993763,-1.7034580330228,-1.63499413610797,-1.56653023919314,-1.49806634227831,-1.42960244536348,-1.36113854844865,-1.29267465153382,-1.22421075461899,-1.15574685770416,-1.08728296078932,-1.01881906387449,-0.950355166959662,-0.881891270044834,-0.813427373130002,-0.744963476215172,-0.676499579300339,-0.676499579300339,-0.676499579300339,-0.676499579300339,-0.676499579300339,-0.676499579300339,-0.676499579300339,-0.676499579300339,-0.676499579300339,-0.676499579300339,-0.676499579300339,-0.676499579300339,-0.676499579300339,-0.676499579300339,-0.676499579300339,-0.676499579300339,-0.676499579300339,-0.676499579300339,-0.676499579300339,-0.676499579300339,-0.676499579300339,-39.4573932806964,-29.1742687048367,-20.7445425787118,-13.9990424811793,-8.7685959910965,-4.884030687321,-2.1761741487102,-0.475853954121606,0.386102317587344,0.578867087559193,0.271612776936459,-0.366488193138354,-1.16626340152265,-1.95854042707395,-2.5741468486497,-2.84391024510731,-2.59865819530435,-1.66921827809824,0.113581927653618,2.91891484309363,2.91891484309363,2.91891484309363,2.91891484309363,2.91891484309363,2.91891484309363,2.91891484309363,2.91891484309363,2.91891484309363,2.91891484309363,2.91891484309363,2.91891484309363,2.91891484309363,2.91891484309363,2.91891484309363,2.91891484309363,2.91891484309363,2.91891484309363,2.91891484309363,2.91891484309363,2.91891484309363,-4.18118703967917,-3.80593500435055,-3.43068296902193,-3.05543093369331,-2.6801788983647,-2.30492686303608,-1.93304334742662,-1.58388011840396,-1.29153389424532,-1.09256026992708,-0.993702391484494,-0.95784889954983,-0.943540965260667,-0.935225136796163,-0.918810217174183,-0.874147483397842,-0.81087762724329,-0.763133866649142,-0.740673282723725,-0.727455275278809,-0.727455275278809,-0.727455275278809,-0.727455275278809,-0.727455275278809,-0.727455275278809,-0.727455275278809,-0.727455275278809,-0.727455275278809,-0.727455275278809,-0.727455275278809,-0.727455275278809,-0.727455275278809,-0.727455275278809,-0.727455275278809,-0.727455275278809,-0.727455275278809,-0.727455275278809,-0.727455275278809,-0.727455275278809,-0.727455275278809,1,1,1,1,1,1,1,1,1,1,1,1,1,1,1,1,1,1,1,1,1,1,1,1,1,1,1,1,1,1,1,1,1,1,1,1,1,1,1,1
0.582425302225368,1.02660378969129,-0.945257500457113,0.270178750443578,1.96324852723839,2.37878571307114,-3.93098778098226,1.46564717103892,1.03321085677025,1.00309072010132,1.37160579610831,-0.638848742879862,0.297549280551566,-2.21155310687073,2.0272078304105,-0.482771984684435,1.30583240989515,-1.11515248503785,0.536013912040945,-0.961461468211903,-0.120467427760312,-0.428300475931266,-0.00215973103562028,-0.0586319434450466,0.0397989758848283,0.792159908300434,0.209082317958178,-1.06999609316796,1.95436467144135,2.64765870486919,-3.32560558906991,1.81201708204459,1.65710222038026,-1.48240164917237,0.316118934942331,4.03254331476456,-0.978089311777097,-2.5318343249998,-0.812312601555631,1.48256824722872,1.30283345441092,1.25173122769396,1.20062900097699,1.14952677426003,1.09842454754307,1.0473223208261,0.996220094109137,0.945117867392172,0.894015640675212,0.842913413958245,0.791811187241283,0.740708960524319,0.689606733807354,0.63850450709039,0.58740228037343,0.536300053656465,0.485197826939501,0.434095600222536,0.382993373505574,0.33189114678861,0.33189114678861,0.33189114678861,0.33189114678861,0.33189114678861,0.33189114678861,0.33189114678861,0.33189114678861,0.33189114678861,0.33189114678861,0.33189114678861,0.33189114678861,0.33189114678861,0.33189114678861,0.33189114678861,0.33189114678861,0.33189114678861,0.33189114678861,0.33189114678861,0.33189114678861,0.33189114678861,-15.6105598682379,-11.339269556449,-7.79597082493834,-4.91884714841307,-2.64608200158039,-0.915858859147466,0.333638804178471,1.16422751369032,1.63772379468085,1.81594417244288,1.76070517226924,1.53382331945278,1.19711513928628,0.812397157062602,0.441485898074513,0.146197887614855,-0.0116503490235331,0.0297577134521472,0.332238600334737,0.957608836917105,0.957608836917105,0.957608836917105,0.957608836917105,0.957608836917105,0.957608836917105,0.957608836917105,0.957608836917105,0.957608836917105,0.957608836917105,0.957608836917105,0.957608836917105,0.957608836917105,0.957608836917105,0.957608836917105,0.957608836917105,0.957608836917105,0.957608836917105,0.957608836917105,0.957608836917105,0.957608836917105,-4.87133368493355,-4.0153806787432,-3.1594276725529,-2.30347466636259,-1.44752166017225,-0.591568653981932,0.264724859102821,1.09154214974265,1.72913657549525,1.99721203631385,1.84556405973329,1.36235154450772,0.74429635570081,0.252262337442517,0.0505486609914136,0.0788818068563959,0.181981199382246,0.329768606709109,0.603509329421643,1.00554950245979,1.00554950245979,1.00554950245979,1.00554950245979,1.00554950245979,1.00554950245979,1.00554950245979,1.00554950245979,1.00554950245979,1.00554950245979,1.00554950245979,1.00554950245979,1.00554950245979,1.00554950245979,1.00554950245979,1.00554950245979,1.00554950245979,1.00554950245979,1.00554950245979,1.00554950245979,1.00554950245979,1,1,1,1,1,1,1,1,1,1,1,1,1,1,1,1,1,1,1,1,1,1,1,1,1,1,1,1,1,1,1,1,1,1,1,1,1,1,1,1
1.38515146737396,0.110705010757545,0.138496298440275,-1.86858542362711,-0.909850207806189,-0.321841849776066,-2.59853595774154,-0.19478972431876,3.52822999193249,-1.91173688270382,-0.703674906532747,1.4850874436724,-0.695577424671654,-0.575649022699668,1.03705923282893,0.831581675099342,1.69837569487159,-0.678291843326782,-0.635160581275617,-1.84731300004241,1.2798878383528,0.111664139120892,-2.07758160708062,0.95577911591891,1.43623445312918,-0.531604094757501,0.293569067408102,-1.33292089239495,0.23264158479355,0.458864444517545,0.931380414271235,-0.695935862193739,2.79622992898265,-2.98205591210527,0.634794591415309,-0.655477573293904,1.25958818352054,0.164013973048377,-1.73938339680102,-0.975186935746626,-4.16293032535942,-3.92496500944931,-3.68699969353919,-3.44903437762907,-3.21106906171896,-2.97310374580884,-2.73513842989872,-2.49717311398861,-2.25920779807849,-2.02124248216837,-1.78327716625825,-1.54531185034814,-1.30734653443802,-1.0693812185279,-0.831415902617785,-0.593450586707666,-0.35548527079755,-0.117519954887435,0.120445361022684,0.358410676932801,0.358410676932801,0.358410676932801,0.358410676932801,0.358410676932801,0.358410676932801,0.358410676932801,0.358410676932801,0.358410676932801,0.358410676932801,0.358410676932801,0.358410676932801,0.358410676932801,0.358410676932801,0.358410676932801,0.358410676932801,0.358410676932801,0.358410676932801,0.358410676932801,0.358410676932801,0.358410676932801,2.52899184438342,0.682703406499126,-0.733121455073416,-1.76219759579204,-2.44823987111459,-2.83496313649887,-2.96608224740274,-2.88531205928401,-2.63636742760053,-2.26296320781012,-1.80881425537061,-1.31763542573984,-0.833141574375636,-0.39904755673583,-0.0590682282782424,0.143081555539249,0.163686939258884,-0.0409669325772199,-0.514594915426894,-1.30091186474792,-1.30091186474792,-1.30091186474792,-1.30091186474792,-1.30091186474792,-1.30091186474792,-1.30091186474792,-1.30091186474792,-1.30091186474792,-1.30091186474792,-1.30091186474792,-1.30091186474792,-1.30091186474792,-1.30091186474792,-1.30091186474792,-1.30091186474792,-1.30091186474792,-1.30091186474792,-1.30091186474792,-1.30091186474792,-1.30091186474792,-4.3927890993015,-4.12478515659245,-3.85678121388341,-3.58877727117437,-3.32077332846533,-3.05276938575629,-2.7847777253613,-2.51716357264555,-2.2517002426874,-1.99107343442069,-1.73745772857665,-1.49175957497105,-1.25370663779062,-1.02235191019684,-0.796664792872722,-0.575661216622935,-0.358047588563243,-0.142238777491279,0.0730212073698748,0.288261559866902,0.288261559866902,0.288261559866902,0.288261559866902,0.288261559866902,0.288261559866902,0.288261559866902,0.288261559866902,0.288261559866902,0.288261559866902,0.288261559866902,0.288261559866902,0.288261559866902,0.288261559866902,0.288261559866902,0.288261559866902,0.288261559866902,0.288261559866902,0.288261559866902,0.288261559866902,0.288261559866902,1,1,1,1,1,1,0,0,1,1,1,1,1,1,1,1,1,1,1,1,1,1,1,1,1,1,1,1,1,1,1,1,1,1,1,1,1,1,1,1
1.40606490845355,-1.44143784767978,-0.00547105814810767,-2.69502444662926,0.0102677426680149,1.63290819810009,-0.927533601922685,0.335663746397731,0.185794373358164,1.41264279832998,-0.146074647113931,0.850664401962517,0.0832176072520099,0.986833101060395,2.76006744223344,-2.26560234800592,1.02561732642137,-1.42757995878796,0.69262552868839,0.257176126831633,0.214692988224458,1.05419735972283,-1.98357607744483,1.14446186471287,-1.73664558518292,1.73376877331785,-0.640150499234791,-1.76103419569293,-0.146180178085915,-0.834564842047019,0.47777845311052,-0.14235725202734,-0.297745377894898,-0.674305568918539,-2.13260005982674,-0.135971572407467,1.36607727129371,-0.276000776330715,0.362247781655771,-0.431688241275761,-0.155817196113908,-0.09533804618445,-0.0348588962549954,0.0256202536744619,0.0860994036039173,0.146578553533374,0.20705770346283,0.267536853392288,0.328016003321743,0.388495153251197,0.448974303180655,0.509453453110114,0.56993260303957,0.630411752969025,0.690890902898481,0.751370052827939,0.811849202757394,0.87232835268685,0.932807502616306,0.993286652545763,0.993286652545763,0.993286652545763,0.993286652545763,0.993286652545763,0.993286652545763,0.993286652545763,0.993286652545763,0.993286652545763,0.993286652545763,0.993286652545763,0.993286652545763,0.993286652545763,0.993286652545763,0.993286652545763,0.993286652545763,0.993286652545763,0.993286652545763,0.993286652545763,0.993286652545763,0.993286652545763,32.2888340775684,24.217758281737,17.4651694058859,11.9252983887641,7.49237616912054,4.06063368570432,1.52430187726445,-0.22238831745006,-1.28520595969016,-1.76992011070692,-1.78229983175124,-1.42811418407421,-0.813132228926628,-0.0431230275596697,0.77614435877587,1.53890086882886,2.13937744134827,2.4718050150834,2.43041452878296,1.90943692119618,1.90943692119618,1.90943692119618,1.90943692119618,1.90943692119618,1.90943692119618,1.90943692119618,1.90943692119618,1.90943692119618,1.90943692119618,1.90943692119618,1.90943692119618,1.90943692119618,1.90943692119618,1.90943692119618,1.90943692119618,1.90943692119618,1.90943692119618,1.90943692119618,1.90943692119618,1.90943692119618,55.4950180138142,46.260938744384,37.0268594749543,27.7927802055243,18.5587009360941,9.32462166666416,0.584071086212191,-5.367768536563,-6.89974671027677,-4.69362842212827,-0.872245828620706,2.77510177517316,5.24637866530701,5.5212114889898,2.98808565272719,-0.695580424635393,-2.22519975448084,-0.574637542298586,1.76508257773316,2.88370663662975,2.88370663662975,2.88370663662975,2.88370663662975,2.88370663662975,2.88370663662975,2.88370663662975,2.88370663662975,2.88370663662975,2.88370663662975,2.88370663662975,2.88370663662975,2.88370663662975,2.88370663662975,2.88370663662975,2.88370663662975,2.88370663662975,2.88370663662975,2.88370663662975,2.88370663662975,2.88370663662975,1,1,1,1,1,1,1,1,1,1,1,1,1,1,1,1,1,1,1,1,1,1,1,1,1,1,1,1,1,1,1,1,1,1,1,1,1,1,1,1
0.514414907374094,-1.78202718789561,-1.14612443337158,0.525687134255486,-1.97962461471218,0.93006224923908,-1.02349467879956,-1.33794198483637,1.54511589875072,1.64993588848632,-2.04481140513761,-0.134847311574012,1.21368346364917,-1.39339043811034,-0.02598328006302,-0.838179338386286,-1.95170385322288,0.751233659358194,0.366526256515629,1.91078468805624,-0.589214575010882,-0.299907868313326,-0.252488298335429,-0.535684130928432,-0.911671880048964,-1.96162614927167,-1.42372653639819,2.06671635536104,-1.18611436329198,0.647367651628503,1.2946731269152,1.56399255941686,-0.815883946406718,2.52458952470334,-2.47453499296851,-1.15920955203734,-2.01890919899705,-0.290361941111209,1.02715070043209,0.374980018171915,-4.00018283033079,-3.64837230754803,-3.29656178476527,-2.94475126198252,-2.59294073919976,-2.241130216417,-1.88931969363425,-1.53750917085149,-1.18569864806873,-0.833888125285974,-0.482077602503217,-0.130267079720461,0.221543443062297,0.573353965845055,0.925164488627811,1.27697501141057,1.62878553419333,1.98059605697608,2.33240657975884,2.6842171025416,2.6842171025416,2.6842171025416,2.6842171025416,2.6842171025416,2.6842171025416,2.6842171025416,2.6842171025416,2.6842171025416,2.6842171025416,2.6842171025416,2.6842171025416,2.6842171025416,2.6842171025416,2.6842171025416,2.6842171025416,2.6842171025416,2.6842171025416,2.6842171025416,2.6842171025416,2.6842171025416,-2.32415792495416,-2.29547273503799,-2.2350068310548,-2.1432923452074,-2.02086140969861,-1.86824615673124,-1.68597871850812,-1.47459122723205,-1.23461581510585,-0.966584614332328,-0.67102975711431,-0.348483375654611,0.000522397843960576,0.375455431178588,0.77578359214645,1.20097474854474,1.65049676817064,2.12381751882134,2.62040486829401,3.13972668438585,3.13972668438585,3.13972668438585,3.13972668438585,3.13972668438585,3.13972668438585,3.13972668438585,3.13972668438585,3.13972668438585,3.13972668438585,3.13972668438585,3.13972668438585,3.13972668438585,3.13972668438585,3.13972668438585,3.13972668438585,3.13972668438585,3.13972668438585,3.13972668438585,3.13972668438585,3.13972668438585,-3.76788839621274,-3.41224584129958,-3.05660328638643,-2.70096073147328,-2.34531817656012,-1.98967562164697,-1.63550272664043,-1.29555504450781,-0.997055580543725,-0.73438103903981,-0.493201161404707,-0.311169624570368,-0.196459113954996,-0.0312881325129837,0.313742294658038,0.83167244005242,1.44078890522818,2.1012273711367,2.80138893029019,3.51952655805339,3.51952655805339,3.51952655805339,3.51952655805339,3.51952655805339,3.51952655805339,3.51952655805339,3.51952655805339,3.51952655805339,3.51952655805339,3.51952655805339,3.51952655805339,3.51952655805339,3.51952655805339,3.51952655805339,3.51952655805339,3.51952655805339,3.51952655805339,3.51952655805339,3.51952655805339,3.51952655805339,1,1,1,1,1,1,1,1,1,1,1,1,1,1,1,1,1,1,1,1,1,1,1,1,1,1,1,1,1,1,1,1,1,1,1,1,1,1,1,1
0.154245706769125,1.14168619986847,-1.94951656246286,2.64202501891864,0.466122938198373,-1.10264477939392,3.47715997357488,-0.130808952540329,1.11604786194245,0.603717963253867,1.34098361584175,-1.00924862622833,-2.26445890893527,0.225581924696773,-0.0588567125745723,-1.49219977492332,-0.109650848790498,0.706592304582058,1.13394635073662,1.12720422494019,1.02538915229145,-0.725140732382084,0.55310988833882,0.439869479046129,-1.30253297570376,-1.52860898667512,-2.68953167300378,-0.00898153973848359,-1.63000423390673,-2.13335386661003,-0.350075717823305,1.66462378417675,1.01352130505271,1.96690465904627,-0.162302216430172,-1.36243673170193,2.48151526296526,1.68557598899636,0.800009033369658,-1.22271175206876,-2.52125308122968,-2.37747063352199,-2.23368818581429,-2.0899057381066,-1.9461232903989,-1.80234084269121,-1.65855839498351,-1.51477594727582,-1.37099349956812,-1.22721105186043,-1.08342860415273,-0.939646156445038,-0.795863708737341,-0.652081261029648,-0.50829881332195,-0.364516365614257,-0.220733917906562,-0.0769514701988676,0.0668309775088325,0.210613425216524,0.210613425216524,0.210613425216524,0.210613425216524,0.210613425216524,0.210613425216524,0.210613425216524,0.210613425216524,0.210613425216524,0.210613425216524,0.210613425216524,0.210613425216524,0.210613425216524,0.210613425216524,0.210613425216524,0.210613425216524,0.210613425216524,0.210613425216524,0.210613425216524,0.210613425216524,0.210613425216524,0.994480349406835,0.492331216582761,0.046826563236003,-0.342251978753499,-0.675122777505784,-0.952004201140933,-1.17311461777898,-1.33867239553998,-1.448895902544,-1.50400350691109,-1.50421357676131,-1.44974448021471,-1.34081458539134,-1.17764226041126,-0.960445873394534,-0.689443792461185,-0.364854385731324,0.0131039786750478,0.444212932637832,0.92825410803702,0.92825410803702,0.92825410803702,0.92825410803702,0.92825410803702,0.92825410803702,0.92825410803702,0.92825410803702,0.92825410803702,0.92825410803702,0.92825410803702,0.92825410803702,0.92825410803702,0.92825410803702,0.92825410803702,0.92825410803702,0.92825410803702,0.92825410803702,0.92825410803702,0.92825410803702,0.92825410803702,-1.71335245305649,-1.60780702830232,-1.50226160354814,-1.39671617879396,-1.29117075403979,-1.18562532928561,-1.09024599167274,-1.05279600942886,-1.11183447079366,-1.2678435666344,-1.48090214253516,-1.67233621369752,-1.7438544950239,-1.62926430185317,-1.332050338827,-0.898215834246157,-0.371981184620028,0.19976056359244,0.760429328075384,1.28787125896616,1.28787125896616,1.28787125896616,1.28787125896616,1.28787125896616,1.28787125896616,1.28787125896616,1.28787125896616,1.28787125896616,1.28787125896616,1.28787125896616,1.28787125896616,1.28787125896616,1.28787125896616,1.28787125896616,1.28787125896616,1.28787125896616,1.28787125896616,1.28787125896616,1.28787125896616,1.28787125896616,1,1,1,1,1,1,1,1,1,1,1,1,1,1,1,1,1,1,1,1,1,1,1,1,1,1,1,1,1,1,1,1,1,1,1,1,1,1,1,1
-1.1575004549467,2.19733729965284,-0.133787737573394,-0.456499818744631,-1.53172607624796,0.834479577226028,0.677480907147116,0.646769334852079,1.47727400791712,0.0352406124655875,0.188252498266987,0.181354821719463,-1.31249358687651,-2.23867781679862,1.08003168231137,-1.91092249653699,-2.89321244529576,0.144391558645532,-0.999787862434323,-0.190414421792235,-1.11684191022856,-0.806278091693098,2.93138652111103,3.91445906508005,1.34451353864528,0.379192646899183,-0.743680034557656,1.07302356901246,1.35191466083909,1.73343181791058,-2.71013196758148,-1.59400827878936,1.79244867967589,0.900860379038095,-0.639117896677487,-0.060505122434737,0.281104012756968,-0.522793881633827,-0.463661250627089,-1.04442033832697,3.05222560157119,2.76858080033652,2.48493599910184,2.20129119786717,1.91764639663251,1.63400159539784,1.35035679416317,1.06671199292849,0.783067191693826,0.499422390459156,0.215777589224487,-0.0678672120101833,-0.351512013244852,-0.635156814479522,-0.918801615714193,-1.20244641694886,-1.48609121818353,-1.7697360194182,-2.05338082065287,-2.33702562188754,-2.33702562188754,-2.33702562188754,-2.33702562188754,-2.33702562188754,-2.33702562188754,-2.33702562188754,-2.33702562188754,-2.33702562188754,-2.33702562188754,-2.33702562188754,-2.33702562188754,-2.33702562188754,-2.33702562188754,-2.33702562188754,-2.33702562188754,-2.33702562188754,-2.33702562188754,-2.33702562188754,-2.33702562188754,-2.33702562188754,10.6172373631929,8.51953620927915,6.69830574072316,5.13304606187307,3.80325727707699,2.68843949068302,1.76809280703927,1.02171733049384,0.428813165394848,-0.031119583909625,-0.378580813071459,-0.634070417742555,-0.8180882935748,-0.951134336220099,-1.05370844133034,-1.14631050455742,-1.24944042155324,-1.38359808796969,-1.56928339945867,-1.82699625167206,-1.82699625167206,-1.82699625167206,-1.82699625167206,-1.82699625167206,-1.82699625167206,-1.82699625167206,-1.82699625167206,-1.82699625167206,-1.82699625167206,-1.82699625167206,-1.82699625167206,-1.82699625167206,-1.82699625167206,-1.82699625167206,-1.82699625167206,-1.82699625167206,-1.82699625167206,-1.82699625167206,-1.82699625167206,-1.82699625167206,3.41843928048741,3.12601934882135,2.83359941715526,2.54117948548919,2.24875955382312,1.95633962215705,1.64861544753617,1.26134302335745,0.775372112547352,0.23197104910669,-0.298528595126662,-0.71804361694687,-0.932829107073676,-0.934541903623105,-0.836522810270711,-0.818052490093573,-1.01579515167985,-1.43268731869744,-1.95695168047623,-2.49199672409225,-2.49199672409225,-2.49199672409225,-2.49199672409225,-2.49199672409225,-2.49199672409225,-2.49199672409225,-2.49199672409225,-2.49199672409225,-2.49199672409225,-2.49199672409225,-2.49199672409225,-2.49199672409225,-2.49199672409225,-2.49199672409225,-2.49199672409225,-2.49199672409225,-2.49199672409225,-2.49199672409225,-2.49199672409225,-2.49199672409225,1,1,1,1,1,1,1,1,1,1,1,1,1,1,1,1,1,1,1,1,1,1,1,1,1,1,1,1,1,1,1,1,1,1,1,1,1,1,1,1
-0.424190973976546,-1.58550631939136,0.340969485761901,0.774976351066661,-1.89993823552832,0.381381243417797,1.99196698805726,-1.70196788654085,0.299462768828464,-0.156263398479707,0.522962820395339,0.573353243003918,1.48973040361854,1.28099140880643,1.32341308117766,-0.979259764122132,2.22724667306458,-0.717604665155436,0.0237968573237541,-0.47899632418318,0.504171183945099,-0.590090452581293,0.528824267205566,-1.48959623442655,0.384087335361652,-1.27371239741961,0.00647648711114712,-1.30540584474352,0.20987474826379,0.736164572919412,-0.52793344099555,1.01960887155538,-0.022832137368253,0.206627442027598,1.31390068882858,0.23056245941441,-0.750979017490733,-2.03666843728772,1.61287279464714,0.580166016523947,1.49660153322014,1.42579514820696,1.35498876319378,1.28418237818061,1.21337599316743,1.14256960815425,1.07176322314107,1.00095683812789,0.930150453114717,0.859344068101537,0.788537683088361,0.717731298075183,0.646924913062005,0.576118528048825,0.505312143035649,0.434505758022468,0.363699373009293,0.292892987996114,0.222086602982934,0.151280217969759,0.151280217969759,0.151280217969759,0.151280217969759,0.151280217969759,0.151280217969759,0.151280217969759,0.151280217969759,0.151280217969759,0.151280217969759,0.151280217969759,0.151280217969759,0.151280217969759,0.151280217969759,0.151280217969759,0.151280217969759,0.151280217969759,0.151280217969759,0.151280217969759,0.151280217969759,0.151280217969759,-11.3319677563626,-8.1213665996131,-5.47255929377544,-3.33647468343291,-1.66404161316877,-0.406188927566287,0.486154528791257,1.0620599113206,1.37059837543848,1.46084107656159,1.38185917010671,1.18272381149054,0.912506156129815,0.620277359441248,0.355108576841602,0.166070963747595,0.102235675575944,0.212673867743389,0.54645669566664,1.15265531476246,1.15265531476246,1.15265531476246,1.15265531476246,1.15265531476246,1.15265531476246,1.15265531476246,1.15265531476246,1.15265531476246,1.15265531476246,1.15265531476246,1.15265531476246,1.15265531476246,1.15265531476246,1.15265531476246,1.15265531476246,1.15265531476246,1.15265531476246,1.15265531476246,1.15265531476246,1.15265531476246,0.368454639970882,0.449225539064733,0.529996438158582,0.610767337252431,0.691538236346285,0.772309135440138,0.847355514213433,0.893062786527247,0.903643761255596,0.890010709307271,0.855019874848674,0.792972506232584,0.706725817839965,0.613555039043145,0.536515741866454,0.492178954990962,0.483459878015564,0.503214664426402,0.542223877084668,0.591073456739281,0.591073456739281,0.591073456739281,0.591073456739281,0.591073456739281,0.591073456739281,0.591073456739281,0.591073456739281,0.591073456739281,0.591073456739281,0.591073456739281,0.591073456739281,0.591073456739281,0.591073456739281,0.591073456739281,0.591073456739281,0.591073456739281,0.591073456739281,0.591073456739281,0.591073456739281,0.591073456739281,1,1,1,1,1,1,1,1,1,1,1,1,1,1,1,1,1,1,1,1,1,1,1,1,1,1,1,1,1,1,1,1,1,1,1,1,1,1,1,1
1.90038320685235,-1.50881146821939,2.25016459093749,1.05104941597145,1.71724185649752,-0.565807442351936,-2.83561815000797,0.706528043069136,-1.44333301710207,-2.09326903335503,-0.195499597472764,-0.236674459737873,-2.18438884697352,0.555330548970279,-1.06052796549104,-1.45403799565367,-1.31295491066116,-2.23492382589118,-1.86350243307002,-0.484804543998829,-0.93222659953684,1.29928409732059,0.607288788198529,0.459110062831956,0.461283661878634,0.0237345262388367,-2.0727065923696,-1.48500368409575,-1.10978609855098,-1.17090360281075,-0.337817007838645,-2.41322212753039,-0.975555313476805,0.271836853309171,0.223368949104787,0.659636467919594,-0.613623605308588,3.1359248685552,0.748029386508101,1.1692776698118,-1.98350398655668,-1.96912981869333,-1.95475565082999,-1.94038148296664,-1.92600731510329,-1.91163314723995,-1.8972589793766,-1.88288481151326,-1.86851064364991,-1.85413647578657,-1.83976230792322,-1.82538814005988,-1.81101397219653,-1.79663980433319,-1.78226563646984,-1.7678914686065,-1.75351730074315,-1.73914313287981,-1.72476896501646,-1.71039479715311,-1.71039479715311,-1.71039479715311,-1.71039479715311,-1.71039479715311,-1.71039479715311,-1.71039479715311,-1.71039479715311,-1.71039479715311,-1.71039479715311,-1.71039479715311,-1.71039479715311,-1.71039479715311,-1.71039479715311,-1.71039479715311,-1.71039479715311,-1.71039479715311,-1.71039479715311,-1.71039479715311,-1.71039479715311,-1.71039479715311,-4.84453614789918,-3.71401964787529,-2.85206739994668,-2.22862854416777,-1.81365222059298,-1.57708756927674,-1.48888373027347,-1.51898984363758,-1.63735504942351,-1.81392848768567,-2.01865929847849,-2.22149662185637,-2.39238959787377,-2.50128736658507,-2.51813906804473,-2.41289384230713,-2.15550082942674,-1.71590916945794,-1.06406800245518,-0.169926468472861,-0.169926468472861,-0.169926468472861,-0.169926468472861,-0.169926468472861,-0.169926468472861,-0.169926468472861,-0.169926468472861,-0.169926468472861,-0.169926468472861,-0.169926468472861,-0.169926468472861,-0.169926468472861,-0.169926468472861,-0.169926468472861,-0.169926468472861,-0.169926468472861,-0.169926468472861,-0.169926468472861,-0.169926468472861,-0.169926468472861,0.188606919070504,-0.0789937504810254,-0.346594420032567,-0.614195089584099,-0.881795759135633,-1.14939642868717,-1.41493722013561,-1.6696889899302,-1.90781829966991,-2.11691593449105,-2.2731293361361,-2.35779512153871,-2.36529297289474,-2.2923965224453,-2.14114253899357,-1.93603190278241,-1.71563464156949,-1.49924381473991,-1.2786902528735,-1.04704183838923,-1.04704183838923,-1.04704183838923,-1.04704183838923,-1.04704183838923,-1.04704183838923,-1.04704183838923,-1.04704183838923,-1.04704183838923,-1.04704183838923,-1.04704183838923,-1.04704183838923,-1.04704183838923,-1.04704183838923,-1.04704183838923,-1.04704183838923,-1.04704183838923,-1.04704183838923,-1.04704183838923,-1.04704183838923,-1.04704183838923,1,1,1,1,1,1,1,1,1,1,1,1,1,1,1,1,1,1,1,1,1,1,1,1,1,1,1,1,1,1,1,1,1,1,1,1,1,1,1,1
-2.44620759888815,0.204864496208551,0.217660395063438,1.80919484721804,-0.666258908508053,-1.79055172792274,0.489295798745096,2.07494261020894,0.0326857924122415,0.370326749860281,2.20002905372946,-0.231361711039886,-0.435314768524915,1.16924040323114,0.302973184516368,-0.931819970267481,-2.11667285551374,-1.00818416125138,-1.68910789320819,0.237603714613993,0.142926724291124,-0.186470982515681,-0.335443605257733,1.02851410435807,1.02992663401979,-2.71952417687167,0.600386159982463,1.33037334928358,-0.0157663750470327,-1.70873480688836,1.66008579943657,-0.0369173596127794,-1.78580245658987,-0.43096258477833,1.19416714798855,3.53650083150961,-0.914332838832893,-0.979278769204313,-1.69456062527602,0.493083152203939,6.78288286349466,6.16364798792322,5.54441311235178,4.92517823678034,4.3059433612089,3.68670848563746,3.06747361006602,2.44823873449457,1.82900385892313,1.20976898335169,0.590534107780252,-0.0287007677911912,-0.647935643362631,-1.26717051893407,-1.88640539450551,-2.50564027007696,-3.1248751456484,-3.74411002121984,-4.36334489679128,-4.98257977236272,-4.98257977236272,-4.98257977236272,-4.98257977236272,-4.98257977236272,-4.98257977236272,-4.98257977236272,-4.98257977236272,-4.98257977236272,-4.98257977236272,-4.98257977236272,-4.98257977236272,-4.98257977236272,-4.98257977236272,-4.98257977236272,-4.98257977236272,-4.98257977236272,-4.98257977236272,-4.98257977236272,-4.98257977236272,-4.98257977236272,-14.688637394647,-9.28979613670846,-5.00668588446992,-1.73616112413477,0.624923658093563,2.17971397601168,3.03135534341619,3.28299327410367,3.0377732818707,2.39884088051392,1.46934158382988,0.352420905615189,-0.848775640333548,-2.03110254021975,-3.09141428024683,-3.92656534661817,-4.4334102255372,-4.50880340320732,-4.04959936583192,-2.95265259961442,-2.95265259961442,-2.95265259961442,-2.95265259961442,-2.95265259961442,-2.95265259961442,-2.95265259961442,-2.95265259961442,-2.95265259961442,-2.95265259961442,-2.95265259961442,-2.95265259961442,-2.95265259961442,-2.95265259961442,-2.95265259961442,-2.95265259961442,-2.95265259961442,-2.95265259961442,-2.95265259961442,-2.95265259961442,-2.95265259961442,6.7724806856503,6.15467140052889,5.53686211540748,4.91905283028607,4.30124354516466,3.68343426004325,3.0656080419553,2.4476821403198,1.82957719157501,1.21126634809272,0.592719959353902,-0.0261499384251298,-0.645413833282316,-1.26504775785468,-1.88498896286076,-2.50517790509739,-3.12552129879858,-3.74593700217901,-4.36642866291762,-4.98700182678098,-4.98700182678098,-4.98700182678098,-4.98700182678098,-4.98700182678098,-4.98700182678098,-4.98700182678098,-4.98700182678098,-4.98700182678098,-4.98700182678098,-4.98700182678098,-4.98700182678098,-4.98700182678098,-4.98700182678098,-4.98700182678098,-4.98700182678098,-4.98700182678098,-4.98700182678098,-4.98700182678098,-4.98700182678098,-4.98700182678098,1,1,1,1,1,1,1,1,1,1,1,1,1,1,1,1,0,0,0,1,1,1,1,1,1,1,1,1,1,1,1,1,1,1,1,1,1,1,1,1
0.442493979006148,-2.2160560632882,-1.13007329685994,-0.820381113404067,-1.40670597405113,-0.326160897446451,-1.68415517732367,0.677423723245276,0.521094885169166,-1.73092257997796,-1.5638626949726,-0.604818019981815,-0.0614446092945649,-0.319895169193671,-1.23140249710923,-1.17813030968019,0.146915417561967,0.484283399288655,1.87110560145476,0.00688284559275409,-0.885859933529801,2.45007682644064,1.18363381367391,1.94882957029927,-1.88651952012167,1.55414922113878,1.30942553760395,-2.8182160805209,1.47210725943262,1.88593974583985,0.26687570269833,1.06334302898736,0.0560961010753243,-0.121332480634903,-1.11121002175008,-1.92788874395711,-1.73100469163436,-0.160713490905886,0.855811289098925,0.656512055138142,-1.96790473855267,-1.80777612211462,-1.64764750567657,-1.48751888923852,-1.32739027280047,-1.16726165636242,-1.00713303992437,-0.847004423486323,-0.686875807048272,-0.526747190610221,-0.366618574172174,-0.206489957734124,-0.0463613412960751,0.113767275141976,0.273895891580025,0.434024508018073,0.594153124456126,0.754281740894175,0.914410357332224,1.07453897377027,1.07453897377027,1.07453897377027,1.07453897377027,1.07453897377027,1.07453897377027,1.07453897377027,1.07453897377027,1.07453897377027,1.07453897377027,1.07453897377027,1.07453897377027,1.07453897377027,1.07453897377027,1.07453897377027,1.07453897377027,1.07453897377027,1.07453897377027,1.07453897377027,1.07453897377027,1.07453897377027,-11.6918281940937,-8.91649980195876,-6.61834367256109,-4.75294067465191,-3.27587167698244,-2.14271754830389,-1.3090591573675,-0.730477372924479,-0.362553063726059,-0.160867098523456,-0.0810003460678939,-0.0785336751105934,-0.109047954402772,-0.128124052695668,-0.091342838740486,0.0457148187115326,0.327468050909191,0.79833598910124,1.50273776453649,2.48509250846369,2.48509250846369,2.48509250846369,2.48509250846369,2.48509250846369,2.48509250846369,2.48509250846369,2.48509250846369,2.48509250846369,2.48509250846369,2.48509250846369,2.48509250846369,2.48509250846369,2.48509250846369,2.48509250846369,2.48509250846369,2.48509250846369,2.48509250846369,2.48509250846369,2.48509250846369,2.48509250846369,-1.34945999870544,-1.27223365443036,-1.19500731015529,-1.11778096588021,-1.04055462160514,-0.963328277330067,-0.886942161149631,-0.81665758635776,-0.760349522160382,-0.712797437901385,-0.649164158677076,-0.544074777467264,-0.388541191793244,-0.180992842985356,0.0852187352194331,0.412178364803065,0.781220576607717,1.15843186998923,1.51890397159435,1.86250887714697,1.86250887714697,1.86250887714697,1.86250887714697,1.86250887714697,1.86250887714697,1.86250887714697,1.86250887714697,1.86250887714697,1.86250887714697,1.86250887714697,1.86250887714697,1.86250887714697,1.86250887714697,1.86250887714697,1.86250887714697,1.86250887714697,1.86250887714697,1.86250887714697,1.86250887714697,1.86250887714697,1,1,1,1,1,1,1,1,1,1,1,1,1,1,1,1,1,1,1,1,1,1,1,1,1,1,1,1,1,1,1,1,1,1,1,1,1,1,1,1
-0.592067623099252,-0.713000643823288,0.302293524691295,-1.81027748440967,2.20249636497353,0.409271935388146,-2.18433933066092,-0.402007927381499,-2.71826058024197,-0.153115974552584,0.170792502194351,0.903336533939132,0.219265757403109,1.06432561916354,-3.41478151218064,0.125818351556962,-0.257612263471882,-0.870443037387146,0.455905055895652,-0.751314886588101,0.230730366295093,-1.53594996426162,-0.522366828635095,1.7505621226559,0.284661193594467,1.5225250266923,0.910358257501878,0.554148391153079,-2.05509021268227,-1.22266420804834,-4.22108332019224,-1.47933900282281,-1.48165559061393,-1.82602612118885,-1.17825258338382,-1.64810138504821,0.960264227282758,0.0719167751816538,0.347404611256849,0.155811274349167,-1.7878434201452,-1.65539697988943,-1.52295053963366,-1.39050409937789,-1.25805765912211,-1.12561121886634,-0.993164778610572,-0.860718338354799,-0.728271898099026,-0.595825457843254,-0.463379017587481,-0.330932577331712,-0.198486137075939,-0.0660396968201677,0.0664067434356053,0.198853183691375,0.33129962394715,0.463746064202919,0.596192504458692,0.728638944714463,0.728638944714463,0.728638944714463,0.728638944714463,0.728638944714463,0.728638944714463,0.728638944714463,0.728638944714463,0.728638944714463,0.728638944714463,0.728638944714463,0.728638944714463,0.728638944714463,0.728638944714463,0.728638944714463,0.728638944714463,0.728638944714463,0.728638944714463,0.728638944714463,0.728638944714463,0.728638944714463,-1.49498740431314,-1.51437720003057,-1.5055360025256,-1.46947984787698,-1.40722477216346,-1.31978681146381,-1.20818200185677,-1.07342637942111,-0.916535980235562,-0.738526840378899,-0.540414995929869,-0.323216482967229,-0.0879473375697284,0.164376404183869,0.432738706214813,0.716123532444357,1.01351484679373,1.3238966131842,1.64625279553699,1.97956735777335,1.97956735777335,1.97956735777335,1.97956735777335,1.97956735777335,1.97956735777335,1.97956735777335,1.97956735777335,1.97956735777335,1.97956735777335,1.97956735777335,1.97956735777335,1.97956735777335,1.97956735777335,1.97956735777335,1.97956735777335,1.97956735777335,1.97956735777335,1.97956735777335,1.97956735777335,1.97956735777335,-4.45738509531048,-3.98055331958262,-3.50372154385476,-3.02688976812691,-2.55005799239906,-2.0732262166712,-1.59709951909233,-1.12562327218562,-0.669157672776485,-0.258246964699199,0.0615319847452795,0.262598082995517,0.354495513098909,0.372633429638295,0.364238735285376,0.379059828622117,0.452605871454406,0.593167460266995,0.786116576131441,1.00575274090707,1.00575274090707,1.00575274090707,1.00575274090707,1.00575274090707,1.00575274090707,1.00575274090707,1.00575274090707,1.00575274090707,1.00575274090707,1.00575274090707,1.00575274090707,1.00575274090707,1.00575274090707,1.00575274090707,1.00575274090707,1.00575274090707,1.00575274090707,1.00575274090707,1.00575274090707,1.00575274090707,1,1,1,1,1,1,1,1,1,1,1,1,1,1,1,1,1,1,1,1,1,1,1,1,1,1,1,1,1,1,1,1,1,1,1,1,1,1,1,1
0.727443832801911,-0.0302126562733074,0.483092807916882,-0.269693055372005,0.197375991809322,-0.115879504185499,0.695827863895766,3.54750191196375,0.444577315654412,-0.0386097430718291,-0.876001499808085,-1.14880279623409,1.83331473710875,-1.23411225399373,0.321356254297605,-0.719047074861725,-1.40021976826087,0.607365935715348,0.607363071126651,-1.78445486061489,2.81232001009872,-0.455059029975535,-2.06610246370782,-0.780031592487125,-1.81827191074251,-0.108242979277485,-0.0220635838584933,-0.304771301428097,-3.28120337389662,-0.442389114570851,-1.23136878916413,-0.361147775563582,0.0831685990073865,0.0107045550871732,-0.800650956479247,1.58538922696388,2.93442251642681,0.997805843873646,-1.1722592050324,1.06093440326687,-2.37511370688835,-2.12212868412769,-1.86914366136702,-1.61615863860635,-1.36317361584568,-1.11018859308502,-0.85720357032435,-0.604218547563683,-0.351233524803016,-0.0982485020423507,0.154736520718318,0.407721543478985,0.660706566239652,0.913691589000321,1.16667661176099,1.41966163452165,1.67264665728232,1.92563168004298,2.17861670280366,2.43160172556432,2.43160172556432,2.43160172556432,2.43160172556432,2.43160172556432,2.43160172556432,2.43160172556432,2.43160172556432,2.43160172556432,2.43160172556432,2.43160172556432,2.43160172556432,2.43160172556432,2.43160172556432,2.43160172556432,2.43160172556432,2.43160172556432,2.43160172556432,2.43160172556432,2.43160172556432,2.43160172556432,-9.75237121996246,-7.26127937039877,-5.22781307922546,-3.60534851766954,-2.34726185695798,-1.40692926831777,-0.737726922975915,-0.293030992159379,-0.0262176470951676,0.109336940989721,0.160256600868316,0.173165161313641,0.19468645109869,0.271444298996451,0.450062533779985,0.777164984222255,1.2993754790963,2.06331784717514,3.11561591723178,4.50289351803919,4.50289351803919,4.50289351803919,4.50289351803919,4.50289351803919,4.50289351803919,4.50289351803919,4.50289351803919,4.50289351803919,4.50289351803919,4.50289351803919,4.50289351803919,4.50289351803919,4.50289351803919,4.50289351803919,4.50289351803919,4.50289351803919,4.50289351803919,4.50289351803919,4.50289351803919,4.50289351803919,-0.220607517719364,-0.264081525121314,-0.307555532523265,-0.351029539925218,-0.394503547327165,-0.437977554729115,-0.488978586577381,-0.566373725934664,-0.617145114564726,-0.566162878706862,-0.396005171666605,-0.12630376560775,0.216499194336873,0.590172689119317,0.963261307066061,1.35142787087508,1.78798267538859,2.28250277596128,2.82577351100757,3.39843539193711,3.39843539193711,3.39843539193711,3.39843539193711,3.39843539193711,3.39843539193711,3.39843539193711,3.39843539193711,3.39843539193711,3.39843539193711,3.39843539193711,3.39843539193711,3.39843539193711,3.39843539193711,3.39843539193711,3.39843539193711,3.39843539193711,3.39843539193711,3.39843539193711,3.39843539193711,3.39843539193711,1,1,1,1,1,1,1,1,1,1,1,1,1,1,1,1,1,1,1,1,1,1,1,1,1,1,1,1,1,1,1,1,1,1,1,1,1,1,1,1
0.619119310491394,1.12133144704528,-1.58548051480103,-1.71506543159384,-0.626370939913614,-1.26155513684105,-3.65461824922484,-0.919150305170353,-1.96148239566449,-0.20101462941976,0.324636442142261,-0.976674499340296,-2.23267843037649,-3.36165279242884,1.03386489248128,2.1003835815645,-0.735498055097494,-0.0703289512403948,-2.81006909569557,-1.02912108076214,1.73307472243951,1.60654218844331,1.06032392840796,0.2846594864221,0.846904496220009,-0.0222966687323964,1.26045731248803,0.403120719024981,0.904544291178762,1.84612583441729,-0.0351534239214075,1.76512204565184,1.6941169147928,0.10669777295314,0.290408164443631,-0.561739444541134,-0.293950780733125,-2.42051984546656,-1.09991685609616,-0.722430779193752,1.01198968699436,0.850800620223324,0.689611553452287,0.52842248668125,0.367233419910212,0.206044353139173,0.0448552863681346,-0.116333780402901,-0.277522847173937,-0.438711913944976,-0.599900980716015,-0.761090047487052,-0.922279114258087,-1.08346818102913,-1.24465724780017,-1.4058463145712,-1.56703538134224,-1.72822444811328,-1.88941351488431,-2.05060258165535,-2.05060258165535,-2.05060258165535,-2.05060258165535,-2.05060258165535,-2.05060258165535,-2.05060258165535,-2.05060258165535,-2.05060258165535,-2.05060258165535,-2.05060258165535,-2.05060258165535,-2.05060258165535,-2.05060258165535,-2.05060258165535,-2.05060258165535,-2.05060258165535,-2.05060258165535,-2.05060258165535,-2.05060258165535,-2.05060258165535,9.64341994553167,6.09425434842202,3.36516390261492,1.3635917598243,-0.00301892823592809,-0.827225009851845,-1.20158333330952,-1.21865074689505,-0.97098409889451,-0.551140237593977,-0.0516760112795254,0.434851731762745,0.815886143246768,0.998870374886465,0.891247578395751,0.400460905488542,-0.56604649212124,-2.10083146271968,-4.29645085459285,-7.24546151602683,-7.24546151602683,-7.24546151602683,-7.24546151602683,-7.24546151602683,-7.24546151602683,-7.24546151602683,-7.24546151602683,-7.24546151602683,-7.24546151602683,-7.24546151602683,-7.24546151602683,-7.24546151602683,-7.24546151602683,-7.24546151602683,-7.24546151602683,-7.24546151602683,-7.24546151602683,-7.24546151602683,-7.24546151602683,-7.24546151602683,-8.33609551624101,-7.0430791583742,-5.75006280050733,-4.45704644264045,-3.16403008477358,-1.87101372690673,-0.680651058737054,0.0290599950237382,0.345372196545572,0.485549315898931,0.259788672658482,-0.423865333510417,-1.04692197280358,-1.04268833206295,-0.536680824584257,-0.176351910773977,-0.466067171030426,-1.46361373059619,-2.9344243114412,-4.60579502672737,-4.60579502672737,-4.60579502672737,-4.60579502672737,-4.60579502672737,-4.60579502672737,-4.60579502672737,-4.60579502672737,-4.60579502672737,-4.60579502672737,-4.60579502672737,-4.60579502672737,-4.60579502672737,-4.60579502672737,-4.60579502672737,-4.60579502672737,-4.60579502672737,-4.60579502672737,-4.60579502672737,-4.60579502672737,-4.60579502672737,1,1,1,1,1,1,1,1,1,1,1,1,1,1,1,1,1,1,1,0,0,0,0,0,0,0,0,0,0,0,0,0,0,0,0,0,0,0,0,0
1.32582965015544,-1.8950237463322,-2.49135695666979,0.0346043408354806,-1.93618460960743,-0.848725022134384,2.58678598744782,-2.19315263863672,-0.939057511429112,-0.561403883406614,1.3526285149981,-2.466218266771,1.04652570356289,-0.225859260809822,0.927497531271268,-1.4532589861266,-0.715980576594077,-1.64986010051609,-1.14899360326347,-0.0674514686333687,3.94762357511941,0.110267618443796,-0.434413461846265,-0.833444196224523,1.38348299246024,-0.921348601847773,0.753069188311121,-1.57040754772839,1.08424167581627,-1.24057156397125,-1.83170133856386,-2.29490205451996,1.02775888132452,0.0241912652726519,-0.0331836664032537,2.99758924686519,1.59516209143937,-0.209198326653715,0.53928625108119,-0.090043015990636,-3.52587838153709,-3.24734652328747,-2.96881466503786,-2.69028280678824,-2.41175094853862,-2.13321909028901,-1.85468723203939,-1.57615537378978,-1.29762351554016,-1.01909165729055,-0.740559799040929,-0.462027940791314,-0.183496082541698,0.0950357757079185,0.373567633957533,0.652099492207149,0.930631350456768,1.20916320870638,1.487695066956,1.76622692520561,1.76622692520561,1.76622692520561,1.76622692520561,1.76622692520561,1.76622692520561,1.76622692520561,1.76622692520561,1.76622692520561,1.76622692520561,1.76622692520561,1.76622692520561,1.76622692520561,1.76622692520561,1.76622692520561,1.76622692520561,1.76622692520561,1.76622692520561,1.76622692520561,1.76622692520561,1.76622692520561,-12.3064396553841,-9.74045042840483,-7.57136127209237,-5.7643411042285,-4.28455884259501,-3.09718340497371,-2.16738370914639,-1.46032867289487,-0.941187214000926,-0.575128250246379,-0.327320699413027,-0.162933479282666,-0.0471355076371065,0.0549042977418601,0.178017019072422,0.357033738572792,0.626785538461148,1.0221035009557,1.57781870827464,2.32876224263619,2.32876224263619,2.32876224263619,2.32876224263619,2.32876224263619,2.32876224263619,2.32876224263619,2.32876224263619,2.32876224263619,2.32876224263619,2.32876224263619,2.32876224263619,2.32876224263619,2.32876224263619,2.32876224263619,2.32876224263619,2.32876224263619,2.32876224263619,2.32876224263619,2.32876224263619,2.32876224263619,-3.52601863798632,-3.24748350935914,-2.96894838073196,-2.69041325210478,-2.41187812347761,-2.13334299485043,-1.85480946954224,-1.57628101359718,-1.29774423577698,-1.01918545757903,-0.740613273488748,-0.46204220216679,-0.183468408599174,0.0951139330577053,0.373688910041221,0.652241946033646,0.930789582339873,1.2093542055176,1.48792891397298,1.76649823545529,1.76649823545529,1.76649823545529,1.76649823545529,1.76649823545529,1.76649823545529,1.76649823545529,1.76649823545529,1.76649823545529,1.76649823545529,1.76649823545529,1.76649823545529,1.76649823545529,1.76649823545529,1.76649823545529,1.76649823545529,1.76649823545529,1.76649823545529,1.76649823545529,1.76649823545529,1.76649823545529,1,1,1,1,1,1,1,1,1,1,1,1,1,1,1,1,1,1,1,1,1,1,1,1,1,1,1,1,1,1,1,1,1,1,1,1,1,1,1,1
-0.850600933824858,1.78119764207634,-1.04649707541348,-1.28230268937807,-0.624179272787568,-0.281677188346893,-0.774858825511387,-0.298831163565925,-0.869278025015227,1.30804637246696,-0.442638641835558,0.554200756042549,-1.5439612422885,0.535853247451364,1.48128052722348,0.294732997318897,-3.59797249914783,-2.4295272394445,-2.28894238005309,-0.804234112888107,-0.724606489785714,0.117768477802869,0.38175323201356,1.7941760979329,0.959041559388872,1.04259740337061,0.146611853267988,2.1560343957038,0.572003542216812,-0.565875847754729,0.0608596239281365,0.503265846573663,0.985931653552468,-0.735384377393723,-2.44036742956905,-1.57037068170631,0.339556242807213,-0.986583981321747,2.16212392513158,-0.666512036136872,1.1836560252103,1.01960746934459,0.85555891347887,0.691510357613154,0.527461801747441,0.363413245881725,0.199364690016011,0.0353161341502961,-0.128732421715418,-0.292780977581137,-0.456829533446848,-0.620878089312564,-0.784926645178279,-0.948975201043993,-1.11302375690971,-1.27707231277542,-1.44112086864114,-1.60516942450685,-1.76921798037257,-1.93326653623828,-1.93326653623828,-1.93326653623828,-1.93326653623828,-1.93326653623828,-1.93326653623828,-1.93326653623828,-1.93326653623828,-1.93326653623828,-1.93326653623828,-1.93326653623828,-1.93326653623828,-1.93326653623828,-1.93326653623828,-1.93326653623828,-1.93326653623828,-1.93326653623828,-1.93326653623828,-1.93326653623828,-1.93326653623828,-1.93326653623828,12.963094731016,8.57778216069267,5.14793057036202,2.5711127885528,0.744901643793757,-0.433130035386382,-1.06540942045886,-1.25436368289497,-1.10241999416596,-0.712005525743127,-0.185547449097685,0.374527064299045,0.865790842975835,1.18581671546141,1.23217751028451,0.902446055973831,0.0941951810581418,-1.29500228593379,-3.36757351647332,-6.22594568203162,-6.22594568203162,-6.22594568203162,-6.22594568203162,-6.22594568203162,-6.22594568203162,-6.22594568203162,-6.22594568203162,-6.22594568203162,-6.22594568203162,-6.22594568203162,-6.22594568203162,-6.22594568203162,-6.22594568203162,-6.22594568203162,-6.22594568203162,-6.22594568203162,-6.22594568203162,-6.22594568203162,-6.22594568203162,-6.22594568203162,-1.30884716610138,-1.19114113883784,-1.07343511157492,-0.955729084311505,-0.8380230570481,-0.720317029784987,-0.536287414087342,-0.219867534969057,-0.520254863839712,-1.40178872992203,-1.56215875724146,-0.584411752556255,0.643159498187236,1.66544948486237,2.32973287417671,1.68332120252801,-0.732768985113966,-3.40695309513269,-4.42945063183251,-3.78552686779596,-3.78552686779596,-3.78552686779596,-3.78552686779596,-3.78552686779596,-3.78552686779596,-3.78552686779596,-3.78552686779596,-3.78552686779596,-3.78552686779596,-3.78552686779596,-3.78552686779596,-3.78552686779596,-3.78552686779596,-3.78552686779596,-3.78552686779596,-3.78552686779596,-3.78552686779596,-3.78552686779596,-3.78552686779596,-3.78552686779596,1,1,1,1,1,1,1,1,1,1,1,1,1,1,0,1,1,0,0,1,1,1,1,1,1,1,1,1,1,1,1,1,1,1,1,1,1,1,1,1
-3.5125070148579,2.1658284681125,-1.15499446606028,0.387167953551651,0.458776809310498,-1.09811741366144,-1.6649530776992,1.5165218631843,-0.758066696698508,-1.3455116124527,-0.403736082644153,1.55786190563931,-3.47397500123103,0.698679504177441,0.162243841180178,-1.95747325720511,0.20212060633944,-1.10850227806871,-0.679697909656168,-1.23768002095771,2.08926276343907,2.23312883176188,0.66639304165415,-0.544237408027438,-0.873549499828092,-2.83696541610359,-1.2408069562498,-0.83578567293088,0.293945553279135,0.0566600958804422,-1.68117158242002,-1.79567188673508,2.83520154915638,-1.68886623055735,-0.133330323483461,-1.66605036373228,-2.34248864032418,-1.64551706338343,0.627063096476933,-0.793381803802744,-1.29842885506895,-1.29537890611918,-1.29232895716941,-1.28927900821965,-1.28622905926988,-1.28317911032011,-1.28012916137034,-1.27707921242057,-1.2740292634708,-1.27097931452104,-1.26792936557127,-1.2648794166215,-1.26182946767173,-1.25877951872196,-1.25572956977219,-1.25267962082243,-1.24962967187266,-1.24657972292289,-1.24352977397312,-1.24047982502335,-1.24047982502335,-1.24047982502335,-1.24047982502335,-1.24047982502335,-1.24047982502335,-1.24047982502335,-1.24047982502335,-1.24047982502335,-1.24047982502335,-1.24047982502335,-1.24047982502335,-1.24047982502335,-1.24047982502335,-1.24047982502335,-1.24047982502335,-1.24047982502335,-1.24047982502335,-1.24047982502335,-1.24047982502335,-1.24047982502335,-16.470342961499,-12.2761357457907,-8.85928900718606,-6.14693185543203,-4.06619340027562,-2.54420275146378,-1.50808901874352,-0.884981311861779,-0.602008740565553,-0.586300414601805,-0.76498544371753,-1.06519293765967,-1.41405200617521,-1.73869175901116,-1.96624130591447,-2.02382975663209,-1.83858622091099,-1.33763980849824,-0.448119629140699,0.902845207414611,0.902845207414611,0.902845207414611,0.902845207414611,0.902845207414611,0.902845207414611,0.902845207414611,0.902845207414611,0.902845207414611,0.902845207414611,0.902845207414611,0.902845207414611,0.902845207414611,0.902845207414611,0.902845207414611,0.902845207414611,0.902845207414611,0.902845207414611,0.902845207414611,0.902845207414611,0.902845207414611,-0.416636634182426,-0.53809520353431,-0.659553772886199,-0.781012342238089,-0.902470911589978,-1.02392948094187,-1.14345798675426,-1.25204103349986,-1.34249308434868,-1.41329967263817,-1.46385442709025,-1.48940467911827,-1.48302084735749,-1.44293218450265,-1.3745888670017,-1.28269895109062,-1.1652293722658,-1.02007665038691,-0.853787688805914,-0.678198641848368,-0.678198641848368,-0.678198641848368,-0.678198641848368,-0.678198641848368,-0.678198641848368,-0.678198641848368,-0.678198641848368,-0.678198641848368,-0.678198641848368,-0.678198641848368,-0.678198641848368,-0.678198641848368,-0.678198641848368,-0.678198641848368,-0.678198641848368,-0.678198641848368,-0.678198641848368,-0.678198641848368,-0.678198641848368,-0.678198641848368,1,1,1,1,1,1,1,1,1,1,1,1,1,1,1,1,1,1,1,1,1,1,1,1,1,1,1,1,1,1,1,1,1,1,1,1,1,1,1,1
-0.132074769279264,-0.404202388921954,-2.51617092590493,2.36388747844635,-0.545614798642212,1.1312697279371,1.35619347609372,0.93339622483311,1.16642604370586,2.72425337538209,0.323965671318048,0.943135758472264,-1.53552464021948,1.0354001595472,0.488649851957813,-0.889699276839435,-0.101994325015337,-0.156773888111914,-0.118311661311269,-0.76833670630332,0.915452688831005,-2.12349243539147,1.97105580853952,-1.39374033075437,-1.89684268095982,-0.628743031472538,1.21157867555913,-2.8646270042691,0.94529097708422,-3.35247507906384,0.653337888938147,2.12911174603827,0.651803907919048,-0.274302234354387,-0.529844586727561,1.07865035421129,-0.931963196889967,1.26012532600911,0.547400761550604,0.181144238473522,-0.21475612091138,-0.194830679640549,-0.174905238369718,-0.154979797098886,-0.135054355828054,-0.115128914557222,-0.0952034732863893,-0.0752780320155608,-0.0553525907447305,-0.0354271494738967,-0.0155017082030664,0.00442373306776389,0.024349174338596,0.044274615609428,0.0642000568802601,0.0841254981510922,0.104050939421921,0.123976380692753,0.143901821963585,0.163827263234415,0.163827263234415,0.163827263234415,0.163827263234415,0.163827263234415,0.163827263234415,0.163827263234415,0.163827263234415,0.163827263234415,0.163827263234415,0.163827263234415,0.163827263234415,0.163827263234415,0.163827263234415,0.163827263234415,0.163827263234415,0.163827263234415,0.163827263234415,0.163827263234415,0.163827263234415,0.163827263234415,15.3995897351262,11.844369422464,8.78742798335715,6.19748455846251,4.04325828843704,2.29346831393767,0.916833775621329,-0.117926185855055,-0.84209242983453,-1.28694581566018,-1.48376720267508,-1.46383745022228,-1.25843741764487,-0.89884796428588,-0.41634994948841,0.157775767404457,0.792248327049698,1.45578687010419,2.11711053722495,2.74493846906881,2.74493846906881,2.74493846906881,2.74493846906881,2.74493846906881,2.74493846906881,2.74493846906881,2.74493846906881,2.74493846906881,2.74493846906881,2.74493846906881,2.74493846906881,2.74493846906881,2.74493846906881,2.74493846906881,2.74493846906881,2.74493846906881,2.74493846906881,2.74493846906881,2.74493846906881,2.74493846906881,2.2211701951012,1.956520176565,1.69187015802878,1.42722013949257,1.16257012095637,0.897920102420156,0.616608822785091,0.254262189943404,-0.180496432594836,-0.605099222044855,-0.92733492219037,-1.06997993108516,-1.00640109723639,-0.780373566142632,-0.443381122163826,-0.00856601442342075,0.51067704911932,1.08963701445886,1.72579677083958,2.41092329079894,2.41092329079894,2.41092329079894,2.41092329079894,2.41092329079894,2.41092329079894,2.41092329079894,2.41092329079894,2.41092329079894,2.41092329079894,2.41092329079894,2.41092329079894,2.41092329079894,2.41092329079894,2.41092329079894,2.41092329079894,2.41092329079894,2.41092329079894,2.41092329079894,2.41092329079894,2.41092329079894,1,1,1,1,1,1,1,1,1,1,1,1,1,1,1,1,1,1,1,1,1,1,1,1,1,1,1,1,1,1,1,1,1,1,1,1,1,1,1,1
-0.821369540376362,-2.53909449105173,1.82575429531009,-0.0732217886280004,1.23783986464611,-2.80764886569422,-0.639600017200294,0.583364429310512,2.33674223343437,-2.88779520178015,-0.0681043186599144,1.1558127272559,-1.28005136886765,0.259096159236568,0.808582082547671,1.38832575999177,-2.39207873695499,-0.439484586135848,-1.23991763585848,-0.0621083333327057,-1.83233328048073,-1.90583768159118,-0.0586146221857486,-0.0453619647088317,-2.62582619478224,-0.317627968111902,0.829591593561736,-0.649734631302543,1.09494796129785,0.479756253931622,-3.12579024121604,1.49938190079504,-0.563995414991361,0.990501077423152,0.93935052698647,1.91061527132891,-0.634150753859018,-0.458874955333513,0.405544703641569,0.755033762111527,1.67607569130689,1.46912889815464,1.2621821050024,1.05523531185016,0.848288518697913,0.641341725545669,0.434394932393428,0.227448139241183,0.0205013460889401,-0.186445447063303,-0.393392240215546,-0.60033903336779,-0.807285826520035,-1.01423261967228,-1.22117941282452,-1.42812620597676,-1.63507299912901,-1.84201979228125,-2.04896658543349,-2.25591337858574,-2.25591337858574,-2.25591337858574,-2.25591337858574,-2.25591337858574,-2.25591337858574,-2.25591337858574,-2.25591337858574,-2.25591337858574,-2.25591337858574,-2.25591337858574,-2.25591337858574,-2.25591337858574,-2.25591337858574,-2.25591337858574,-2.25591337858574,-2.25591337858574,-2.25591337858574,-2.25591337858574,-2.25591337858574,-2.25591337858574,-10.3096437500461,-7.38830106796952,-5.00848096920924,-3.12291258404441,-1.68432504275418,-0.645447475617725,0.0409909870858103,0.422261215077263,0.545634078077471,0.458380445807276,0.207771187987525,-0.158922825660945,-0.5944307254173,-1.05148164156069,-1.48280470437029,-1.84112904412523,-2.0791837911047,-2.14969807558784,-2.00540102785381,-1.59902177818179,-1.59902177818179,-1.59902177818179,-1.59902177818179,-1.59902177818179,-1.59902177818179,-1.59902177818179,-1.59902177818179,-1.59902177818179,-1.59902177818179,-1.59902177818179,-1.59902177818179,-1.59902177818179,-1.59902177818179,-1.59902177818179,-1.59902177818179,-1.59902177818179,-1.59902177818179,-1.59902177818179,-1.59902177818179,-1.59902177818179,-1.65526581841487,-1.43957755339003,-1.22388928836518,-1.00820102334033,-0.792512758315478,-0.576824493290628,-0.367856049801559,-0.195051273384021,-0.069547688895419,0.0371935519087092,0.159696891395409,0.280503943901415,0.311660904032921,0.139602844558206,-0.295759406421888,-0.942889275315734,-1.66551313522483,-2.35085648861726,-2.98148352683748,-3.5918132811893,-3.5918132811893,-3.5918132811893,-3.5918132811893,-3.5918132811893,-3.5918132811893,-3.5918132811893,-3.5918132811893,-3.5918132811893,-3.5918132811893,-3.5918132811893,-3.5918132811893,-3.5918132811893,-3.5918132811893,-3.5918132811893,-3.5918132811893,-3.5918132811893,-3.5918132811893,-3.5918132811893,-3.5918132811893,-3.5918132811893,1,1,1,1,1,1,1,1,1,1,1,1,1,1,1,1,1,1,1,1,1,1,1,1,1,1,1,1,1,1,1,1,1,1,1,1,1,1,1,1
0.808613047963163,-0.255829312263441,-2.20296047366714,-0.945737720527951,-0.237198114680175,-2.17958003842419,0.0362959734533925,0.545604121883331,0.20062098234702,1.90392696446671,-2.33256685972569,-0.665472880004298,-0.851022650738253,-1.53587425642327,-2.73835407945447,0.952165933689445,-0.202893289698594,-1.11007896320091,-1.0383258521077,-0.82158397497807,-2.89067105856678,-4.0137721461902,0.260663811083742,0.174711907003267,-0.335823126053517,1.40595813081473,-1.52721769904884,-0.536928879856099,-1.42165105131846,-2.06153905024497,0.700368067790931,-1.45136500118343,1.71186871323929,-0.692772842585596,-0.0801091743903974,1.7195155844119,-0.801497054338649,-2.72001680071792,1.83677746444464,1.97164090431007,-0.886693775393439,-0.800454345827162,-0.714214916260887,-0.627975486694612,-0.541736057128335,-0.45549662756206,-0.369257197995786,-0.283017768429509,-0.196778338863233,-0.110538909296958,-0.0242994797306793,0.0619399498355939,0.148179379401869,0.234418808968144,0.320658238534419,0.406897668100697,0.493137097666972,0.579376527233249,0.665615956799524,0.751855386365799,0.751855386365799,0.751855386365799,0.751855386365799,0.751855386365799,0.751855386365799,0.751855386365799,0.751855386365799,0.751855386365799,0.751855386365799,0.751855386365799,0.751855386365799,0.751855386365799,0.751855386365799,0.751855386365799,0.751855386365799,0.751855386365799,0.751855386365799,0.751855386365799,0.751855386365799,0.751855386365799,-49.8130670350917,-37.1697830027573,-26.6502540172211,-18.0739636864839,-11.2603956185464,-6.02903342140927,-2.19936070307322,0.409138928461049,1.97698186519287,2.6846844991215,2.71276322224629,2.24173442656653,1.4521145040815,0.524419846790568,-0.360833153307015,-1.02312810421191,-1.28194861392485,-0.956778290446458,0.13289925822242,2.16760042408124,2.16760042408124,2.16760042408124,2.16760042408124,2.16760042408124,2.16760042408124,2.16760042408124,2.16760042408124,2.16760042408124,2.16760042408124,2.16760042408124,2.16760042408124,2.16760042408124,2.16760042408124,2.16760042408124,2.16760042408124,2.16760042408124,2.16760042408124,2.16760042408124,2.16760042408124,2.16760042408124,-13.7651842366428,-11.9198827500642,-10.0745812634856,-8.22927977690709,-6.38397829032854,-4.53867680374999,-2.6716659605984,-0.741574546847398,1.0120710857475,2.19245737807511,2.61374290335169,2.41284576089883,1.88304851206083,1.27500508878799,0.691323130127191,0.125181583071326,-0.382365472672287,-0.668118769215367,-0.597777645189396,-0.257574572794615,-0.257574572794615,-0.257574572794615,-0.257574572794615,-0.257574572794615,-0.257574572794615,-0.257574572794615,-0.257574572794615,-0.257574572794615,-0.257574572794615,-0.257574572794615,-0.257574572794615,-0.257574572794615,-0.257574572794615,-0.257574572794615,-0.257574572794615,-0.257574572794615,-0.257574572794615,-0.257574572794615,-0.257574572794615,-0.257574572794615,1,1,1,1,1,1,1,1,1,1,1,1,1,1,1,1,1,1,1,1,1,1,1,1,1,1,1,1,1,1,1,1,1,1,1,1,1,1,1,1
-2.92348540352256,0.830655214844564,-1.33620243522702,1.75087029040672,1.52438158613182,0.845950510788064,-0.987461427310709,0.559162056286326,0.546829482184126,-2.97412711916508,-1.55363407151475,1.84606664076083,-0.852546403648743,0.44213800340246,0.73987037026119,1.74572718541564,-1.02093447983595,0.276202404751729,-0.573538624945718,2.51285336044475,-2.71805896909087,0.317743150456563,-0.707317929622743,-0.58429396167503,-0.209091532037656,0.378440258171814,2.19487422869592,-0.511038868167601,-0.624090675587288,-0.485551419990141,-0.595580079039959,-1.79888010401358,3.67884141792283,-2.59438855246283,1.04449244541744,0.903790137228176,0.525491007382232,2.04966273907236,-1.70221005659312,-0.82565468476716,0.59494723045159,0.518097326072331,0.441247421693073,0.364397517313815,0.287547612934556,0.210697708555298,0.133847804176041,0.0569978997967819,-0.0198520045824768,-0.0967019089617338,-0.173551813340993,-0.250401717720251,-0.327251622099508,-0.404101526478767,-0.480951430858024,-0.557801335237283,-0.634651239616542,-0.711501143995799,-0.788351048375056,-0.865200952754316,-0.865200952754316,-0.865200952754316,-0.865200952754316,-0.865200952754316,-0.865200952754316,-0.865200952754316,-0.865200952754316,-0.865200952754316,-0.865200952754316,-0.865200952754316,-0.865200952754316,-0.865200952754316,-0.865200952754316,-0.865200952754316,-0.865200952754316,-0.865200952754316,-0.865200952754316,-0.865200952754316,-0.865200952754316,-0.865200952754316,-12.5038527737065,-8.83227206859183,-5.88643324423347,-3.59521930658985,-1.88751326161938,-0.692198115280439,0.0618431264685899,0.445727457669292,0.53057187236328,0.387493364592199,0.0876089283976178,-0.297964442178861,-0.698109753095622,-1.041710010311,-1.25764821978347,-1.27480738747138,-1.02207051933314,-0.428320621327128,0.577559300588289,2.06668624045464,2.06668624045464,2.06668624045464,2.06668624045464,2.06668624045464,2.06668624045464,2.06668624045464,2.06668624045464,2.06668624045464,2.06668624045464,2.06668624045464,2.06668624045464,2.06668624045464,2.06668624045464,2.06668624045464,2.06668624045464,2.06668624045464,2.06668624045464,2.06668624045464,2.06668624045464,2.06668624045464,3.22589040033385,2.83283370067466,2.43977700101547,2.04672030135629,1.6536636016971,1.26060690203791,0.861076079733288,0.426061671248894,-0.0574262910424093,-0.556095723480624,-1.00161134209765,-1.32702900096667,-1.48662469179885,-1.45073462779074,-1.20696901026046,-0.775290579043164,-0.206303853476106,0.445795960442895,1.14338805816336,1.86147044636225,1.86147044636225,1.86147044636225,1.86147044636225,1.86147044636225,1.86147044636225,1.86147044636225,1.86147044636225,1.86147044636225,1.86147044636225,1.86147044636225,1.86147044636225,1.86147044636225,1.86147044636225,1.86147044636225,1.86147044636225,1.86147044636225,1.86147044636225,1.86147044636225,1.86147044636225,1.86147044636225,1,1,1,1,1,1,1,1,1,1,1,1,1,1,1,1,1,1,1,1,1,1,1,1,1,1,1,1,1,1,1,1,1,1,1,1,1,1,1,1
1.58820498674669,1.13441816889824,3.39976260474687,1.09246999290877,1.43585730438268,0.300083664940761,0.804324142776686,0.348498401265479,2.27130431656861,-0.64560058843513,-0.292948734246263,-0.15043606643073,1.38191736661071,-0.866082250725681,1.41777300382195,-1.83145991435097,0.723849696254661,0.22742791302829,-0.289401076062841,0.92901816217096,-0.0990479357657446,-2.47528847952152,0.405589267315328,2.68123670820998,-2.78907894268385,0.583409268749579,0.0224763836427702,0.574048027409912,-0.477678123237832,0.828560935934457,0.760770625266217,1.26407103470444,0.8555135343644,-0.262101985077159,1.70846067418165,-1.74017398510306,0.499880342513402,2.9355611839641,0.307990839116378,-0.257784865534255,2.45286708754709,2.27492342368279,2.09697975981849,1.91903609595419,1.74109243208989,1.56314876822558,1.38520510436128,1.20726144049698,1.02931777663268,0.851374112768379,0.673430448904078,0.495486785039779,0.317543121175477,0.139599457311174,-0.0383442065531252,-0.216287870417428,-0.39423153428173,-0.572175198146029,-0.75011886201033,-0.92806252587463,-0.92806252587463,-0.92806252587463,-0.92806252587463,-0.92806252587463,-0.92806252587463,-0.92806252587463,-0.92806252587463,-0.92806252587463,-0.92806252587463,-0.92806252587463,-0.92806252587463,-0.92806252587463,-0.92806252587463,-0.92806252587463,-0.92806252587463,-0.92806252587463,-0.92806252587463,-0.92806252587463,-0.92806252587463,-0.92806252587463,-7.35660743830556,-5.57324712635587,-4.00801310794408,-2.65246596164583,-1.49816626603675,-0.536674599692453,0.240448458811407,0.841642330899203,1.27534643799531,1.5500002015241,1.67404304290993,1.65591438357717,1.50405364495019,1.22690024845337,0.832893615511054,0.330473167547641,-0.271921674012519,-0.96585148774507,-1.74287685222562,-2.59455834602982,-2.59455834602982,-2.59455834602982,-2.59455834602982,-2.59455834602982,-2.59455834602982,-2.59455834602982,-2.59455834602982,-2.59455834602982,-2.59455834602982,-2.59455834602982,-2.59455834602982,-2.59455834602982,-2.59455834602982,-2.59455834602982,-2.59455834602982,-2.59455834602982,-2.59455834602982,-2.59455834602982,-2.59455834602982,-2.59455834602982,-1.43907317620453,-1.09452213961712,-0.749971103029711,-0.405420066442306,-0.0608690298548993,0.283682006732509,0.621763174683954,0.920144089119088,1.14004664792189,1.26450081588039,1.30071182939125,1.25861249283783,1.13628122664701,0.923198622541772,0.60809200380138,0.188767180065367,-0.319427821163822,-0.890653573931102,-1.50250936356668,-2.13561499667449,-2.13561499667449,-2.13561499667449,-2.13561499667449,-2.13561499667449,-2.13561499667449,-2.13561499667449,-2.13561499667449,-2.13561499667449,-2.13561499667449,-2.13561499667449,-2.13561499667449,-2.13561499667449,-2.13561499667449,-2.13561499667449,-2.13561499667449,-2.13561499667449,-2.13561499667449,-2.13561499667449,-2.13561499667449,-2.13561499667449,1,1,1,1,1,1,1,1,1,1,1,1,1,1,1,1,1,1,1,1,1,1,1,1,1,1,1,1,1,1,1,1,1,1,1,1,1,1,1,1
1.58615498262906,-2.45501980721115,2.31436926678188,1.66093755215315,-1.95958977201053,2.66287838185574,2.50892151939155,2.15951203976611,0.353478813039764,1.45704051605407,-1.64684704830651,1.02699601538411,2.0360138110203,-1.87742454094535,0.0761863895479156,2.56234379179412,1.20140288696376,-3.39141193397372,-0.0355473900806746,-0.817855361087368,-0.948494307652796,0.23388513092598,-0.621796538134696,-0.945831737777073,0.29154173338102,0.0688301810403438,-1.030409897505,-0.952064221586792,-0.687061173356351,-0.19882766687976,0.0363659460562218,2.06344957484111,-1.35300066404396,-1.29104450336789,1.67723935586188,1.70772271671323,-3.01131086333726,-1.28106606882472,0.14390612863871,-0.487836543003194,4.49102512498953,4.26175782088163,4.03249051677373,3.80322321266583,3.57395590855793,3.34468860445003,3.11542130034213,2.88615399623423,2.65688669212633,2.42761938801842,2.19835208391052,1.96908477980262,1.73981747569473,1.51055017158682,1.28128286747892,1.05201556337102,0.822748259263122,0.59348095515522,0.364213651047319,0.134946346939419,0.134946346939419,0.134946346939419,0.134946346939419,0.134946346939419,0.134946346939419,0.134946346939419,0.134946346939419,0.134946346939419,0.134946346939419,0.134946346939419,0.134946346939419,0.134946346939419,0.134946346939419,0.134946346939419,0.134946346939419,0.134946346939419,0.134946346939419,0.134946346939419,0.134946346939419,0.134946346939419,21.8955347524532,16.6013603458749,12.2832353542503,8.84811884361824,6.20296988001773,4.25474752948768,2.910410858067,2.07691893179461,1.66123081670945,1.57030557885044,1.71110228425653,1.99057999896659,2.31569778901957,2.59341472045445,2.73068985931005,2.63448227162534,2.21175102343927,1.36945518079075,0.014553809718695,-1.94599402373797,-1.94599402373797,-1.94599402373797,-1.94599402373797,-1.94599402373797,-1.94599402373797,-1.94599402373797,-1.94599402373797,-1.94599402373797,-1.94599402373797,-1.94599402373797,-1.94599402373797,-1.94599402373797,-1.94599402373797,-1.94599402373797,-1.94599402373797,-1.94599402373797,-1.94599402373797,-1.94599402373797,-1.94599402373797,-1.94599402373797,9.23846379201708,8.25235660342982,7.26624941484257,6.28014222625532,5.29403503766806,4.30792784908081,3.3426480668572,2.49111748711324,1.82958556437206,1.45479890307995,1.44013272908165,1.67646530755517,1.94311784606892,2.13710591265679,2.24622142918507,2.16784160347293,1.76691915278619,1.06288672395155,0.208784900737138,-0.674459238358219,-0.674459238358219,-0.674459238358219,-0.674459238358219,-0.674459238358219,-0.674459238358219,-0.674459238358219,-0.674459238358219,-0.674459238358219,-0.674459238358219,-0.674459238358219,-0.674459238358219,-0.674459238358219,-0.674459238358219,-0.674459238358219,-0.674459238358219,-0.674459238358219,-0.674459238358219,-0.674459238358219,-0.674459238358219,-0.674459238358219,1,1,1,1,1,1,1,1,1,1,1,1,1,1,1,1,1,1,1,1,1,1,1,1,1,1,1,1,1,1,1,1,1,1,1,1,1,1,1,1
0.0771909218226847,3.5059078576068,2.43801395527737,2.33435957558009,0.910931662204315,-0.775981692423576,-0.254063112497287,0.21629862622037,-1.07295884598698,-1.12174090019668,0.415956040522012,1.22261070292499,2.26003668211546,0.493586854597176,1.30480343028305,1.67476563674466,2.45762690797089,0.97710697559773,-2.17556816345154,-1.51972101959277,0.280060840361681,-0.924042856598385,0.980927481050774,2.12912534429557,0.906884514395504,1.31693251084904,2.40741230454641,0.351996682294963,-2.53642018431223,-1.98204224398034,-1.15206073922841,-0.348867323136378,1.81484312049093,0.699416115660901,-0.745937290977405,0.490117268500898,-1.94703642044687,1.99985879143654,0.825751099018142,1.02312317790174,0.421611513460052,0.448774016981904,0.475936520503755,0.503099024025606,0.530261527547458,0.557424031069309,0.584586534591161,0.611749038113013,0.638911541634865,0.666074045156716,0.693236548678568,0.720399052200419,0.747561555722271,0.774724059244122,0.801886562765976,0.829049066287823,0.856211569809677,0.883374073331527,0.910536576853382,0.937699080375232,0.937699080375232,0.937699080375232,0.937699080375232,0.937699080375232,0.937699080375232,0.937699080375232,0.937699080375232,0.937699080375232,0.937699080375232,0.937699080375232,0.937699080375232,0.937699080375232,0.937699080375232,0.937699080375232,0.937699080375232,0.937699080375232,0.937699080375232,0.937699080375232,0.937699080375232,0.937699080375232,47.231969121997,34.2566572255352,23.6810013938666,15.2832404375155,8.84161316700661,4.13435839286428,0.939714925613092,-0.964078424222499,-1.79878284611797,-1.78615952954878,-1.14796966399047,-0.1059744389185,1.11806495619159,2.30238733186434,3.22523149862424,3.66483626699583,3.39944044750352,2.20728285067194,-0.133397712974459,-3.84436243291131,-3.84436243291131,-3.84436243291131,-3.84436243291131,-3.84436243291131,-3.84436243291131,-3.84436243291131,-3.84436243291131,-3.84436243291131,-3.84436243291131,-3.84436243291131,-3.84436243291131,-3.84436243291131,-3.84436243291131,-3.84436243291131,-3.84436243291131,-3.84436243291131,-3.84436243291131,-3.84436243291131,-3.84436243291131,-3.84436243291131,4.65085412749698,4.1011779408749,3.551501754253,3.00182556763102,2.45214938100906,1.90247319438707,1.34357373545284,0.732318335298112,0.0711602685176569,-0.458674812973962,-0.678220811388993,-0.644642426166047,-0.368965600958823,0.390652315412593,1.61853678346245,2.71168853904445,3.0152382567984,2.31013258242969,0.708696088945571,-1.44151181093531,-1.44151181093531,-1.44151181093531,-1.44151181093531,-1.44151181093531,-1.44151181093531,-1.44151181093531,-1.44151181093531,-1.44151181093531,-1.44151181093531,-1.44151181093531,-1.44151181093531,-1.44151181093531,-1.44151181093531,-1.44151181093531,-1.44151181093531,-1.44151181093531,-1.44151181093531,-1.44151181093531,-1.44151181093531,-1.44151181093531,1,1,1,1,1,1,1,1,1,1,1,1,1,1,1,1,1,1,1,1,1,1,1,1,1,1,1,1,1,1,1,1,1,1,1,1,1,1,1,1
-0.317840872319065,0.65641378622218,0.476827939998837,0.0893052146556839,0.369103634524977,-1.0209395017519,0.228026754152173,-0.807427864986881,-0.0998176128365831,0.584047933439328,-1.53708200834935,-0.92008831982103,0.845803887476151,0.619076568292874,0.173042766024116,-0.389219838344706,-0.0964657594700267,-0.185239254084347,-0.090255249191129,-0.085355241880869,0.65696315271436,0.841084955702243,-3.37961292472031,-0.800820075931927,-1.19862076211207,-2.6044848250395,-0.0814198690409977,-3.42689783298769,0.592303437527615,-0.232445102145915,-2.78519441924196,-2.52521218211285,-0.553803934038404,0.271668553801188,0.463108905483018,1.14024629005525,0.0556237492468039,1.54220254590962,0.0484220802576019,0.190073097121404,-0.524078072181164,-0.443552277936893,-0.363026483692622,-0.28250068944835,-0.201974895204078,-0.121449100959806,-0.0409233067155341,0.0396024875287395,0.120128281773011,0.200654076017283,0.281179870261555,0.361705664505825,0.442231458750099,0.522757252994369,0.603283047238641,0.683808841482914,0.764334635727186,0.84486042997146,0.92538622421573,1.00591201846,1.00591201846,1.00591201846,1.00591201846,1.00591201846,1.00591201846,1.00591201846,1.00591201846,1.00591201846,1.00591201846,1.00591201846,1.00591201846,1.00591201846,1.00591201846,1.00591201846,1.00591201846,1.00591201846,1.00591201846,1.00591201846,1.00591201846,1.00591201846,-9.33542790321802,-6.99307927610508,-5.03593035195843,-3.43079004846028,-2.14446728329287,-1.14377097413841,-0.395510038679138,0.133506605402737,0.476470040424987,0.666571348705386,0.737001612561711,0.720951914311737,0.651613336273254,0.562176960764026,0.485833870101825,0.45577514660445,0.50519187258965,0.667275130375216,0.975216002278923,1.46220557061856,1.46220557061856,1.46220557061856,1.46220557061856,1.46220557061856,1.46220557061856,1.46220557061856,1.46220557061856,1.46220557061856,1.46220557061856,1.46220557061856,1.46220557061856,1.46220557061856,1.46220557061856,1.46220557061856,1.46220557061856,1.46220557061856,1.46220557061856,1.46220557061856,1.46220557061856,1.46220557061856,-3.58377095926394,-2.98082846827416,-2.37788597728437,-1.77494348629461,-1.17200099530484,-0.56905850431507,-0.0026747515787271,0.3775620002307,0.541078937249095,0.570354228763458,0.516417691545668,0.384612775831537,0.195423963292557,0.0277467804288616,0.0218340392216554,0.26679171594265,0.665016083300953,1.01736853435006,1.23833022288054,1.38276397978823,1.38276397978823,1.38276397978823,1.38276397978823,1.38276397978823,1.38276397978823,1.38276397978823,1.38276397978823,1.38276397978823,1.38276397978823,1.38276397978823,1.38276397978823,1.38276397978823,1.38276397978823,1.38276397978823,1.38276397978823,1.38276397978823,1.38276397978823,1.38276397978823,1.38276397978823,1.38276397978823,1,1,1,1,1,1,1,1,1,1,1,1,1,1,1,1,1,1,1,1,1,1,1,1,1,1,1,1,1,1,1,1,1,1,1,1,1,1,1,1
0.100154129644047,0.376090723021508,0.417449909222179,3.27107211863286,-1.17619086047726,-0.718830143227971,0.230577138465653,0.592368295549976,1.0560271553102,0.0363078702393427,0.115011641919498,-2.2280257570974,1.21264691625789,-0.0312618385671062,-0.981554144540294,1.60234103871084,-0.460633727220836,1.30043780249705,-0.785941033778986,-0.662561303762775,-1.96787281977911,1.95371748094436,-0.375842271755014,-1.16152062346448,-0.607380407037143,0.542343752607323,1.66363340845267,-0.566191574488759,-1.55296418275888,0.314391458550032,-2.04023645944778,2.48289726473346,-1.26513532887621,0.184723799052003,-0.345117363672671,2.3827975979065,0.343957957546516,0.421930089349768,-0.0647576353913237,-1.7222462759515,1.13766819549365,1.12556113767144,1.11345407984923,1.10134702202703,1.08923996420482,1.07713290638261,1.0650258485604,1.0529187907382,1.04081173291599,1.02870467509378,1.01659761727158,1.00449055944937,0.99238350162716,0.980276443804954,0.968169385982744,0.956062328160538,0.943955270338328,0.931848212516119,0.919741154693915,0.907634096871705,0.907634096871705,0.907634096871705,0.907634096871705,0.907634096871705,0.907634096871705,0.907634096871705,0.907634096871705,0.907634096871705,0.907634096871705,0.907634096871705,0.907634096871705,0.907634096871705,0.907634096871705,0.907634096871705,0.907634096871705,0.907634096871705,0.907634096871705,0.907634096871705,0.907634096871705,0.907634096871705,-5.86260046798241,-3.69025295139109,-1.97231107989825,-0.662293858535181,0.286279707666822,0.919890613676449,1.28501985446244,1.4281484249935,1.39575732023832,1.23432753516563,0.990340064744107,0.71027590394249,0.440616047729511,0.227841491073832,0.118433228944166,0.158872256309259,0.395639568137799,0.875216159398519,1.64408302506004,2.74872116009124,2.74872116009124,2.74872116009124,2.74872116009124,2.74872116009124,2.74872116009124,2.74872116009124,2.74872116009124,2.74872116009124,2.74872116009124,2.74872116009124,2.74872116009124,2.74872116009124,2.74872116009124,2.74872116009124,2.74872116009124,2.74872116009124,2.74872116009124,2.74872116009124,2.74872116009124,2.74872116009124,3.1649998016338,2.93782487285912,2.71064994408444,2.48347501530976,2.25630008653509,2.02912515776041,1.79654021143042,1.53548762612873,1.23253357639553,0.873424030132973,0.451263036101608,0.0234134323784048,-0.28414233791068,-0.364628234595774,-0.194555094197085,0.198814681847947,0.785999483446348,1.52853969996818,2.36376438401558,3.23115494928407,3.23115494928407,3.23115494928407,3.23115494928407,3.23115494928407,3.23115494928407,3.23115494928407,3.23115494928407,3.23115494928407,3.23115494928407,3.23115494928407,3.23115494928407,3.23115494928407,3.23115494928407,3.23115494928407,3.23115494928407,3.23115494928407,3.23115494928407,3.23115494928407,3.23115494928407,3.23115494928407,1,1,1,1,1,1,1,1,1,1,1,1,1,1,1,1,1,1,1,1,1,1,1,1,1,1,1,1,1,1,1,1,1,1,1,1,1,1,1,1
2.69880256520486,0.0559531208835811,-1.09239586788236,0.520963824483102,0.195612786690367,-0.684410652528435,2.53045470637754,2.02279013620874,-0.0834435426039093,-1.28043569443237,-1.35131204458503,0.317262951898472,-0.430106614389626,-0.289234648204683,-1.03674349214799,-2.40963993255292,2.22413949538923,-1.91593505196628,1.76810622448704,-0.471024080142383,-0.437049076808663,0.125271896019463,0.910142903545415,-1.46224277112142,1.11841962625898,-0.852904099560977,-2.01115354352725,-0.770117365481052,1.98360398368206,-2.73409775068956e-05,-1.24438701695326,-0.586739874277535,1.10033160092424,-0.693214411700668,0.1152025426546,0.310763092539302,0.540709135286709,1.37453708778641,-0.358551892687819,-2.5939752370439,2.2176644542728,2.10752351362253,1.99738257297226,1.88724163232198,1.77710069167171,1.66695975102144,1.55681881037117,1.44667786972089,1.33653692907062,1.22639598842035,1.11625504777008,1.0061141071198,0.895973166469531,0.785832225819258,0.675691285168984,0.565550344518714,0.455409403868439,0.345268463218169,0.235127522567895,0.124986581917621,0.124986581917621,0.124986581917621,0.124986581917621,0.124986581917621,0.124986581917621,0.124986581917621,0.124986581917621,0.124986581917621,0.124986581917621,0.124986581917621,0.124986581917621,0.124986581917621,0.124986581917621,0.124986581917621,0.124986581917621,0.124986581917621,0.124986581917621,0.124986581917621,0.124986581917621,0.124986581917621,13.1956491541724,10.2999578834411,7.85796721252163,5.83372335353342,4.19127251859588,2.89466091982841,1.90793476935043,1.19514027928134,0.720323661740551,0.447531128847467,0.340808892721512,0.364203165482097,0.481760159248614,0.657526086140491,0.855547158277094,1.03986958777788,1.17453958676227,1.22360336734964,1.15110714165939,0.92109712181094,0.92109712181094,0.92109712181094,0.92109712181094,0.92109712181094,0.92109712181094,0.92109712181094,0.92109712181094,0.92109712181094,0.92109712181094,0.92109712181094,0.92109712181094,0.92109712181094,0.92109712181094,0.92109712181094,0.92109712181094,0.92109712181094,0.92109712181094,0.92109712181094,0.92109712181094,0.92109712181094,5.10789402746675,4.58422062076498,4.06054721406322,3.53687380736145,3.01320040065969,2.48952699395792,1.97194637939758,1.48951064022548,1.07289610837864,0.756188473652012,0.566603265357093,0.490879491565499,0.484496760158018,0.516689716823793,0.575976914800698,0.643406684323502,0.689175426193998,0.68598008627559,0.620512828409376,0.509994428789325,0.509994428789325,0.509994428789325,0.509994428789325,0.509994428789325,0.509994428789325,0.509994428789325,0.509994428789325,0.509994428789325,0.509994428789325,0.509994428789325,0.509994428789325,0.509994428789325,0.509994428789325,0.509994428789325,0.509994428789325,0.509994428789325,0.509994428789325,0.509994428789325,0.509994428789325,0.509994428789325,1,1,1,1,1,1,1,1,1,1,1,1,1,1,1,1,1,1,1,1,1,1,1,1,1,1,1,1,1,1,1,1,1,1,1,1,1,1,1,1
-2.27461890992933,-1.90750833352203,0.528189352764578,-2.09612455435624,0.00369566435522461,-0.553496472907391,0.359901080107116,-0.3321777223811,-2.40135336516347,-0.687570021449167,0.725799981394324,0.18877142964365,1.17917581871322,-2.37287955435471,0.29969120934628,1.10518538111851,-1.63991433052565,-1.34905641443764,-0.442883849258017,-0.206175965293054,1.11846550806647,0.888179580380241,-1.65950469364924,-0.371362871640235,0.814499757566312,1.90585562971941,0.22252580217206,0.591086310224489,-0.164458985615369,0.1450556032185,1.38915670200316,-1.13004867615601,1.50800415659303,1.07847325297763,2.25435219220276,0.907219275685764,-1.98455194223748,1.37272626493217,0.959498318847812,2.02732393212552,2.33657217922746,2.0969943494677,1.85741651970794,1.61783868994818,1.37826086018842,1.13868303042865,0.899105200668895,0.659527370909132,0.419949541149371,0.18037171138961,-0.0592061183701524,-0.298783948129913,-0.538361777889678,-0.777939607649438,-1.0175174374092,-1.25709526716896,-1.49667309692872,-1.73625092668848,-1.97582875644825,-2.21540658620801,-2.21540658620801,-2.21540658620801,-2.21540658620801,-2.21540658620801,-2.21540658620801,-2.21540658620801,-2.21540658620801,-2.21540658620801,-2.21540658620801,-2.21540658620801,-2.21540658620801,-2.21540658620801,-2.21540658620801,-2.21540658620801,-2.21540658620801,-2.21540658620801,-2.21540658620801,-2.21540658620801,-2.21540658620801,-2.21540658620801,-51.58710960318,-37.2799171336258,-25.5756355737815,-16.240404419078,-9.04036316494629,-3.74165130681746,-0.110408340122516,2.08722623970753,3.08511293724166,3.11711225704885,2.41708470369808,1.21889078175834,-0.24360900420143,-1.73655414961216,-3.026084149905,-3.87833850051083,-4.05945669686081,-3.33557823438579,-1.47284260851694,1.76261068531472,1.76261068531472,1.76261068531472,1.76261068531472,1.76261068531472,1.76261068531472,1.76261068531472,1.76261068531472,1.76261068531472,1.76261068531472,1.76261068531472,1.76261068531472,1.76261068531472,1.76261068531472,1.76261068531472,1.76261068531472,1.76261068531472,1.76261068531472,1.76261068531472,1.76261068531472,1.76261068531472,-0.695594392425559,-0.512930554414356,-0.330266716403155,-0.147602878391951,0.0350609596192495,0.217724797630455,0.392266388853436,0.522299774090376,0.583421562744242,0.566207563126662,0.456980705996717,0.249051184092925,-0.0377483803704894,-0.373751046066724,-0.747968024535865,-1.15916648463417,-1.58827673707822,-2.00369556199208,-2.39114342372385,-2.76099327133891,-2.76099327133891,-2.76099327133891,-2.76099327133891,-2.76099327133891,-2.76099327133891,-2.76099327133891,-2.76099327133891,-2.76099327133891,-2.76099327133891,-2.76099327133891,-2.76099327133891,-2.76099327133891,-2.76099327133891,-2.76099327133891,-2.76099327133891,-2.76099327133891,-2.76099327133891,-2.76099327133891,-2.76099327133891,-2.76099327133891,1,1,1,1,1,1,1,1,1,1,1,1,1,1,1,1,1,1,1,1,1,1,1,1,1,1,1,1,1,1,1,1,1,1,1,1,1,1,1,1
2.19906182527395,0.851632801431596,3.8817325624172,-1.74470587717239,1.23861756322139,1.45332188768127,-0.881963701827077,1.70567528103454,-1.27735434719371,-0.2475362050663,-1.40348682074656,-2.01846974628587,1.47747045530752,-2.5109222953945,0.231625059759995,-1.84900501124465,-0.0149360375958203,-0.805265555663206,-2.11797437414482,-1.00874385990229,0.364347941053106,-1.79526076294782,0.0190835894975621,0.491464060371516,1.86874626677511,-1.11921440715765,-2.60116421702751,-1.44524959593525,0.900340419349114,-2.37755820265768,0.347538180875157,0.810101744033609,0.641775292421171,-1.03752423282337,1.87971534049906,0.557236610614389,0.932691016783608,-1.65531106210095,-1.29606347075324,-1.30508817292099,1.51230373234968,1.40534662001789,1.29838950768611,1.19143239535432,1.08447528302253,0.977518170690743,0.870561058358959,0.763603946027171,0.656646833695385,0.549689721363597,0.442732609031809,0.335775496700025,0.228818384368239,0.121861272036451,0.0149041597046651,-0.092052952627121,-0.199010064958909,-0.305967177290697,-0.412924289622483,-0.519881401954269,-0.519881401954269,-0.519881401954269,-0.519881401954269,-0.519881401954269,-0.519881401954269,-0.519881401954269,-0.519881401954269,-0.519881401954269,-0.519881401954269,-0.519881401954269,-0.519881401954269,-0.519881401954269,-0.519881401954269,-0.519881401954269,-0.519881401954269,-0.519881401954269,-0.519881401954269,-0.519881401954269,-0.519881401954269,-0.519881401954269,12.5409206229925,9.75535137907099,7.37831602873884,5.3803617369125,3.73203566850842,2.40388498844304,1.36645686163278,0.590298452994109,0.0459569274434539,-0.296020550102753,-0.46508681472806,-0.490694701516013,-0.402297045550206,-0.22934668191418,-0.00129644569148368,0.252400828034306,0.502292304179635,0.718925147660956,0.872846523394681,0.934603596297272,0.934603596297272,0.934603596297272,0.934603596297272,0.934603596297272,0.934603596297272,0.934603596297272,0.934603596297272,0.934603596297272,0.934603596297272,0.934603596297272,0.934603596297272,0.934603596297272,0.934603596297272,0.934603596297272,0.934603596297272,0.934603596297272,0.934603596297272,0.934603596297272,0.934603596297272,0.934603596297272,6.65532515460699,5.73684253184202,4.81835990907706,3.89987728631209,2.98139466354712,2.06291204078216,1.18147346955706,0.500687990919493,0.10608563631123,-0.0602539953069048,-0.10836657371639,-0.126736625228922,-0.153042791537768,-0.16145022485688,-0.095813417157208,0.0590541781059155,0.246088829322389,0.379022609226855,0.412953361197681,0.376617859882373,0.376617859882373,0.376617859882373,0.376617859882373,0.376617859882373,0.376617859882373,0.376617859882373,0.376617859882373,0.376617859882373,0.376617859882373,0.376617859882373,0.376617859882373,0.376617859882373,0.376617859882373,0.376617859882373,0.376617859882373,0.376617859882373,0.376617859882373,0.376617859882373,0.376617859882373,0.376617859882373,1,1,1,1,1,1,1,1,1,1,1,1,1,1,1,1,1,1,1,1,1,1,1,1,1,1,1,1,1,1,1,1,1,1,1,1,1,1,1,1
0.464007032328992,-2.62792106279564,-1.41279278428652,3.73192811131095,-1.76565886854204,1.15645850710922,-2.00898167934095,0.218739175574427,-3.16057123288824,-0.539430625812546,-1.05158097920557,-0.561174342824753,0.351764313680263,0.878729646781016,0.331775879180196,-0.895914012716501,2.28499069707002,-0.88158905731029,2.24363772857416,1.02373684840754,2.14157116761859,1.24486922494548,0.706707021568992,-0.173050863742295,-2.66062812408739,0.671156053673206,1.41095403017975,-2.82771422616368,2.1718218024096,1.12827910821011,0.544482583724834,-1.32494086484518,-2.23506545873527,-0.701557281954889,0.125139436040083,-3.14247636541733,-1.55027348244702,0.244510487809368,-1.50819034666165,0.164168347332849,-1.66445283702886,-1.56954804051178,-1.4746432439947,-1.37973844747763,-1.28483365096055,-1.18992885444348,-1.0950240579264,-1.00011926140933,-0.905214464892252,-0.810309668375176,-0.7154048718581,-0.620500075341026,-0.525595278823952,-0.430690482306876,-0.3357856857898,-0.240880889272725,-0.145976092755648,-0.0510712962385718,0.0438335002785042,0.138738296795578,0.138738296795578,0.138738296795578,0.138738296795578,0.138738296795578,0.138738296795578,0.138738296795578,0.138738296795578,0.138738296795578,0.138738296795578,0.138738296795578,0.138738296795578,0.138738296795578,0.138738296795578,0.138738296795578,0.138738296795578,0.138738296795578,0.138738296795578,0.138738296795578,0.138738296795578,0.138738296795578,20.4616384873568,14.3251283608847,9.34868919753322,5.42488352671765,2.4462738778533,0.305422780355493,-1.10510723636051,-1.89275364287941,-2.16495390978589,-2.02914550766467,-1.59276590710045,-0.963252578677924,-0.248042992981834,0.445425379403176,1.00971506789234,1.33738860190099,1.32100851084441,0.853137324137906,-0.173662428803231,-1.86682821856373,-1.86682821856373,-1.86682821856373,-1.86682821856373,-1.86682821856373,-1.86682821856373,-1.86682821856373,-1.86682821856373,-1.86682821856373,-1.86682821856373,-1.86682821856373,-1.86682821856373,-1.86682821856373,-1.86682821856373,-1.86682821856373,-1.86682821856373,-1.86682821856373,-1.86682821856373,-1.86682821856373,-1.86682821856373,-1.86682821856373,-0.438025784618618,-0.518155632288573,-0.598285479958528,-0.678415327628488,-0.758545175298445,-0.838675022968397,-0.91587969145783,-0.976312168082584,-1.00861635768083,-1.01125265381094,-0.981832132384159,-0.908710681994332,-0.785852939739653,-0.627809920046959,-0.45537854895699,-0.273913019959954,-0.0762873576526033,0.1423310559938,0.379910072015702,0.628761099286592,0.628761099286592,0.628761099286592,0.628761099286592,0.628761099286592,0.628761099286592,0.628761099286592,0.628761099286592,0.628761099286592,0.628761099286592,0.628761099286592,0.628761099286592,0.628761099286592,0.628761099286592,0.628761099286592,0.628761099286592,0.628761099286592,0.628761099286592,0.628761099286592,0.628761099286592,0.628761099286592,1,1,1,1,1,1,1,1,1,1,1,1,1,1,1,1,1,1,1,1,1,1,1,1,1,1,1,1,1,1,1,1,1,1,1,1,1,1,1,1
0.0291893392483704,0.511009293507152,0.231836626712256,-1.63743452861689,-0.748819273997543,-1.03953044520961,-0.0166621903253592,-0.169837948209837,2.47403931888864,0.177369303672428,0.281933582143195,0.750322097125737,0.948948239997662,-0.783027485903537,0.792308393074951,0.957385076582636,-3.1271652009822,0.661122543217358,-0.395301007586781,-0.900940749776792,0.749267772128812,-2.29348381936526,-2.02866314616769,1.02121177597545,-0.758934123060095,1.31785257431488,2.24724280862898,-1.7976437682853,2.1066424725308,-0.563412872891593,-0.323784115198247,-0.335690880160701,1.87430644841491,-0.97453284291756,1.61653236499492,-1.7207826699688,-3.58897249127477,-0.721107493147116,0.625090186523243,-2.45961954649115,2.77019403389325,2.49209370984643,2.2139933857996,1.93589306175277,1.65779273770595,1.37969241365912,1.10159208961229,0.823491765565464,0.545391441518637,0.26729111747181,-0.0108092065750167,-0.288909530621845,-0.567009854668672,-0.845110178715499,-1.12321050276233,-1.40131082680915,-1.67941115085598,-1.95751147490281,-2.23561179894963,-2.51371212299646,-2.51371212299646,-2.51371212299646,-2.51371212299646,-2.51371212299646,-2.51371212299646,-2.51371212299646,-2.51371212299646,-2.51371212299646,-2.51371212299646,-2.51371212299646,-2.51371212299646,-2.51371212299646,-2.51371212299646,-2.51371212299646,-2.51371212299646,-2.51371212299646,-2.51371212299646,-2.51371212299646,-2.51371212299646,-2.51371212299646,17.7634540258471,13.2412643288539,9.50814209993835,6.49180146469902,4.1199565487347,2.32032147764409,1.02061037702594,0.148537372478961,-0.368183410398128,-0.601837846006589,-0.624711808747714,-0.509091173022769,-0.327261813233019,-0.151509603779752,-0.0541204190642564,-0.107380133487773,-0.383574621451601,-0.954989757357028,-1.8939114156053,-3.2726254705977,-3.2726254705977,-3.2726254705977,-3.2726254705977,-3.2726254705977,-3.2726254705977,-3.2726254705977,-3.2726254705977,-3.2726254705977,-3.2726254705977,-3.2726254705977,-3.2726254705977,-3.2726254705977,-3.2726254705977,-3.2726254705977,-3.2726254705977,-3.2726254705977,-3.2726254705977,-3.2726254705977,-3.2726254705977,-3.2726254705977,2.34422219786967,2.08927634129228,1.83433048471489,1.5793846281375,1.32443877156011,1.06949291498272,0.818663412024893,0.58985210057269,0.392390130363118,0.224301801150084,0.0759894062475457,-0.0743917212594596,-0.252818296477455,-0.474753930635172,-0.745337711181691,-1.05987214464588,-1.39970042439234,-1.74780946853923,-2.10600328610172,-2.47757377201044,-2.47757377201044,-2.47757377201044,-2.47757377201044,-2.47757377201044,-2.47757377201044,-2.47757377201044,-2.47757377201044,-2.47757377201044,-2.47757377201044,-2.47757377201044,-2.47757377201044,-2.47757377201044,-2.47757377201044,-2.47757377201044,-2.47757377201044,-2.47757377201044,-2.47757377201044,-2.47757377201044,-2.47757377201044,-2.47757377201044,1,1,1,1,1,1,1,1,1,1,1,1,1,1,1,1,1,1,1,1,1,1,1,1,1,1,1,1,1,1,1,1,1,1,1,1,1,1,1,1
1.74604516149026,1.57231114986282,-1.51724209269888,-0.0168212907706788,-0.434420059821192,1.03277327510054,0.97117771216082,-2.97618986966202,-0.822005246215474,-0.0412079168841295,-2.11548508390367,-0.527375377260469,0.26945453964575,-1.43103999867078,-1.78505456962554,1.3708722397532,-0.292369631722671,-0.830974602820651,1.53300631594215,-2.27336703635807,0.117742940913642,-0.3691611571151,-1.50228443145454,1.42045468005115,0.39799887343503,1.26039831237275,1.12191818792219,0.694850538140855,-2.89276329419167,-0.203483457350654,1.04152948320274,-1.48747194298356,0.401550735526424,-2.2242878406785,-2.48852160608196,-1.66504873512201,-0.532442411689207,-1.33231831653719,-0.0775159535786489,2.2207011817991,-1.8599183222283,-1.79333344621282,-1.72674857019734,-1.66016369418186,-1.59357881816638,-1.5269939421509,-1.46040906613542,-1.39382419011994,-1.32723931410446,-1.26065443808898,-1.1940695620735,-1.12748468605803,-1.06089981004254,-0.994314934027063,-0.927730058011583,-0.861145181996106,-0.794560305980625,-0.727975429965145,-0.661390553949666,-0.594805677934186,-0.594805677934186,-0.594805677934186,-0.594805677934186,-0.594805677934186,-0.594805677934186,-0.594805677934186,-0.594805677934186,-0.594805677934186,-0.594805677934186,-0.594805677934186,-0.594805677934186,-0.594805677934186,-0.594805677934186,-0.594805677934186,-0.594805677934186,-0.594805677934186,-0.594805677934186,-0.594805677934186,-0.594805677934186,-0.594805677934186,30.1258560138332,21.6759265853769,14.7284885705315,9.1504575475912,4.80874909485021,1.57027879060277,-0.6980377868569,-2.12928505923458,-2.85654744823603,-3.01290937556703,-2.73145526293335,-2.1452695320408,-1.38743660459508,-0.591040902302035,0.110833153132589,0.585101140003013,0.698678636603463,0.318481221228163,-0.688575527828686,-2.45557603227278,-2.45557603227278,-2.45557603227278,-2.45557603227278,-2.45557603227278,-2.45557603227278,-2.45557603227278,-2.45557603227278,-2.45557603227278,-2.45557603227278,-2.45557603227278,-2.45557603227278,-2.45557603227278,-2.45557603227278,-2.45557603227278,-2.45557603227278,-2.45557603227278,-2.45557603227278,-2.45557603227278,-2.45557603227278,-2.45557603227278,-1.9743304119334,-1.89350915903001,-1.81268790612663,-1.73186665322324,-1.65104540031986,-1.57022414741647,-1.48923540519754,-1.40726580766,-1.32381774331327,-1.24022289333237,-1.15896978908041,-1.08159455277371,-1.00896572774188,-0.942921126973236,-0.885448302594948,-0.836957078532656,-0.796747012012435,-0.763834595282008,-0.736317388048812,-0.711370072027043,-0.711370072027043,-0.711370072027043,-0.711370072027043,-0.711370072027043,-0.711370072027043,-0.711370072027043,-0.711370072027043,-0.711370072027043,-0.711370072027043,-0.711370072027043,-0.711370072027043,-0.711370072027043,-0.711370072027043,-0.711370072027043,-0.711370072027043,-0.711370072027043,-0.711370072027043,-0.711370072027043,-0.711370072027043,-0.711370072027043,1,1,1,1,1,1,1,1,1,1,1,1,1,1,1,1,1,1,1,1,1,1,1,1,1,1,1,1,1,1,1,1,1,1,1,1,1,1,1,1
1.57100300528531,2.42122505817099,0.893913477276985,-0.21746660770915,-0.10562941630678,0.0358342435543113,0.110603136968051,0.933650046528204,-1.1659953915488,1.62217547636361,-1.0486419078443,-1.06896553223383,-0.199133897066588,-0.369687105319416,0.388319091205409,0.883723244159183,1.69884000877618,-0.491238018390481,-2.55521223635779,2.68209415295038,-0.117882020688898,-1.93580807795987,-0.65442492440568,-2.2614452942691,1.48368134019004,-0.185860962789198,0.134242831711413,-1.08953961744438,-0.800342731776848,-1.35068377886422,0.727480211290075,0.219613150303648,-1.01832312578911,-0.316488620033033,-0.603388080901288,1.83154441792565,-0.249156346614207,3.11789234859535,-1.25957940433393,-1.36690011611783,2.13076732967828,1.8609005017753,1.59103367387232,1.32116684596934,1.05130001806636,0.781433190163384,0.511566362260401,0.241699534357419,-0.028167293545561,-0.298034121448541,-0.56790094935152,-0.837767777254498,-1.10763460515748,-1.37750143306046,-1.64736826096344,-1.91723508886642,-2.1871019167694,-2.45696874467238,-2.72683557257536,-2.99670240047834,-2.99670240047834,-2.99670240047834,-2.99670240047834,-2.99670240047834,-2.99670240047834,-2.99670240047834,-2.99670240047834,-2.99670240047834,-2.99670240047834,-2.99670240047834,-2.99670240047834,-2.99670240047834,-2.99670240047834,-2.99670240047834,-2.99670240047834,-2.99670240047834,-2.99670240047834,-2.99670240047834,-2.99670240047834,-2.99670240047834,-4.50862527801598,-2.38399323319409,-0.81075185411374,0.271387290951057,0.922712633726295,1.20351260593797,1.17407563931207,0.8946901655746,0.425644616451546,-0.172772576331102,-0.840272981047342,-1.51656816597119,-2.14136969937664,-2.65438914953771,-2.9953380847284,-3.10392807322271,-2.91987068329467,-2.38287748321827,-1.43266004126751,-0.00892992571640683,-0.00892992571640683,-0.00892992571640683,-0.00892992571640683,-0.00892992571640683,-0.00892992571640683,-0.00892992571640683,-0.00892992571640683,-0.00892992571640683,-0.00892992571640683,-0.00892992571640683,-0.00892992571640683,-0.00892992571640683,-0.00892992571640683,-0.00892992571640683,-0.00892992571640683,-0.00892992571640683,-0.00892992571640683,-0.00892992571640683,-0.00892992571640683,-0.00892992571640683,3.56494451926149,3.11414555410907,2.66334658895665,2.21254762380422,1.7617486586518,1.31094969349938,0.858524464489923,0.399826933157653,-0.0558517696867398,-0.491049188893117,-0.89462582356723,-1.25885838013643,-1.57130068272503,-1.8191998773422,-1.99864420394003,-2.11650656633822,-2.18584126060351,-2.21956709270613,-2.22825900168409,-2.22354463952816,-2.22354463952816,-2.22354463952816,-2.22354463952816,-2.22354463952816,-2.22354463952816,-2.22354463952816,-2.22354463952816,-2.22354463952816,-2.22354463952816,-2.22354463952816,-2.22354463952816,-2.22354463952816,-2.22354463952816,-2.22354463952816,-2.22354463952816,-2.22354463952816,-2.22354463952816,-2.22354463952816,-2.22354463952816,-2.22354463952816,1,1,1,1,1,1,1,1,1,1,1,1,0,0,1,1,1,1,1,1,1,1,1,1,1,1,1,1,1,1,1,1,1,1,1,1,1,1,1,1
1.34949887987092,-0.65664680302468,0.677239964035207,0.66561397306048,2.32636418325605,-3.0405714998168,-0.356758574560443,-0.687009252606519,-1.51948332397464,-0.86458400572281,-0.0379289812384478,1.0549244656788,-0.75105084223388,2.18516829608136,0.953742049615295,1.56817143777285,-1.16503440597971,1.17639697262239,-1.28979278222707,0.581984711932289,-0.321992776735071,0.998642095693986,0.26132873328959,-1.55512473991311,0.661769715148894,-1.03574505726623,-2.81543526645976,-3.46715223671387,-1.58094725538715,1.42797372504413,-1.81528280404842,0.572704563706115,1.12751190276424,1.2055529532977,1.17879822077905,-2.01377830321232,1.12909968806356,-0.806645615443383,-1.08359253831399,0.612798198571616,-4.38391077611685,-4.03146734507261,-3.67902391402836,-3.32658048298412,-2.97413705193988,-2.62169362089564,-2.2692501898514,-1.91680675880716,-1.56436332776291,-1.21191989671867,-0.859476465674433,-0.507033034630187,-0.154589603585947,0.197853827458292,0.550297258502537,0.902740689546777,1.25518412059102,1.60762755163526,1.9600709826795,2.31251441372374,2.31251441372374,2.31251441372374,2.31251441372374,2.31251441372374,2.31251441372374,2.31251441372374,2.31251441372374,2.31251441372374,2.31251441372374,2.31251441372374,2.31251441372374,2.31251441372374,2.31251441372374,2.31251441372374,2.31251441372374,2.31251441372374,2.31251441372374,2.31251441372374,2.31251441372374,2.31251441372374,8.96602744668276,5.99241121790006,3.5616138104932,1.62921328321623,0.150787694823199,-0.918084895931839,-1.62182643029484,-2.00485884951174,-2.1116040948285,-1.98648410749107,-1.67392082874537,-1.21833619983738,-0.66415216201305,-0.0557906565183011,0.562326375400893,1.1457769924986,1.65013925352886,2.03099121724574,2.24391094240327,2.24447648775552,2.24447648775552,2.24447648775552,2.24447648775552,2.24447648775552,2.24447648775552,2.24447648775552,2.24447648775552,2.24447648775552,2.24447648775552,2.24447648775552,2.24447648775552,2.24447648775552,2.24447648775552,2.24447648775552,2.24447648775552,2.24447648775552,2.24447648775552,2.24447648775552,2.24447648775552,2.24447648775552,-3.91419793416307,-3.62370261225503,-3.333207290347,-3.04271196843896,-2.75221664653093,-2.46172132462289,-2.17069377331526,-1.87632714166298,-1.5750714921078,-1.26498904684338,-0.945217224136087,-0.613356709794393,-0.265993452389514,0.0975917702852023,0.474492720546527,0.861218776994789,1.25543653377194,1.65462869500805,2.05561984687484,2.45647900734684,2.45647900734684,2.45647900734684,2.45647900734684,2.45647900734684,2.45647900734684,2.45647900734684,2.45647900734684,2.45647900734684,2.45647900734684,2.45647900734684,2.45647900734684,2.45647900734684,2.45647900734684,2.45647900734684,2.45647900734684,2.45647900734684,2.45647900734684,2.45647900734684,2.45647900734684,2.45647900734684,1,1,1,1,1,1,1,1,1,1,1,1,1,1,1,1,1,1,1,1,1,1,1,1,1,1,1,1,1,1,1,1,1,1,1,1,1,1,1,1
-1.73259765042893,-2.6558405657484,0.5647041175234,0.851307691674121,-2.37087831083238,2.08565086600947,-0.202697774846257,0.0985740532804344,-0.640853772342533,0.0623593988214832,2.6472568117582,-2.54381412063961,-2.71529818940548,-0.310310844182348,2.00578776273431,-2.00457940774361,-0.100565224160679,0.086554319246348,-3.37519430609213,1.77697408637506,1.842003621363,-1.22806992392437,0.876915371485396,1.47846559755247,0.666691412876377,-3.09671996353866,2.83780327367002,-0.614910132078323,0.815600772252507,0.376868258638735,1.18475167059118,0.973871171016402,-3.27414296018997,1.07802741165096,0.455630130463714,0.59321559725397,1.06239840402896,1.92558370646099,-1.1300171989738,-0.779568576688362,-3.26056524447326,-3.06536415760748,-2.8701630707417,-2.67496198387593,-2.47976089701015,-2.28455981014437,-2.08935872327859,-1.89415763641282,-1.69895654954704,-1.50375546268126,-1.30855437581548,-1.1133532889497,-0.918152202083929,-0.72295111521815,-0.52775002835237,-0.332548941486593,-0.137347854620817,0.0578532322449625,0.253054319110735,0.448255405976512,0.448255405976512,0.448255405976512,0.448255405976512,0.448255405976512,0.448255405976512,0.448255405976512,0.448255405976512,0.448255405976512,0.448255405976512,0.448255405976512,0.448255405976512,0.448255405976512,0.448255405976512,0.448255405976512,0.448255405976512,0.448255405976512,0.448255405976512,0.448255405976512,0.448255405976512,0.448255405976512,25.2931240746979,17.7797791629923,11.6353822327232,6.73908714857526,2.97004777523357,0.207417977382987,-1.66964838029156,-2.78199743310515,-3.25047531637288,-3.19592816540981,-2.73920211553104,-2.00114330205165,-1.10259786028672,-0.164411925551313,0.692568366839422,1.34749688157052,1.67952748332675,1.56781403679317,0.89151040665463,-0.470229542403992,-0.470229542403992,-0.470229542403992,-0.470229542403992,-0.470229542403992,-0.470229542403992,-0.470229542403992,-0.470229542403992,-0.470229542403992,-0.470229542403992,-0.470229542403992,-0.470229542403992,-0.470229542403992,-0.470229542403992,-0.470229542403992,-0.470229542403992,-0.470229542403992,-0.470229542403992,-0.470229542403992,-0.470229542403992,-0.470229542403992,3.04589874361272,2.29644502054222,1.54699129747172,0.797537574401211,0.0480838513307109,-0.701369871739791,-1.42314634463942,-1.99341628507323,-2.33511371870605,-2.45055794773227,-2.35369626182747,-2.04198631948078,-1.52602998526765,-0.880539112234629,-0.254409615002999,0.224455532822782,0.560601095583475,0.853063349126337,1.16558297958733,1.49531468726389,1.49531468726389,1.49531468726389,1.49531468726389,1.49531468726389,1.49531468726389,1.49531468726389,1.49531468726389,1.49531468726389,1.49531468726389,1.49531468726389,1.49531468726389,1.49531468726389,1.49531468726389,1.49531468726389,1.49531468726389,1.49531468726389,1.49531468726389,1.49531468726389,1.49531468726389,1.49531468726389,1,1,1,1,1,1,1,1,1,1,1,1,1,1,1,1,1,1,1,1,1,1,1,1,1,1,1,1,1,1,1,1,1,1,1,1,1,1,1,1
1.51176458757684,1.46203695006632,0.19169180133744,0.786972671464917,-0.480000743311301,0.0433700733658275,2.20631390187309,-1.48728852718605,1.63887077367222,-0.495769150423856,1.88321364127462,1.74824486960864,-0.0812959635710033,-0.559772132738857,0.925704870795137,-0.721828630115519,-0.776428686078814,1.89481073437183,2.76848828285541,0.095817745200792,-1.04823157841706,-1.03348448427482,-0.0843352593477142,-0.0569780956850376,-2.35050888240097,-0.966604999792072,-1.38126501235022,1.44622676466178,0.177066829638289,-0.900688790883034,1.43359328989836,0.732393059604343,0.232026844779277,-1.48555516765816,0.759960732134655,1.54363391179,-0.480629270840636,1.11275871490647,0.73179504829689,-0.469753925707167,-0.194773235513273,-0.154786588912869,-0.114799942312466,-0.0748132957120617,-0.0348266491116602,0.0051599974887413,0.0451466440891455,0.0851332906895479,0.12511993728995,0.165106583890353,0.205093230490757,0.245079877091159,0.285066523691563,0.325053170291966,0.365039816892368,0.405026463492772,0.445013110093175,0.484999756693579,0.524986403293981,0.564973049894386,0.564973049894386,0.564973049894386,0.564973049894386,0.564973049894386,0.564973049894386,0.564973049894386,0.564973049894386,0.564973049894386,0.564973049894386,0.564973049894386,0.564973049894386,0.564973049894386,0.564973049894386,0.564973049894386,0.564973049894386,0.564973049894386,0.564973049894386,0.564973049894386,0.564973049894386,0.564973049894386,-2.81119996706256,-2.57774975734389,-2.27879425471867,-1.92874987160985,-1.54203302044039,-1.13306011363322,-0.716247563611285,-0.306011782797535,0.0832308163850914,0.437063821513643,0.741070820165183,0.980835399916764,1.14194114834544,1.20997165302827,1.1705105015423,1.0091412814646,0.711447580372219,0.263012985842209,-0.350578914548377,-1.14374453322246,-1.14374453322246,-1.14374453322246,-1.14374453322246,-1.14374453322246,-1.14374453322246,-1.14374453322246,-1.14374453322246,-1.14374453322246,-1.14374453322246,-1.14374453322246,-1.14374453322246,-1.14374453322246,-1.14374453322246,-1.14374453322246,-1.14374453322246,-1.14374453322246,-1.14374453322246,-1.14374453322246,-1.14374453322246,-1.14374453322246,-0.524093433926198,-0.442874152155843,-0.361654870385488,-0.280435588615135,-0.199216306844783,-0.117997025074426,-0.0367611310567799,0.0444891411802573,0.125034704493102,0.202177396415372,0.271745194798704,0.330550525396408,0.377574740452832,0.413034002362361,0.437550111734858,0.45190871789023,0.456742642826052,0.452975759762262,0.442881862400142,0.429787882450164,0.429787882450164,0.429787882450164,0.429787882450164,0.429787882450164,0.429787882450164,0.429787882450164,0.429787882450164,0.429787882450164,0.429787882450164,0.429787882450164,0.429787882450164,0.429787882450164,0.429787882450164,0.429787882450164,0.429787882450164,0.429787882450164,0.429787882450164,0.429787882450164,0.429787882450164,0.429787882450164,1,1,1,1,1,1,1,1,1,1,1,1,1,1,1,1,1,1,1,1,1,1,1,1,1,1,1,1,1,1,1,1,1,1,1,1,1,1,1,1
-1.40808631277291,0.445953671707494,2.0366750701669,0.759521988279074,-1.23492162791052,1.01490356214378,-1.26440409183832,-0.901089104644354,-1.32282682251072,2.58829257695055,1.37262366473198,-0.412108288510389,-1.37781013958235,1.77242810179528,-2.07893465968215,1.85695380030428,-1.2055528795109,-2.31380231115747,-2.15934624879284,0.142519698474381,-0.150028537904035,-2.89193061779451,-0.466804557554589,-1.66193696114102,1.69421922508978,-0.529573184416593,-1.08752934184326,-1.13611838044961,0.0643264589665975,1.35022011092163,0.929423118878475,-0.351536615090424,-0.916614241689715,-1.77882976272306,1.59401728687587,-0.687062541391617,0.631766943192625,-0.484813113451009,-0.732296924350116,-0.0276395215033549,-0.955442103061033,-0.931542449064164,-0.907642795067295,-0.883743141070427,-0.859843487073557,-0.835943833076692,-0.812044179079821,-0.788144525082952,-0.764244871086085,-0.740345217089216,-0.716445563092348,-0.692545909095479,-0.668646255098611,-0.64474660110174,-0.620846947104875,-0.596947293108002,-0.573047639111138,-0.549147985114269,-0.525248331117398,-0.50134867712053,-0.50134867712053,-0.50134867712053,-0.50134867712053,-0.50134867712053,-0.50134867712053,-0.50134867712053,-0.50134867712053,-0.50134867712053,-0.50134867712053,-0.50134867712053,-0.50134867712053,-0.50134867712053,-0.50134867712053,-0.50134867712053,-0.50134867712053,-0.50134867712053,-0.50134867712053,-0.50134867712053,-0.50134867712053,-0.50134867712053,-14.5918351973749,-11.1734005587045,-8.31448807046666,-5.9681654271284,-4.08750032315661,-2.62556045301821,-1.53541351118017,-0.770127192109401,-0.282769190272839,-0.0264072001374327,0.0458910838298934,-0.0189420328378151,-0.173974244607459,-0.372273245946001,-0.566906731320373,-0.710942395197522,-0.757447932044368,-0.659491036327834,-0.370139402514898,0.157539274927553,0.157539274927553,0.157539274927553,0.157539274927553,0.157539274927553,0.157539274927553,0.157539274927553,0.157539274927553,0.157539274927553,0.157539274927553,0.157539274927553,0.157539274927553,0.157539274927553,0.157539274927553,0.157539274927553,0.157539274927553,0.157539274927553,0.157539274927553,0.157539274927553,0.157539274927553,0.157539274927553,-3.16563844274418,-2.85907847665865,-2.55251851057312,-2.2459585444876,-1.93939857840206,-1.63283861231653,-1.32595199245284,-1.01804044633693,-0.716305326029348,-0.449719686875733,-0.258501317769952,-0.159737739166916,-0.138299851740035,-0.174659457476821,-0.262527025040857,-0.39661266905955,-0.561813331236543,-0.740683168472341,-0.922758698934661,-1.1047711003936,-1.1047711003936,-1.1047711003936,-1.1047711003936,-1.1047711003936,-1.1047711003936,-1.1047711003936,-1.1047711003936,-1.1047711003936,-1.1047711003936,-1.1047711003936,-1.1047711003936,-1.1047711003936,-1.1047711003936,-1.1047711003936,-1.1047711003936,-1.1047711003936,-1.1047711003936,-1.1047711003936,-1.1047711003936,-1.1047711003936,1,1,1,1,1,1,1,1,1,1,1,1,1,1,1,1,1,1,1,1,1,1,1,1,1,1,1,1,1,1,1,1,1,1,1,1,1,1,1,1
-0.560882373070316,1.68472563509544,-1.30915226585074,1.5854076713883,-0.863441052158899,0.755305512246181,-0.122083709733289,1.00852369870909,0.696416432144712,0.852073929929574,0.803834314480817,1.21230525944696,0.215566881237022,-0.350845570172158,-1.74231406457783,-2.08606588409295,-0.558627410777103,-1.41435878508304,-2.46969483646317,-1.65616091661912,-0.777825582856668,-1.33568816236684,-1.9586335824251,-0.741046833099457,-1.67069616518496,3.91819907064827,-0.511838916712858,0.828746888877538,1.25930936535993,-0.0214154836358951,-1.70813137015709,0.651369323363262,-1.84380520003643,0.396009933121922,1.46358772172357,-1.1956472474348,-1.09115352298088,-1.30212740148952,0.978556627758397,1.47721470473636,5.0043482465973,4.52456248682986,4.04477672706242,3.56499096729498,3.08520520752754,2.6054194477601,2.12563368799265,1.64584792822521,1.16606216845777,0.686276408690331,0.206490648922889,-0.273295110844554,-0.753080870611994,-1.23286663037944,-1.71265239014688,-2.19243814991432,-2.67222390968176,-3.1520096694492,-3.63179542921664,-4.11158118898409,-4.11158118898409,-4.11158118898409,-4.11158118898409,-4.11158118898409,-4.11158118898409,-4.11158118898409,-4.11158118898409,-4.11158118898409,-4.11158118898409,-4.11158118898409,-4.11158118898409,-4.11158118898409,-4.11158118898409,-4.11158118898409,-4.11158118898409,-4.11158118898409,-4.11158118898409,-4.11158118898409,-4.11158118898409,-4.11158118898409,-25.7504884507792,-18.2691073521982,-12.1410800714288,-7.25132863467561,-3.4847750681431,-0.726341398035782,1.13905034944184,2.22647814808527,2.65101997168998,2.52775379405147,1.97175758896521,1.09810933022673,0.0218869916314741,-1.14183145302506,-2.27796802994735,-3.27144476533989,-4.00718368540727,-4.37010681635397,-4.2451361843844,-3.51719381570321,-3.51719381570321,-3.51719381570321,-3.51719381570321,-3.51719381570321,-3.51719381570321,-3.51719381570321,-3.51719381570321,-3.51719381570321,-3.51719381570321,-3.51719381570321,-3.51719381570321,-3.51719381570321,-3.51719381570321,-3.51719381570321,-3.51719381570321,-3.51719381570321,-3.51719381570321,-3.51719381570321,-3.51719381570321,-3.51719381570321,3.90097037439218,3.56578979256532,3.23060921073845,2.89542862891159,2.56024804708474,2.22506746525788,1.89038526657499,1.55619233142828,1.21193685167418,0.841585638866972,0.433785907222878,-0.0165035728250462,-0.507931054371602,-1.031618995026,-1.57647618963634,-2.13554898939456,-2.70320086850969,-3.27066938259102,-3.83056249890936,-4.3834648278647,-4.3834648278647,-4.3834648278647,-4.3834648278647,-4.3834648278647,-4.3834648278647,-4.3834648278647,-4.3834648278647,-4.3834648278647,-4.3834648278647,-4.3834648278647,-4.3834648278647,-4.3834648278647,-4.3834648278647,-4.3834648278647,-4.3834648278647,-4.3834648278647,-4.3834648278647,-4.3834648278647,-4.3834648278647,-4.3834648278647,1,1,1,1,1,1,1,1,1,1,1,1,1,1,1,1,1,1,1,1,1,1,1,1,1,1,1,1,1,1,1,1,1,1,1,1,1,1,1,1
0.622052115885774,-2.84373260797855,0.892069767135524,2.32517239757428,-0.879494899825399,-0.187307846467548,-0.106386602759969,0.203533628917617,2.66540054517851,-0.218668164804352,-1.95331890552633,1.8074969455538,-1.02871836692003,1.29039669813629,0.72380152572226,-1.67571630377367,0.442508547203765,-2.29155857103006,2.00431085837644,-0.448018692336451,1.75342061968956,1.123956899782,-0.862631237710387,-0.256222270754087,1.31565799706793,-0.790871231000267,1.5772826138341,-0.406986736040793,-0.86726128251053,-0.49986424701558,-1.43450992463768,-0.91125848979422,-0.254342008420565,1.86596385070082,-1.42461087494621,3.50787038555105,0.463385648000701,1.42481251594052,-0.25962598455334,2.258851389994,0.780056041890854,0.659233060381486,0.53841007887212,0.417587097362756,0.296764115853388,0.175941134344022,0.0551181528346589,-0.0657048286747095,-0.186527810184073,-0.307350791693439,-0.428173773202806,-0.548996754712173,-0.669819736221536,-0.790642717730904,-0.911465699240269,-1.03228868074963,-1.153111662259,-1.27393464376837,-1.39475762527773,-1.5155806067871,-1.5155806067871,-1.5155806067871,-1.5155806067871,-1.5155806067871,-1.5155806067871,-1.5155806067871,-1.5155806067871,-1.5155806067871,-1.5155806067871,-1.5155806067871,-1.5155806067871,-1.5155806067871,-1.5155806067871,-1.5155806067871,-1.5155806067871,-1.5155806067871,-1.5155806067871,-1.5155806067871,-1.5155806067871,-1.5155806067871,-12.6036912015895,-9.00544554302215,-6.0935633802413,-3.80447301698795,-2.07460275700309,-0.840380904027691,-0.0382357618027331,0.395404365930803,0.524111175431937,0.411456362959706,0.12101162477312,-0.28365134286879,-0.738960843707035,-1.18134518148254,-1.54723265993634,-1.77305158280936,-1.7952302538426,-1.55019697677707,-0.974380055353679,-0.00420779331346388,-0.00420779331346388,-0.00420779331346388,-0.00420779331346388,-0.00420779331346388,-0.00420779331346388,-0.00420779331346388,-0.00420779331346388,-0.00420779331346388,-0.00420779331346388,-0.00420779331346388,-0.00420779331346388,-0.00420779331346388,-0.00420779331346388,-0.00420779331346388,-0.00420779331346388,-0.00420779331346388,-0.00420779331346388,-0.00420779331346388,-0.00420779331346388,-0.00420779331346388,1.46012105779286,1.245971643378,1.03182222896315,0.817672814548293,0.603523400133436,0.389373985718582,0.175208850430314,-0.0393379807463496,-0.253752920240757,-0.457307747926402,-0.629389352890776,-0.756261719865488,-0.840591031358439,-0.893832041185012,-0.928402818312671,-0.956301822490406,-0.987035153315942,-1.02607406581955,-1.07550472446799,-1.13251321025591,-1.13251321025591,-1.13251321025591,-1.13251321025591,-1.13251321025591,-1.13251321025591,-1.13251321025591,-1.13251321025591,-1.13251321025591,-1.13251321025591,-1.13251321025591,-1.13251321025591,-1.13251321025591,-1.13251321025591,-1.13251321025591,-1.13251321025591,-1.13251321025591,-1.13251321025591,-1.13251321025591,-1.13251321025591,-1.13251321025591,1,1,1,1,1,1,1,1,1,1,1,1,1,1,1,1,1,1,1,1,1,1,1,1,1,1,1,1,1,1,1,1,1,1,1,1,1,1,1,1
3.58104357336862,0.599563229107699,-1.94925427721874,0.546759203065009,0.0306297144258156,1.60021086941887,-0.585165821306925,0.845668293872086,-0.439945775476463,-2.99735465226242,0.452846366714386,-2.69738946192876,-0.158121497000035,-3.15751217086641,0.505272973475895,3.97860142472157,0.963264623520182,2.56592757077682,-0.573114818054178,0.786392122721537,1.48961745047348,-0.605609278227965,-3.43142941822266,-1.7232405563508,-0.927988372563943,-0.468594153274459,0.89518593726449,-1.09736549174306,-1.26685286109118,1.53636472566803,-0.72855309603052,-0.612493532069672,2.05112641265741,-0.0419897991824563,-0.626300475695652,0.636539444927385,1.47081644365512,-0.655768761255736,-1.66802554488213,-0.265372148411359,-1.77566342590317,-1.55846556389267,-1.34126770188217,-1.12406983987168,-0.906871977861179,-0.689674115850682,-0.472476253840187,-0.255278391829689,-0.038080529819192,0.179117332191309,0.396315194201803,0.613513056212302,0.830710918222795,1.0479087802333,1.26510664224379,1.48230450425429,1.69950236626479,1.91670022827529,2.13389809028578,2.35109595229628,2.35109595229628,2.35109595229628,2.35109595229628,2.35109595229628,2.35109595229628,2.35109595229628,2.35109595229628,2.35109595229628,2.35109595229628,2.35109595229628,2.35109595229628,2.35109595229628,2.35109595229628,2.35109595229628,2.35109595229628,2.35109595229628,2.35109595229628,2.35109595229628,2.35109595229628,2.35109595229628,10.3556920993906,7.14038105894707,4.56788295859927,2.57843711303899,1.112282836958,0.109659445048106,-0.489193747998918,-0.744037427491284,-0.714632278737191,-0.460738987044881,-0.0421182377225495,0.481469283921589,1.05026289257933,1.60450190294242,2.08442562970271,2.4302733875519,2.5822844911819,2.48069825528438,2.06575399455114,1.27769102367403,1.27769102367403,1.27769102367403,1.27769102367403,1.27769102367403,1.27769102367403,1.27769102367403,1.27769102367403,1.27769102367403,1.27769102367403,1.27769102367403,1.27769102367403,1.27769102367403,1.27769102367403,1.27769102367403,1.27769102367403,1.27769102367403,1.27769102367403,1.27769102367403,1.27769102367403,1.27769102367403,-2.13947445537924,-1.88747710860949,-1.63547976183974,-1.38348241506999,-1.13148506830024,-0.879487721530487,-0.626821454341686,-0.369543408910078,-0.101282644004568,0.180472112449049,0.468481237698857,0.748367423590492,1.00785459658033,1.24222050982288,1.4514834657147,1.63570325452628,1.79474706158174,1.93098438298456,2.0505747338771,2.16201097750114,2.16201097750114,2.16201097750114,2.16201097750114,2.16201097750114,2.16201097750114,2.16201097750114,2.16201097750114,2.16201097750114,2.16201097750114,2.16201097750114,2.16201097750114,2.16201097750114,2.16201097750114,2.16201097750114,2.16201097750114,2.16201097750114,2.16201097750114,2.16201097750114,2.16201097750114,2.16201097750114,1,1,1,1,1,1,1,1,1,1,1,1,1,1,1,1,1,1,1,1,1,1,1,1,1,1,1,1,1,1,1,1,1,1,1,1,1,1,1,1
-2.02258303550786,-2.23027755975462,1.1354296536466,0.913344020047607,1.20337146188773,-0.214461086034888,0.872234421784592,-0.212950339328602,0.843962283263629,-1.36210083377592,0.819348320909508,0.360550869946342,-0.041182747241205,2.10847339816181,2.14872325704275,-3.21520125345092,1.30849541599288,-0.114886636216211,-0.71951204171825,-1.41517446264088,-0.353730431091238,-2.15117100710184,-1.96276083176781,-0.282554693826198,1.99804019697934,-0.00197289320948002,0.246513951150822,0.423308748871493,1.83010813031751,-0.387651248258454,-1.7128332340343,0.189524699510496,0.0662382346964083,-4.64827533508545,-1.07497507779563,-0.174731621672256,0.882920033937223,2.21792359561868,1.18178517024299,0.853566969833107,1.35248702762608,1.21491829198611,1.07734955634614,0.939780820706166,0.802212085066194,0.664643349426222,0.527074613786248,0.389505878146277,0.251937142506305,0.114368406866335,-0.0232003287736386,-0.160769064413611,-0.298337800053583,-0.435906535693556,-0.573475271333528,-0.711044006973498,-0.848612742613472,-0.986181478253444,-1.12375021389342,-1.26131894953339,-1.26131894953339,-1.26131894953339,-1.26131894953339,-1.26131894953339,-1.26131894953339,-1.26131894953339,-1.26131894953339,-1.26131894953339,-1.26131894953339,-1.26131894953339,-1.26131894953339,-1.26131894953339,-1.26131894953339,-1.26131894953339,-1.26131894953339,-1.26131894953339,-1.26131894953339,-1.26131894953339,-1.26131894953339,-1.26131894953339,7.94682577058381,6.08388978799565,4.51577245235608,3.21750480454835,2.16411788545569,1.33064273596134,0.692110396948517,0.22355190930047,-0.100001686099569,-0.30351934836837,-0.411970036622693,-0.450322709979304,-0.443546327554975,-0.41660984846647,-0.394482231830555,-0.402132436763985,-0.464529422383537,-0.606642147805976,-0.85343957214806,-1.22989065452658,-1.22989065452658,-1.22989065452658,-1.22989065452658,-1.22989065452658,-1.22989065452658,-1.22989065452658,-1.22989065452658,-1.22989065452658,-1.22989065452658,-1.22989065452658,-1.22989065452658,-1.22989065452658,-1.22989065452658,-1.22989065452658,-1.22989065452658,-1.22989065452658,-1.22989065452658,-1.22989065452658,-1.22989065452658,-1.22989065452658,1.12454873739202,1.01583627650656,0.907123815621109,0.798411354735655,0.689698893850203,0.580986432964748,0.472005475496051,0.360821112546644,0.243382225802312,0.118211310732779,-0.011324938110036,-0.141340020017102,-0.270510466065916,-0.399054897426264,-0.52857884628237,-0.661916205534862,-0.800482204481169,-0.943462318523062,-1.08987955807773,-1.23860386780068,-1.23860386780068,-1.23860386780068,-1.23860386780068,-1.23860386780068,-1.23860386780068,-1.23860386780068,-1.23860386780068,-1.23860386780068,-1.23860386780068,-1.23860386780068,-1.23860386780068,-1.23860386780068,-1.23860386780068,-1.23860386780068,-1.23860386780068,-1.23860386780068,-1.23860386780068,-1.23860386780068,-1.23860386780068,-1.23860386780068,1,1,1,1,1,1,1,1,1,1,1,1,1,1,1,1,1,1,1,1,1,1,1,1,1,1,1,1,1,1,1,1,1,1,1,1,1,1,1,1
-0.15045368904935,-1.18565414244376,-3.47529311505163,-2.20476291455644,0.732529828816103,1.02028242859266,-0.412789537433889,-1.60141380284913,1.95827463758755,-0.0867080574881296,-0.0954272656946031,0.635195106528389,-0.171225732327919,1.767291246147,1.29478295532524,2.18652222605075,-0.898474219462901,-1.83789348371756,-0.689286017595592,1.67450863629207,1.61649346311855,-0.129307140761048,-0.644401598099472,-0.805646443293259,-0.10854615848274,0.628324828984248,-3.52707216728978,2.13281603600011,0.520427670229116,1.01696240914204,0.551668811669218,-0.625213993350513,-2.63152200724121,0.191620979582,3.32919790289424,-0.580478329001906,-1.28127998203035,0.865963791374709,-0.495871557154537,0.985417755363253,1.46914147682955,1.34311913316815,1.21709678950675,1.09107444584535,0.965052102183943,0.839029758522541,0.713007414861138,0.586985071199736,0.460962727538332,0.334940383876933,0.208918040215528,0.082895696554127,-0.0431266471072735,-0.169148990768678,-0.29517133443008,-0.421193678091482,-0.547216021752883,-0.673238365414287,-0.799260709075689,-0.92528305273709,-0.92528305273709,-0.92528305273709,-0.92528305273709,-0.92528305273709,-0.92528305273709,-0.92528305273709,-0.92528305273709,-0.92528305273709,-0.92528305273709,-0.92528305273709,-0.92528305273709,-0.92528305273709,-0.92528305273709,-0.92528305273709,-0.92528305273709,-0.92528305273709,-0.92528305273709,-0.92528305273709,-0.92528305273709,-0.92528305273709,-16.0742330589883,-12.2236697373872,-8.93476475026127,-6.16984209392983,-3.89122576471239,-2.06123975892842,-0.642208072897374,0.403545297061269,1.11369635462805,1.5259211034835,1.67789554730814,1.60729568978252,1.35179753458718,0.949077085402621,0.436810345909429,-0.147326680211929,-0.765657989280854,-1.38050757761685,-1.95419944153939,-2.44905757736791,-2.44905757736791,-2.44905757736791,-2.44905757736791,-2.44905757736791,-2.44905757736791,-2.44905757736791,-2.44905757736791,-2.44905757736791,-2.44905757736791,-2.44905757736791,-2.44905757736791,-2.44905757736791,-2.44905757736791,-2.44905757736791,-2.44905757736791,-2.44905757736791,-2.44905757736791,-2.44905757736791,-2.44905757736791,-2.44905757736791,-2.67460961375561,-2.25035915290389,-1.82610869205217,-1.40185823120044,-0.977607770348721,-0.553357309497005,-0.130461275441785,0.27712247958158,0.626242181360643,0.87589403280208,1.00788775378598,1.004830048467,0.851994560390844,0.571019399329742,0.211898876838847,-0.191193083319858,-0.626639392519015,-1.07910721899318,-1.5275464472292,-1.96527807694785,-1.96527807694785,-1.96527807694785,-1.96527807694785,-1.96527807694785,-1.96527807694785,-1.96527807694785,-1.96527807694785,-1.96527807694785,-1.96527807694785,-1.96527807694785,-1.96527807694785,-1.96527807694785,-1.96527807694785,-1.96527807694785,-1.96527807694785,-1.96527807694785,-1.96527807694785,-1.96527807694785,-1.96527807694785,-1.96527807694785,1,1,1,1,1,1,1,1,1,1,1,1,1,1,1,1,1,1,1,1,1,1,1,1,1,1,1,1,1,1,1,1,1,1,1,1,1,1,1,1
-1.81071198009295,-1.25571398359441,0.423958849273183,0.0781289759674193,1.75549506973019,-0.578022528167361,0.388952187760111,-0.354282770408803,-2.31765069622691,0.860687250918527,0.417225907061514,-0.35119693849791,2.95797913427926,-0.423082771582141,-0.979785942381199,-1.76817254136469,-0.679300760642118,1.05149572087282,0.0732582768920604,0.306190498515805,-0.751638362928402,0.742203604340181,0.909328500071112,-0.683313144586151,-0.049793965537777,-0.0508355568117231,0.539056444655825,-0.607514301111694,-0.122226864087205,1.58056970746885,1.49967294487203,-1.18594895529048,0.0960259706802375,0.0546151452112191,0.533535412521312,0.761452519734352,0.832260037351862,-0.390491055537748,0.240006136696573,1.46127415858361,2.59169645258399,2.48628767070151,2.38087888881904,2.27547010693656,2.17006132505409,2.06465254317161,1.95924376128914,1.85383497940666,1.74842619752419,1.64301741564171,1.53760863375923,1.43219985187676,1.32679106999429,1.22138228811181,1.11597350622933,1.01056472434686,0.905155942464384,0.799747160581909,0.694338378699435,0.588929596816959,0.588929596816959,0.588929596816959,0.588929596816959,0.588929596816959,0.588929596816959,0.588929596816959,0.588929596816959,0.588929596816959,0.588929596816959,0.588929596816959,0.588929596816959,0.588929596816959,0.588929596816959,0.588929596816959,0.588929596816959,0.588929596816959,0.588929596816959,0.588929596816959,0.588929596816959,0.588929596816959,-12.7845145240969,-9.60033252426839,-6.84055546393034,-4.48063931549891,-2.49604005139029,-0.862213644020659,0.445383934193792,1.45129671083688,2.18006871349242,2.65624396974422,2.9043665071761,2.94898035337186,2.81462953591532,2.52585808239031,2.10721002038062,1.58322937747007,0.978460181242491,0.317446459281669,-0.375267760828557,-1.07513845150438,-1.07513845150438,-1.07513845150438,-1.07513845150438,-1.07513845150438,-1.07513845150438,-1.07513845150438,-1.07513845150438,-1.07513845150438,-1.07513845150438,-1.07513845150438,-1.07513845150438,-1.07513845150438,-1.07513845150438,-1.07513845150438,-1.07513845150438,-1.07513845150438,-1.07513845150438,-1.07513845150438,-1.07513845150438,-1.07513845150438,-1.82006433761983,-1.38275002595131,-0.945435714282785,-0.508121402614276,-0.0708070909457588,0.366507220722762,0.812064380627325,1.2947639199407,1.7887361163859,2.20203886404011,2.44764083497408,2.50518120849977,2.41321436479793,2.22569918977329,1.97954858160241,1.67299041894976,1.26605677910945,0.726762427468401,0.0778600252102528,-0.621168601996468,-0.621168601996468,-0.621168601996468,-0.621168601996468,-0.621168601996468,-0.621168601996468,-0.621168601996468,-0.621168601996468,-0.621168601996468,-0.621168601996468,-0.621168601996468,-0.621168601996468,-0.621168601996468,-0.621168601996468,-0.621168601996468,-0.621168601996468,-0.621168601996468,-0.621168601996468,-0.621168601996468,-0.621168601996468,-0.621168601996468,1,1,1,1,1,1,1,1,1,1,1,1,1,1,1,1,1,1,1,1,1,1,1,1,1,1,1,1,1,1,1,1,1,1,1,1,1,1,1,1
1.16343227255713,-0.0215764568022854,-1.56673923016225,0.125518573487056,1.11043181084794,-0.558674899294256,1.3368478030411,-2.57954179372974,-1.04798110239334,-1.56410514813153,1.45400332722084,-1.76276192093436,0.561036739651799,2.09253139848487,1.45050881526883,0.165640318989302,2.13915440642353,-1.25657372360117,0.227165453965318,-0.92168711434395,-2.95426811014519,0.273447505193355,0.0696707809098758,-0.865175961981523,-0.974958040186282,-1.46614912989377,-2.1207965293851,1.15587439319777,0.91276416444386,-2.02355934018889,-2.19257670707549,1.08994814473422,0.504871191106472,2.42251689050374,-0.49391868649824,-1.97377798857736,0.890970402872219,-0.843861345205429,0.959501027416616,0.763399313797771,4.30798618366342,4.04670594508513,3.78542570650685,3.52414546792856,3.26286522935028,3.00158499077199,2.74030475219371,2.47902451361542,2.21774427503713,1.95646403645885,1.69518379788056,1.43390355930228,1.17262332072399,0.911343082145708,0.650062843567421,0.388782604989137,0.127502366410852,-0.133777872167435,-0.395058110745721,-0.656338349324004,-0.656338349324004,-0.656338349324004,-0.656338349324004,-0.656338349324004,-0.656338349324004,-0.656338349324004,-0.656338349324004,-0.656338349324004,-0.656338349324004,-0.656338349324004,-0.656338349324004,-0.656338349324004,-0.656338349324004,-0.656338349324004,-0.656338349324004,-0.656338349324004,-0.656338349324004,-0.656338349324004,-0.656338349324004,-0.656338349324004,18.1327075280222,13.7785014171647,10.2238546908201,7.39166844067677,5.20484375842294,3.58628173574689,2.4588834643369,1.74555003588126,1.36918254206824,1.25268207458612,1.3189497251232,1.49088658536774,1.69139374700804,1.84337230173236,1.86972334122898,1.6933479571862,1.23714724129229,0.424022285235537,-0.823125819295809,-2.58139598061343,-2.58139598061343,-2.58139598061343,-2.58139598061343,-2.58139598061343,-2.58139598061343,-2.58139598061343,-2.58139598061343,-2.58139598061343,-2.58139598061343,-2.58139598061343,-2.58139598061343,-2.58139598061343,-2.58139598061343,-2.58139598061343,-2.58139598061343,-2.58139598061343,-2.58139598061343,-2.58139598061343,-2.58139598061343,-2.58139598061343,3.13420263996581,2.98520459422989,2.83620654849397,2.68720850275805,2.53821045702213,2.38921241128621,2.24316782510272,2.11555215334722,2.02539633905298,1.98003046942495,1.96685633572675,1.94994254249205,1.86887663287901,1.6606820186136,1.30250597287915,0.824282014107647,0.274439439173266,-0.311037250590012,-0.909448805851431,-1.5086533210706,-1.5086533210706,-1.5086533210706,-1.5086533210706,-1.5086533210706,-1.5086533210706,-1.5086533210706,-1.5086533210706,-1.5086533210706,-1.5086533210706,-1.5086533210706,-1.5086533210706,-1.5086533210706,-1.5086533210706,-1.5086533210706,-1.5086533210706,-1.5086533210706,-1.5086533210706,-1.5086533210706,-1.5086533210706,-1.5086533210706,1,1,1,1,1,1,1,1,1,1,1,1,1,1,1,1,1,1,1,1,1,1,1,1,1,1,1,1,1,1,1,1,1,1,1,1,1,1,1,1
-0.976182169438792,-0.413951151266762,0.00778023393019645,-0.0703295934232058,1.59282290999389,0.00177415605131159,-1.13515459672502,0.489427478639929,1.4145210104718,-1.6340600564791,2.57969921773068,-0.318467482567073,-1.19898512830558,-1.16414926785061,-0.82600089549085,1.22308911954395,3.53130910442932,1.2738255111602,1.33953506955194,1.55059065752716,-1.06153159800055,-0.69642489451836,1.27429351019533,2.40826247610124,0.357386844447269,1.58745689892189,0.0402547740332757,1.9430278849182,-1.05197856249225,1.10735978316021,3.32506492702077,-2.77649794709069,-1.21321314837284,0.697716897187853,-0.898375320398831,-2.87341845697,0.313250005078796,-0.164950884860351,-0.78558465852937,-1.01107996601925,-2.00124735394973,-1.83614280924219,-1.67103826453465,-1.50593371982711,-1.34082917511957,-1.17572463041204,-1.0106200857045,-0.845515540996962,-0.680410996289424,-0.515306451581885,-0.350201906874348,-0.185097362166811,-0.0199928174592721,0.145111727248265,0.310216271955802,0.47532081666334,0.64042536137088,0.805529906078416,0.970634450785955,1.13573899549349,1.13573899549349,1.13573899549349,1.13573899549349,1.13573899549349,1.13573899549349,1.13573899549349,1.13573899549349,1.13573899549349,1.13573899549349,1.13573899549349,1.13573899549349,1.13573899549349,1.13573899549349,1.13573899549349,1.13573899549349,1.13573899549349,1.13573899549349,1.13573899549349,1.13573899549349,1.13573899549349,-24.8145912171439,-18.3399111273866,-13.0356105631951,-8.79209140346607,-5.49975552709576,-3.04900481298063,-1.33024114001708,-0.233866387101502,0.349717566869653,0.530108843000045,0.416905562393204,0.119705846152776,-0.25189218461769,-0.588290408814581,-0.779890705334337,-0.717094953073294,-0.290305030927895,0.61007718220543,2.09364980743031,4.27001096585033,4.27001096585033,4.27001096585033,4.27001096585033,4.27001096585033,4.27001096585033,4.27001096585033,4.27001096585033,4.27001096585033,4.27001096585033,4.27001096585033,4.27001096585033,4.27001096585033,4.27001096585033,4.27001096585033,4.27001096585033,4.27001096585033,4.27001096585033,4.27001096585033,4.27001096585033,4.27001096585033,-6.98328666497206,-6.1346307225159,-5.28597478005969,-4.4373188376035,-3.58866289514731,-2.74000695269112,-1.88856431018621,-1.05092872699759,-0.350553262729079,0.136423837242013,0.440963760771144,0.546601029991271,0.440259564625896,0.296395650048995,0.336035878388286,0.565385785382674,0.847926112197154,1.10466914251533,1.32069484744591,1.50170631302727,1.50170631302727,1.50170631302727,1.50170631302727,1.50170631302727,1.50170631302727,1.50170631302727,1.50170631302727,1.50170631302727,1.50170631302727,1.50170631302727,1.50170631302727,1.50170631302727,1.50170631302727,1.50170631302727,1.50170631302727,1.50170631302727,1.50170631302727,1.50170631302727,1.50170631302727,1.50170631302727,1,1,1,1,1,1,1,1,1,1,1,1,1,1,1,1,1,1,1,1,1,1,1,1,1,1,1,1,1,1,1,1,1,1,1,1,1,1,1,1
-0.559681865931602,3.32236021577903,0.423659045773832,0.0123551973577243,1.15391342365001,-0.13155814573611,0.662047425709138,-2.12371354251532,-1.89966529334327,0.309745383589469,-0.687050496412294,-0.339792573131007,-0.3627381716373,-0.248412604722468,-1.30219913016803,0.321796547506613,1.5060870873305,-0.296221698608736,-2.17675348160933,0.501638244931517,0.315148885829057,-1.07244370043741,-2.07833542365755,0.376701595134232,1.0430671035762,0.234362523556506,-2.1594925335373,-1.22114934932608,-0.2960733333591,-0.443322073830986,-2.34544027648435,1.81565455678472,0.363227794264086,0.215731836935728,0.88877748258024,-1.87443302828659,-0.211962754902403,0.179442952217263,-0.593085348120905,1.53523808397188,0.175495510003084,0.200308107142423,0.225120704281763,0.249933301421102,0.27474589856044,0.299558495699781,0.324371092839121,0.34918368997846,0.373996287117798,0.398808884257138,0.423621481396479,0.448434078535815,0.473246675675155,0.498059272814496,0.522871869953835,0.547684467093175,0.572497064232511,0.597309661371852,0.622122258511194,0.646934855650533,0.646934855650533,0.646934855650533,0.646934855650533,0.646934855650533,0.646934855650533,0.646934855650533,0.646934855650533,0.646934855650533,0.646934855650533,0.646934855650533,0.646934855650533,0.646934855650533,0.646934855650533,0.646934855650533,0.646934855650533,0.646934855650533,0.646934855650533,0.646934855650533,0.646934855650533,0.646934855650533,14.8298295843734,10.9243104932248,7.70438399484939,5.11119318202826,3.08588114754271,1.56959098417399,0.503465784703355,-0.171351358087954,-0.513717351418686,-0.582489102507594,-0.436523518573416,-0.13467750683491,0.264192025489148,0.701228171180052,1.11757402301901,1.45437267378731,1.65276721626618,1.65390074323684,1.3989163474806,0.828957121778682,0.828957121778682,0.828957121778682,0.828957121778682,0.828957121778682,0.828957121778682,0.828957121778682,0.828957121778682,0.828957121778682,0.828957121778682,0.828957121778682,0.828957121778682,0.828957121778682,0.828957121778682,0.828957121778682,0.828957121778682,0.828957121778682,0.828957121778682,0.828957121778682,0.828957121778682,0.828957121778682,4.82738489570198,4.23500633044783,3.64262776519367,3.05024919993951,2.45787063468536,1.86549206943119,1.23771747383662,0.480595707961619,-0.200377441150417,-0.583176737252986,-0.754944177470998,-0.834426236247834,-0.725259956201617,-0.321828287500978,0.315208697334818,1.02031008588746,1.5939431700795,1.9130617331991,2.04649257999139,2.13451906656529,2.13451906656529,2.13451906656529,2.13451906656529,2.13451906656529,2.13451906656529,2.13451906656529,2.13451906656529,2.13451906656529,2.13451906656529,2.13451906656529,2.13451906656529,2.13451906656529,2.13451906656529,2.13451906656529,2.13451906656529,2.13451906656529,2.13451906656529,2.13451906656529,2.13451906656529,2.13451906656529,1,1,1,1,1,1,1,1,1,1,1,1,1,1,1,1,1,1,1,1,1,1,1,1,1,1,1,1,1,1,1,1,1,1,1,1,1,1,1,1
-0.975377606110954,0.650855756749548,1.69371107109933,1.25753460104236,2.386415296059,0.987883192528349,0.276845796015822,-1.09424405034591,1.91739423902815,1.24836295859496,0.427617554450638,0.486354993768233,0.573062325775153,-1.27439738617008,2.45814661489003,-1.4406838496274,-0.693361522558316,0.155654837483008,-0.275383610615673,-1.77254598957482,1.6575207305514,-1.52886745965075,-0.216279106435097,1.8518822901048,1.10575168687897,-1.79625589756986,0.508908529749926,-0.279775730542205,1.33713096702794,-0.336827111331127,1.71532116231809,-0.808802531903593,0.354627906657766,-1.17334754458939,-1.41338696849578,0.665436849011394,0.318957121247934,2.20249739658179,-1.85583960784469,-1.0927179315271,3.99347369405935,3.72246130333679,3.45144891261423,3.18043652189167,2.90942413116911,2.63841174044654,2.36739934972398,2.09638695900142,1.82537456827886,1.5543621775563,1.28334978683373,1.01233739611117,0.741325005388612,0.470312614666049,0.199300223943489,-0.0717121667790757,-0.342724557501638,-0.613736948224201,-0.88474933894676,-1.15576172966932,-1.15576172966932,-1.15576172966932,-1.15576172966932,-1.15576172966932,-1.15576172966932,-1.15576172966932,-1.15576172966932,-1.15576172966932,-1.15576172966932,-1.15576172966932,-1.15576172966932,-1.15576172966932,-1.15576172966932,-1.15576172966932,-1.15576172966932,-1.15576172966932,-1.15576172966932,-1.15576172966932,-1.15576172966932,-1.15576172966932,22.094118499204,17.7852919237878,14.0300654377721,10.7933542556282,8.0400735918269,5.73513866083943,3.84346467713679,2.32996685519006,1.1595604094703,0.297160554448567,-0.29231749540409,-0.643958525616595,-0.792847321717895,-0.774068669236934,-0.622707353702634,-0.373848160643956,-0.062575875589836,0.276024715930818,0.606868828389013,0.894871676255855,0.894871676255855,0.894871676255855,0.894871676255855,0.894871676255855,0.894871676255855,0.894871676255855,0.894871676255855,0.894871676255855,0.894871676255855,0.894871676255855,0.894871676255855,0.894871676255855,0.894871676255855,0.894871676255855,0.894871676255855,0.894871676255855,0.894871676255855,0.894871676255855,0.894871676255855,0.894871676255855,0.998567303643878,0.98352327096227,0.968479238280666,0.95343520559906,0.938391172917453,0.923347140235849,0.908303570647147,0.893260510263918,0.878207985445018,0.863129976001606,0.848020273127434,0.832892037427662,0.817768769536011,0.802662510042648,0.787560946871817,0.772439025785561,0.757282372857594,0.742096097200445,0.726894270720503,0.711687631823789,0.711687631823789,0.711687631823789,0.711687631823789,0.711687631823789,0.711687631823789,0.711687631823789,0.711687631823789,0.711687631823789,0.711687631823789,0.711687631823789,0.711687631823789,0.711687631823789,0.711687631823789,0.711687631823789,0.711687631823789,0.711687631823789,0.711687631823789,0.711687631823789,0.711687631823789,0.711687631823789,1,1,1,1,1,1,1,1,1,1,1,1,1,1,1,1,1,1,1,1,1,1,1,1,1,1,1,1,1,1,1,1,1,1,1,1,1,1,1,1
-0.328149573060206,1.16662477566464,0.177422889672038,2.69217189329453,0.650886102714233,-0.456151528892107,2.36447992778852,-0.685883359714287,-1.43229150383165,0.370681862965924,1.18723252274265,-0.397008298143849,0.0294511474643198,-0.389811935140644,-0.784991455068779,-0.532492925795324,1.8594258136533,-1.34298981358133,-1.20080791153182,0.771702839829242,1.94690153181625,-1.45613781516409,-0.242713319772321,2.04192093583016,-0.194654734045489,0.866843660392046,-0.565644940725514,0.997164452209732,2.51981763153786,-0.696604675504899,-0.842513434286499,-0.046021815836232,-0.959068285181401,-1.8108534976019,-1.0789872957496,-2.36638566541125,-1.37969720353419,0.337666446606743,-1.11751059204158,0.382803505621172,-2.20992050721545,-2.00623774262722,-1.802554978039,-1.59887221345078,-1.39518944886255,-1.19150668427433,-0.987823919686102,-0.784141155097878,-0.580458390509655,-0.376775625921431,-0.173092861333206,0.0305899032550201,0.234272667843245,0.437955432431469,0.641638197019692,0.845320961607916,1.04900372619614,1.25268649078436,1.45636925537259,1.66005201996081,1.66005201996081,1.66005201996081,1.66005201996081,1.66005201996081,1.66005201996081,1.66005201996081,1.66005201996081,1.66005201996081,1.66005201996081,1.66005201996081,1.66005201996081,1.66005201996081,1.66005201996081,1.66005201996081,1.66005201996081,1.66005201996081,1.66005201996081,1.66005201996081,1.66005201996081,1.66005201996081,-13.4697734201627,-10.2185307050829,-7.51880105873524,-5.32027245433177,-3.57263286508481,-2.22557026420659,-1.22877262490937,-0.531927920405408,-0.0847241239069429,0.163150791373761,0.262008852224465,0.262162085432916,0.213922517786854,0.167602176074025,0.173513087082195,0.28196727759911,0.543276774412488,1.00775360431012,1.72570979407975,2.74745737050909,2.74745737050909,2.74745737050909,2.74745737050909,2.74745737050909,2.74745737050909,2.74745737050909,2.74745737050909,2.74745737050909,2.74745737050909,2.74745737050909,2.74745737050909,2.74745737050909,2.74745737050909,2.74745737050909,2.74745737050909,2.74745737050909,2.74745737050909,2.74745737050909,2.74745737050909,2.74745737050909,-1.28239731511793,-1.21521614563072,-1.14803497614351,-1.08085380665629,-1.01367263716909,-0.946491467681877,-0.871578857644661,-0.760133727291784,-0.616704677841128,-0.455550888070626,-0.267317531994356,-0.0485061810814642,0.184009760090868,0.421761743279918,0.663356526106991,0.890063952278759,1.0841334145451,1.25900374690466,1.4418804510559,1.63964858420002,1.63964858420002,1.63964858420002,1.63964858420002,1.63964858420002,1.63964858420002,1.63964858420002,1.63964858420002,1.63964858420002,1.63964858420002,1.63964858420002,1.63964858420002,1.63964858420002,1.63964858420002,1.63964858420002,1.63964858420002,1.63964858420002,1.63964858420002,1.63964858420002,1.63964858420002,1.63964858420002,1,1,1,1,1,1,1,1,1,1,1,1,1,1,1,1,1,1,1,1,1,1,1,1,1,1,1,1,1,1,1,1,1,1,1,1,1,1,1,1
0.730642052162296,2.45998948536644,-0.239867204496701,-1.35597808758267,0.333300568828628,-1.77503676971156,-0.952580702285466,-2.32427435472359,1.04111190411955,1.32479835702921,0.0781936895444026,-0.236006947409869,-2.43703433345353,-0.717704114549557,-0.0228118363052356,0.237609481563508,0.516293445075178,-0.667680302060415,-0.953787438656619,0.0522373227903454,-0.415089316841796,0.260813763714985,-0.640250547594457,-0.257671497988808,-1.27699444684954,0.340069378093116,0.424646311051767,-0.832251147104238,-0.20383486231821,0.594989220812449,0.392988890958998,0.0339848785681269,0.564005790213644,-0.963959747889103,1.68970886125715,-1.14355739288922,-0.642970536570388,-0.123941300206011,0.739920293113318,-0.136022532792445,-0.654796502595385,-0.580622961362669,-0.506449420129954,-0.43227587889724,-0.358102337664523,-0.283928796431807,-0.209755255199092,-0.135581713966378,-0.0614081727336622,0.0127653684990534,0.086938909731769,0.161112450964483,0.2352859921972,0.309459533429917,0.38363307466263,0.457806615895347,0.531980157128061,0.606153698360774,0.68032723959349,0.754500780826204,0.754500780826204,0.754500780826204,0.754500780826204,0.754500780826204,0.754500780826204,0.754500780826204,0.754500780826204,0.754500780826204,0.754500780826204,0.754500780826204,0.754500780826204,0.754500780826204,0.754500780826204,0.754500780826204,0.754500780826204,0.754500780826204,0.754500780826204,0.754500780826204,0.754500780826204,0.754500780826204,11.4418118297293,8.3026508656985,5.72376411615988,3.65637713464315,2.05171547467803,0.861004689794221,0.0354703335214239,-0.473662040610675,-0.715166879072367,-0.737818628333942,-0.590391734865701,-0.321660645137966,0.0196001943789916,0.384616337214881,0.724613336899354,0.990816746962158,1.13445212093298,1.10674501234151,0.858920974717469,0.342205561590536,0.342205561590536,0.342205561590536,0.342205561590536,0.342205561590536,0.342205561590536,0.342205561590536,0.342205561590536,0.342205561590536,0.342205561590536,0.342205561590536,0.342205561590536,0.342205561590536,0.342205561590536,0.342205561590536,0.342205561590536,0.342205561590536,0.342205561590536,0.342205561590536,0.342205561590536,0.342205561590536,2.57689837873161,2.12302431371617,1.66915024870075,1.21527618368532,0.761402118669899,0.307528053654476,-0.128148018449693,-0.464889469448503,-0.65260147404851,-0.678745213905065,-0.525398461719107,-0.196261643629251,0.235695786251966,0.653817908877013,0.968026499649209,1.14511226342653,1.17777906715262,1.04681118370737,0.74268059192859,0.322740098509612,0.322740098509612,0.322740098509612,0.322740098509612,0.322740098509612,0.322740098509612,0.322740098509612,0.322740098509612,0.322740098509612,0.322740098509612,0.322740098509612,0.322740098509612,0.322740098509612,0.322740098509612,0.322740098509612,0.322740098509612,0.322740098509612,0.322740098509612,0.322740098509612,0.322740098509612,0.322740098509612,1,1,1,1,1,1,1,1,1,1,1,1,1,1,1,1,1,1,1,1,1,1,1,1,1,1,1,1,1,1,1,1,1,1,1,1,1,1,1,1
-3.00994544314259,-2.58166931573279,-2.22699232565145,-1.30970950730155,-1.92188622091665,-2.25500775453453,-0.25057940140802,-0.734526606400755,-1.17605318211552,0.316042801612021,1.34737661026912,-0.410562790328239,-1.68104772124903,-0.55395055769805,-0.466641231544907,-0.0553329042869422,-1.74324796519188,2.12993920332403,-1.33843400086879,1.86429881452869,-2.42426535233009,-0.410990165708601,1.21922478001201,-0.106560862541651,0.951471205668371,-0.0677224824465323,-0.568097085934918,0.550329927207235,0.328507717379237,1.79099556464118,1.02973640140406,-1.1791813146406,1.81113768618153,3.05232649462811,0.514437964709108,-0.391311946700871,0.794376523512272,1.64992806966041,0.441811155718034,-0.494288989361984,-1.92333362477393,-1.79563494914021,-1.66793627350649,-1.54023759787276,-1.41253892223905,-1.28484024660532,-1.1571415709716,-1.02944289533788,-0.901744219704161,-0.774045544070438,-0.646346868436718,-0.518648192802996,-0.390949517169274,-0.263250841535552,-0.135552165901832,-0.00785349026811133,0.119845185365612,0.247543860999333,0.375242536633053,0.502941212266773,0.502941212266773,0.502941212266773,0.502941212266773,0.502941212266773,0.502941212266773,0.502941212266773,0.502941212266773,0.502941212266773,0.502941212266773,0.502941212266773,0.502941212266773,0.502941212266773,0.502941212266773,0.502941212266773,0.502941212266773,0.502941212266773,0.502941212266773,0.502941212266773,0.502941212266773,0.502941212266773,-43.2508398399276,-31.1275797463786,-21.3150808108735,-13.5919553304694,-7.73681560222346,-3.52827392319272,-0.74494259043438,0.834566098994452,1.43163984803663,1.267666359635,0.56403333673248,-0.457871517728057,-1.57666050080382,-2.57094590955183,-3.21934004102933,-3.30045519229342,-2.59290366040113,-0.875297742409749,2.07375026462371,6.47562806364205,6.47562806364205,6.47562806364205,6.47562806364205,6.47562806364205,6.47562806364205,6.47562806364205,6.47562806364205,6.47562806364205,6.47562806364205,6.47562806364205,6.47562806364205,6.47562806364205,6.47562806364205,6.47562806364205,6.47562806364205,6.47562806364205,6.47562806364205,6.47562806364205,6.47562806364205,6.47562806364205,-2.75496552971771,-2.33986123063735,-1.92475693155711,-1.50965263247682,-1.09454833339651,-0.67944403431621,-0.292628627071084,-0.0402374500512703,0.0555100947056957,-0.131541227956108,-0.757615024818167,-1.57951589595464,-2.11485140198395,-2.19920032450089,-1.94899528366492,-1.42696007885314,-0.659446469361797,0.373520202813678,1.83320361948497,3.7039747534442,3.7039747534442,3.7039747534442,3.7039747534442,3.7039747534442,3.7039747534442,3.7039747534442,3.7039747534442,3.7039747534442,3.7039747534442,3.7039747534442,3.7039747534442,3.7039747534442,3.7039747534442,3.7039747534442,3.7039747534442,3.7039747534442,3.7039747534442,3.7039747534442,3.7039747534442,3.7039747534442,1,1,1,1,1,1,1,1,1,1,1,1,1,1,1,1,1,1,1,1,1,1,1,1,1,1,1,1,1,1,1,1,1,1,1,1,1,1,1,1
2.05904126803529,-0.279571201082622,0.660132637306043,-1.17438808218516,-1.14929658449846,0.55505878712132,-0.224304902546555,2.2777035761065,-0.679614407524527,0.448141988159836,1.72090979398465,1.62003559355643,-1.86651002685088,2.13517372140159,1.57646684811775,-0.025509196644947,-3.17856336991535,2.18769248844109,-2.06244829862539,-2.42578918285254,1.06701092880135,-0.158705540630487,-2.82511313503821,-0.675840442940656,0.527888252791852,2.22861243462869,0.0852851973505899,-0.473986628888422,-2.47729004249387,-0.9835118923843,-1.00786935292823,-1.92127747213557,4.67863352297442,1.81120069972225,0.475348081428091,1.48586526091885,-0.354938925342765,-0.721818626081832,-0.212910495044374,0.0442955234953555,-0.159036263299611,-0.0624969438562406,0.0340423755871297,0.130581695030498,0.227121014473868,0.323660333917239,0.420199653360608,0.516738972803976,0.613278292247346,0.709817611690715,0.806356931134086,0.902896250577458,0.999435570020824,1.0959748894642,1.19251420890756,1.28905352835093,1.3855928477943,1.48213216723767,1.57867148668104,1.67521080612441,1.67521080612441,1.67521080612441,1.67521080612441,1.67521080612441,1.67521080612441,1.67521080612441,1.67521080612441,1.67521080612441,1.67521080612441,1.67521080612441,1.67521080612441,1.67521080612441,1.67521080612441,1.67521080612441,1.67521080612441,1.67521080612441,1.67521080612441,1.67521080612441,1.67521080612441,1.67521080612441,24.344896284541,17.2090925613679,11.4842937060614,7.03427144370823,3.72279749939563,1.41364359821059,-0.0294185347598104,-0.742617174428542,-0.862180595708537,-0.524337073512736,0.134685117245899,0.978657701654427,1.87135240479987,2.67654095176936,3.25799506764987,3.47948647752852,3.20478690649229,2.2976680796283,0.621901722023562,-1.95874044123489,-1.95874044123489,-1.95874044123489,-1.95874044123489,-1.95874044123489,-1.95874044123489,-1.95874044123489,-1.95874044123489,-1.95874044123489,-1.95874044123489,-1.95874044123489,-1.95874044123489,-1.95874044123489,-1.95874044123489,-1.95874044123489,-1.95874044123489,-1.95874044123489,-1.95874044123489,-1.95874044123489,-1.95874044123489,-1.95874044123489,-1.66629091604366,-1.37664799950239,-1.08700508296111,-0.797362166419836,-0.507719249878562,-0.218076333337287,0.0694792204893488,0.345884645520332,0.607074264918237,0.855334219821243,1.08604733601242,1.28115924161919,1.42196696152427,1.5021000778495,1.52381407075789,1.4921627914473,1.41830713924639,1.31834006836065,1.20458213415658,1.08422206006095,1.08422206006095,1.08422206006095,1.08422206006095,1.08422206006095,1.08422206006095,1.08422206006095,1.08422206006095,1.08422206006095,1.08422206006095,1.08422206006095,1.08422206006095,1.08422206006095,1.08422206006095,1.08422206006095,1.08422206006095,1.08422206006095,1.08422206006095,1.08422206006095,1.08422206006095,1.08422206006095,1,1,1,1,1,1,1,1,1,1,1,1,1,1,1,1,1,1,1,1,1,1,1,1,1,1,1,1,1,1,1,1,1,1,1,1,1,1,1,1
-0.0682333165341933,2.43112480498668,0.950169508815063,-0.736261995576029,0.691589882255866,1.33224819514714,0.249310153504709,-0.684536340565252,2.45768642382548,0.215825053582249,0.131279207438482,-0.0639228556712705,-0.126617737516208,-0.498051973877629,0.00908413871639979,-1.76814766328948,-0.0021965324790596,0.725805988382241,-0.586016902195782,-0.324797765499913,-1.9192137489796,0.580952141983476,0.00637693349768043,1.46879238594724,0.268621384687913,-0.0387593667891313,0.562989174297682,-2.14240342411304,2.222173851907,-1.83005133060577,1.39436751726179,0.0737413336538868,-0.696621287805876,-0.939340549560379,-2.34594608565926,-1.04820744087604,-0.472731303201945,-1.38566792721715,-0.295534690757634,2.23849132332361,-1.26960757553714,-1.14081517283885,-1.01202277014055,-0.883230367442257,-0.754437964743964,-0.625645562045671,-0.496853159347378,-0.368060756649083,-0.23926835395079,-0.110475951252496,0.0183164514457967,0.14710885414409,0.275901256842383,0.404693659540676,0.533486062238971,0.662278464937264,0.791070867635558,0.919863270333853,1.04865567303214,1.17744807573044,1.17744807573044,1.17744807573044,1.17744807573044,1.17744807573044,1.17744807573044,1.17744807573044,1.17744807573044,1.17744807573044,1.17744807573044,1.17744807573044,1.17744807573044,1.17744807573044,1.17744807573044,1.17744807573044,1.17744807573044,1.17744807573044,1.17744807573044,1.17744807573044,1.17744807573044,1.17744807573044,-29.0273408126313,-21.9687775344848,-16.0344183042798,-11.1335599813821,-7.1754994251576,-4.06953349497205,-1.72495905019125,-0.0510729501810303,1.04282794569281,1.64744677806448,1.85348668756814,1.75165081483802,1.4326423005083,0.987164285213153,0.505919909586771,0.0796123142634002,-0.201055360122808,-0.245379972937657,0.0373416164530322,0.737812548683475,0.737812548683475,0.737812548683475,0.737812548683475,0.737812548683475,0.737812548683475,0.737812548683475,0.737812548683475,0.737812548683475,0.737812548683475,0.737812548683475,0.737812548683475,0.737812548683475,0.737812548683475,0.737812548683475,0.737812548683475,0.737812548683475,0.737812548683475,0.737812548683475,0.737812548683475,0.737812548683475,-1.38984870610781,-1.24510317582012,-1.10035764553243,-0.955612115244744,-0.810866584957055,-0.666121054669364,-0.521522235111204,-0.377788831782716,-0.235665383931302,-0.0956151378050212,0.0420188322493864,0.176804446147388,0.30823746977247,0.435885167541535,0.559445572012987,0.678742713888957,0.793833450092052,0.905226580626064,1.01398018480927,1.12146426640649,1.12146426640649,1.12146426640649,1.12146426640649,1.12146426640649,1.12146426640649,1.12146426640649,1.12146426640649,1.12146426640649,1.12146426640649,1.12146426640649,1.12146426640649,1.12146426640649,1.12146426640649,1.12146426640649,1.12146426640649,1.12146426640649,1.12146426640649,1.12146426640649,1.12146426640649,1.12146426640649,1,1,1,1,1,1,1,1,1,1,1,1,1,1,1,1,1,1,1,1,1,1,1,1,1,1,1,1,1,1,1,1,1,1,1,1,1,1,1,1
1.22112523236658,0.951005590351037,1.07012035216559,0.530392849384637,3.00224079569434,-0.848109814705631,-1.46244902218124,0.205747109090861,-0.2679387631824,0.215837735598061,0.557997759730345,2.51134743144195,0.509469741968605,-0.679997731186157,1.72059092245724,-0.930154319676284,-2.45989693661626,0.532907840587518,0.761210918839783,-0.991801269332738,0.205863117996676,-2.49412540684619,-3.00082167814634,-0.531285967905644,-0.491883387067062,2.76790463428731,1.65911175412268,-2.06002268090009,-1.16667190265284,1.83945480487528,-0.93830634279916,0.50728172106178,1.07085075519704,2.25023431877968,-0.421129934023895,-0.473856354221521,1.36955709829865,-0.369671776900136,1.03676566673672,-1.74412160143804,-1.59156787817366,-1.33579318580483,-1.080018493436,-0.824243801067162,-0.568469108698327,-0.312694416329494,-0.0569197239606591,0.198854968408174,0.454629660777009,0.71040435314584,0.966179045514677,1.22195373788351,1.47772843025234,1.73350312262118,1.98927781499001,2.24505250735884,2.50082719972768,2.75660189209652,3.01237658446535,3.26815127683418,3.26815127683418,3.26815127683418,3.26815127683418,3.26815127683418,3.26815127683418,3.26815127683418,3.26815127683418,3.26815127683418,3.26815127683418,3.26815127683418,3.26815127683418,3.26815127683418,3.26815127683418,3.26815127683418,3.26815127683418,3.26815127683418,3.26815127683418,3.26815127683418,3.26815127683418,3.26815127683418,-3.66394194235015,-3.0654740811765,-2.48742659095845,-1.93123998278839,-1.39835476775869,-0.890211456961738,-0.408250561489909,0.0460874075644195,0.471361939108869,0.866132522051052,1.2289586452986,1.55839979775913,1.85301546834026,2.11136514594961,2.33200831949481,2.51350447788348,2.65441311002323,2.75329370482169,2.80870575118646,2.8192087380252,2.8192087380252,2.8192087380252,2.8192087380252,2.8192087380252,2.8192087380252,2.8192087380252,2.8192087380252,2.8192087380252,2.8192087380252,2.8192087380252,2.8192087380252,2.8192087380252,2.8192087380252,2.8192087380252,2.8192087380252,2.8192087380252,2.8192087380252,2.8192087380252,2.8192087380252,2.8192087380252,-3.53855051245355,-3.04494893304955,-2.55134735364554,-2.05774577424153,-1.56414419483753,-1.07054261543352,-0.575898455874603,-0.0771819543421746,0.420254644036607,0.905914892729541,1.36550235088188,1.7745903373246,2.10687472613062,2.34866918200867,2.49792045165583,2.56241280449624,2.56383480293054,2.52512254410146,2.45527066527253,2.36307498722907,2.36307498722907,2.36307498722907,2.36307498722907,2.36307498722907,2.36307498722907,2.36307498722907,2.36307498722907,2.36307498722907,2.36307498722907,2.36307498722907,2.36307498722907,2.36307498722907,2.36307498722907,2.36307498722907,2.36307498722907,2.36307498722907,2.36307498722907,2.36307498722907,2.36307498722907,2.36307498722907,1,1,1,1,1,1,1,1,1,1,1,1,1,1,1,1,1,1,1,1,1,1,1,1,1,1,1,1,1,1,1,1,1,1,1,1,1,1,1,1
-0.397011815573939,2.17108993078697,1.33057132977204,-2.17339838779862,-0.331780659811372,3.93148580974099,-0.0920872812800324,0.258620594332692,0.141232819997864,-1.47078690471419,-2.39901324780371,-1.48692576376692,-0.918518575935387,1.94682572256127,1.8137107196067,1.37551177198695,0.986250665126894,1.1245681711926,-0.68145954832258,-1.1993003390612,3.42452707879535,1.12125109100119,-1.14512473250429,-0.698452137412726,2.06210328371597,2.55440947334562,0.792971511140669,0.508374169742748,1.45933434961875,1.29122289065148,-1.58516912019233,1.39892224224779,0.450550414808628,-0.926917273928591,-0.497991527861585,-1.80877489724444,0.120865528918131,1.2270557807128,0.636433306212879,-1.51509523894352,0.396735605541127,0.392088351232738,0.387441096924348,0.382793842615958,0.378146588307569,0.373499333999178,0.368852079690789,0.364204825382401,0.359557571074011,0.354910316765622,0.35026306245723,0.345615808148841,0.340968553840453,0.336321299532063,0.331674045223673,0.327026790915284,0.322379536606894,0.317732282298504,0.313085027990116,0.308437773681726,0.308437773681726,0.308437773681726,0.308437773681726,0.308437773681726,0.308437773681726,0.308437773681726,0.308437773681726,0.308437773681726,0.308437773681726,0.308437773681726,0.308437773681726,0.308437773681726,0.308437773681726,0.308437773681726,0.308437773681726,0.308437773681726,0.308437773681726,0.308437773681726,0.308437773681726,0.308437773681726,26.9361238918789,19.4871800680537,13.4148904285582,8.59297776281754,4.89516486025731,2.19517451030286,0.366729502379608,-0.716447374087043,-1.18063332967168,-1.15210557494891,-0.757141320493307,-0.122017776879479,0.626987845317984,1.36359833552449,1.96153648316544,2.29452507766627,2.23628690845237,1.66054476494911,0.441021436581904,-1.54856028722376,-1.54856028722376,-1.54856028722376,-1.54856028722376,-1.54856028722376,-1.54856028722376,-1.54856028722376,-1.54856028722376,-1.54856028722376,-1.54856028722376,-1.54856028722376,-1.54856028722376,-1.54856028722376,-1.54856028722376,-1.54856028722376,-1.54856028722376,-1.54856028722376,-1.54856028722376,-1.54856028722376,-1.54856028722376,-1.54856028722376,5.64109554004074,4.7842513044825,3.92740706892426,3.07056283336602,2.21371859780778,1.35687436224954,0.547532103333836,-0.0233740021717956,-0.325603007141593,-0.438124812563096,-0.360192276677349,-0.0837632201534504,0.296672291662938,0.657695203035507,0.922252739997973,1.04491901655171,1.02737159645809,0.938243523980271,0.852811229905607,0.791654643575134,0.791654643575134,0.791654643575134,0.791654643575134,0.791654643575134,0.791654643575134,0.791654643575134,0.791654643575134,0.791654643575134,0.791654643575134,0.791654643575134,0.791654643575134,0.791654643575134,0.791654643575134,0.791654643575134,0.791654643575134,0.791654643575134,0.791654643575134,0.791654643575134,0.791654643575134,0.791654643575134,0,0,0,0,0,1,1,1,1,1,1,1,1,1,1,1,1,1,1,1,1,1,1,1,1,1,1,1,1,1,1,1,1,1,1,1,1,1,1,1
-2.00440790501178,-1.03911762602313,0.439342981288156,-1.6517763759644,0.280932566728985,-2.13965527986732,-1.00677397090101,-0.0730649146475386,-0.65596611567771,0.500139549842363,1.74659715880946,0.27807912444354,-1.7591823707289,0.851036341770897,-3.38195559887746,0.880601744897721,-1.46029441356,0.549244164260463,0.764082050983021,0.0249759419326896,-2.71734690944814,-2.29449557848242,-0.821905384949103,-0.294771656396527,0.657173552156021,-0.705876839999469,-1.36399968450541,-1.09418517996736,0.724150477062175,1.22028879318217,0.416068779978113,-1.0199865304985,-1.05835667639698,0.737147284032549,-0.965161782623865,-0.719397457868917,0.807185893883824,-0.590414209781436,-1.74376180875906,1.98088652818338,1.15574936507177,1.03925035653987,0.922751348007973,0.806252339476076,0.689753330944178,0.57325432241228,0.456755313880382,0.340256305348486,0.223757296816586,0.10725828828469,-0.00924072024720957,-0.125739728779104,-0.242238737311002,-0.358737745842902,-0.4752367543748,-0.591735762906698,-0.708234771438592,-0.82473377997049,-0.941232788502388,-1.05773179703429,-1.05773179703429,-1.05773179703429,-1.05773179703429,-1.05773179703429,-1.05773179703429,-1.05773179703429,-1.05773179703429,-1.05773179703429,-1.05773179703429,-1.05773179703429,-1.05773179703429,-1.05773179703429,-1.05773179703429,-1.05773179703429,-1.05773179703429,-1.05773179703429,-1.05773179703429,-1.05773179703429,-1.05773179703429,-1.05773179703429,-39.8705679152898,-28.7499503898721,-19.6866270853235,-12.4904952272337,-6.9714520411926,-2.93939475279006,-0.20422058761589,1.42417322874003,2.13588947068789,2.12103091263783,1.56970032900001,0.672000494184594,-0.381965817398287,-1.40209583133845,-2.19828677322573,-2.58043586864998,-2.35844034320113,-1.3421974224689,0.658395667956857,3.83344170248627,3.83344170248627,3.83344170248627,3.83344170248627,3.83344170248627,3.83344170248627,3.83344170248627,3.83344170248627,3.83344170248627,3.83344170248627,3.83344170248627,3.83344170248627,3.83344170248627,3.83344170248627,3.83344170248627,3.83344170248627,3.83344170248627,3.83344170248627,3.83344170248627,3.83344170248627,3.83344170248627,-5.33412910772069,-4.48490065128962,-3.63567219485856,-2.78644373842751,-1.93721528199643,-1.08798682556537,-0.258463624452766,0.441920249674718,0.857509793858048,0.917856747409573,0.687958070576865,0.288637061304531,-0.158250658445841,-0.522618400121498,-0.7150605660197,-0.75026713981892,-0.682776993740234,-0.496241470844561,-0.137056028807789,0.358715693151591,0.358715693151591,0.358715693151591,0.358715693151591,0.358715693151591,0.358715693151591,0.358715693151591,0.358715693151591,0.358715693151591,0.358715693151591,0.358715693151591,0.358715693151591,0.358715693151591,0.358715693151591,0.358715693151591,0.358715693151591,0.358715693151591,0.358715693151591,0.358715693151591,0.358715693151591,0.358715693151591,1,1,1,1,1,1,1,1,1,1,1,1,1,1,1,1,1,1,1,1,1,1,1,1,1,1,1,1,1,1,1,1,1,1,1,1,1,1,1,1
1.21862386690222,1.9910706671447,-0.76877621788658,-0.241340378405042,-0.722975700025573,1.53438266776471,1.45243791468666,-1.90946014467684,0.435020001665766,2.06819903286408,0.0843628586077472,-0.170173833397389,-1.78719984658234,-1.39058574738189,1.52627768315246,0.994005335078159,-1.29429576685508,0.423184456186295,0.868124356694667,1.96213269352097,-3.2601481231185,-1.61223153509874,0.176115590636439,0.608084126327384,1.19687143842491,-0.125786191962288,-0.486767746993959,-1.51366010126582,-0.146210147634081,1.28367464174949,-0.488572476076467,-0.502646842568481,0.263930837215677,-2.69602423267555,-1.04492597294927,1.11292133362196,-0.160117820459799,1.80982807366967,1.04407448233041,1.43403665572397,1.79891751773932,1.69651596645887,1.59411441517842,1.49171286389797,1.38931131261752,1.28690976133707,1.18450821005662,1.08210665877617,0.979705107495723,0.877303556215272,0.774902004934823,0.672500453654372,0.570098902373923,0.467697351093475,0.365295799813024,0.262894248532573,0.160492697252124,0.0580911459716731,-0.0443104053087762,-0.146711956589227,-0.146711956589227,-0.146711956589227,-0.146711956589227,-0.146711956589227,-0.146711956589227,-0.146711956589227,-0.146711956589227,-0.146711956589227,-0.146711956589227,-0.146711956589227,-0.146711956589227,-0.146711956589227,-0.146711956589227,-0.146711956589227,-0.146711956589227,-0.146711956589227,-0.146711956589227,-0.146711956589227,-0.146711956589227,-0.146711956589227,-4.46983773441835,-2.57087538156817,-1.1036460989256,-0.021982248310735,0.720283808456316,1.16931970955546,1.37129309316659,1.37237159746961,1.21872286064442,0.956514520870916,0.631914216329006,0.291089585198581,-0.0197917343404619,-0.25456210410821,-0.367053885924786,-0.31109944161026,-0.0405311329847535,0.490818678131639,1.32911762991881,2.52053336055667,2.52053336055667,2.52053336055667,2.52053336055667,2.52053336055667,2.52053336055667,2.52053336055667,2.52053336055667,2.52053336055667,2.52053336055667,2.52053336055667,2.52053336055667,2.52053336055667,2.52053336055667,2.52053336055667,2.52053336055667,2.52053336055667,2.52053336055667,2.52053336055667,2.52053336055667,2.52053336055667,3.79987715796823,3.42096909056756,3.04206102316688,2.6631529557662,2.28424488836553,1.90533682096485,1.52722113564896,1.15539984829537,0.804553646541537,0.50003755350544,0.267431103971402,0.118414957288728,0.0522992710685397,0.0670044297731369,0.15827751475088,0.31238794901175,0.511338922423336,0.74391870424167,1.00386175500085,1.28009448391013,1.28009448391013,1.28009448391013,1.28009448391013,1.28009448391013,1.28009448391013,1.28009448391013,1.28009448391013,1.28009448391013,1.28009448391013,1.28009448391013,1.28009448391013,1.28009448391013,1.28009448391013,1.28009448391013,1.28009448391013,1.28009448391013,1.28009448391013,1.28009448391013,1.28009448391013,1.28009448391013,1,1,1,1,1,1,1,1,1,1,1,1,1,1,1,1,1,1,1,1,1,1,1,1,1,1,1,1,1,1,1,1,1,1,1,1,1,1,1,1
-1.21597076144228,-1.22688607692912,0.96431756991804,1.8852952566467,0.716065492994598,0.482016814269643,-3.1964194922554,-1.64484379972311,-0.436408708569552,0.13974494394343,-0.113678418211601,0.0918564869024596,-0.984760914314705,1.04941803759576,1.55846340677116,-3.32401906368749,2.05152489667333,1.36101878719556,0.367605580620783,-0.896836474234155,-0.527548090673484,0.312029631837081,-2.55104179194688,-1.18917530584175,0.776608925101698,-1.00265447200741,-1.56648295448453,2.61870665452324,0.871713909776878,1.3742000889822,0.177368753450201,-1.13803167671379,-0.662814550812946,-0.119607994984815,-0.182538241996713,-0.903020190166712,-0.176782988297685,0.174083468851562,-0.108923076349642,-0.930194673792277,-4.26340356709381,-3.90141357315212,-3.53942357921044,-3.17743358526875,-2.81544359132706,-2.45345359738537,-2.09146360344368,-1.72947360950199,-1.3674836155603,-1.00549362161862,-0.643503627676928,-0.281513633735242,0.0804763602064469,0.442466354148134,0.804456348089824,1.16644634203151,1.5284363359732,1.89042632991489,2.25241632385658,2.61440631779826,2.61440631779826,2.61440631779826,2.61440631779826,2.61440631779826,2.61440631779826,2.61440631779826,2.61440631779826,2.61440631779826,2.61440631779826,2.61440631779826,2.61440631779826,2.61440631779826,2.61440631779826,2.61440631779826,2.61440631779826,2.61440631779826,2.61440631779826,2.61440631779826,2.61440631779826,2.61440631779826,6.2560660569538,3.82636040492959,1.89607066943799,0.419773911201336,-0.64795280905799,-1.35253243061764,-1.73938789275525,-1.85394213474844,-1.74161809587486,-1.44783871541216,-1.01802693263796,-0.497605686829912,0.0680020827343597,0.633373436777209,1.153085436021,1.58171514118811,1.87383961300088,1.98403591218167,1.86688109945286,1.47695223553681,1.47695223553681,1.47695223553681,1.47695223553681,1.47695223553681,1.47695223553681,1.47695223553681,1.47695223553681,1.47695223553681,1.47695223553681,1.47695223553681,1.47695223553681,1.47695223553681,1.47695223553681,1.47695223553681,1.47695223553681,1.47695223553681,1.47695223553681,1.47695223553681,1.47695223553681,1.47695223553681,-3.69463907300113,-3.40235267452059,-3.11006627604004,-2.81777987755949,-2.52549347907895,-2.23320708059841,-1.94139263318781,-1.64955374691165,-1.34709665188014,-1.02697562641342,-0.693970501702486,-0.34979427505176,0.011898638292541,0.390348390287931,0.773539715630548,1.14905737251886,1.50603831268942,1.83205944302054,2.12215883118268,2.3887890074585,2.3887890074585,2.3887890074585,2.3887890074585,2.3887890074585,2.3887890074585,2.3887890074585,2.3887890074585,2.3887890074585,2.3887890074585,2.3887890074585,2.3887890074585,2.3887890074585,2.3887890074585,2.3887890074585,2.3887890074585,2.3887890074585,2.3887890074585,2.3887890074585,2.3887890074585,2.3887890074585,1,1,1,1,1,1,1,1,1,1,1,1,1,1,1,1,1,1,1,1,1,1,1,1,1,1,1,1,1,1,1,1,1,1,1,1,1,1,1,1
1.90540796601277,-1.10328252472715,-0.785643240300129,-2.15976466276173,0.555754617536907,-2.27547365153451,1.24356052164268,0.535052181232391,0.851794622054612,0.990359881810235,0.817142821709663,1.22309849489038,-0.477280401267182,-0.304438781530852,0.0645134432677743,0.823281049737149,-0.25243620995955,1.84339793006046,0.746855686247244,-0.910834021380939,1.58026480367012,-2.13259901457278,1.1808240273125,1.46403735680599,-2.65799166717614,1.64085380588488,2.71166818014209,1.20788703580966,0.342979151632331,-0.731332289503564,-1.73146130977605,1.71964783363224,-0.569530017952259,0.303815821466326,-0.205162498111045,-1.17600043242798,2.33438133375184,-0.601385620396082,0.171835199656423,0.301017510420381,-1.14647545830414,-1.03600138917053,-0.925527320036907,-0.81505325090329,-0.704579181769671,-0.594105112636052,-0.483631043502433,-0.373156974368815,-0.262682905235195,-0.152208836101579,-0.0417347669679611,0.0687393021656604,0.179213371299277,0.289687440432896,0.400161509566514,0.510635578700132,0.62110964783375,0.73158371696737,0.842057786100987,0.952531855234607,0.952531855234607,0.952531855234607,0.952531855234607,0.952531855234607,0.952531855234607,0.952531855234607,0.952531855234607,0.952531855234607,0.952531855234607,0.952531855234607,0.952531855234607,0.952531855234607,0.952531855234607,0.952531855234607,0.952531855234607,0.952531855234607,0.952531855234607,0.952531855234607,0.952531855234607,0.952531855234607,-14.8736128848369,-11.2244175100289,-8.18030481186321,-5.68879779317597,-3.69741945680305,-2.15369280558044,-1.00514084234405,-0.199286569929878,0.316347008826169,0.59423689108813,0.686860074020066,0.64669355478599,0.526214330550003,0.377899398476117,0.25422575572836,0.207670399470848,0.290710326867606,0.555822535082667,1.05548402128014,1.84217178262397,1.84217178262397,1.84217178262397,1.84217178262397,1.84217178262397,1.84217178262397,1.84217178262397,1.84217178262397,1.84217178262397,1.84217178262397,1.84217178262397,1.84217178262397,1.84217178262397,1.84217178262397,1.84217178262397,1.84217178262397,1.84217178262397,1.84217178262397,1.84217178262397,1.84217178262397,1.84217178262397,0.372131988608977,0.236978522722828,0.101825056836694,-0.0333284090494708,-0.168481874935616,-0.303635340821757,-0.457386728357628,-0.669677102764685,-0.788474278336917,-0.670957329149337,-0.402647654538056,-0.0969766250102424,0.294002593288123,0.798057365282727,1.26063645216364,1.50252728285093,1.48180194913257,1.22230600393194,0.735006120988787,0.0885396469246906,0.0885396469246906,0.0885396469246906,0.0885396469246906,0.0885396469246906,0.0885396469246906,0.0885396469246906,0.0885396469246906,0.0885396469246906,0.0885396469246906,0.0885396469246906,0.0885396469246906,0.0885396469246906,0.0885396469246906,0.0885396469246906,0.0885396469246906,0.0885396469246906,0.0885396469246906,0.0885396469246906,0.0885396469246906,0.0885396469246906,1,1,1,1,1,1,1,1,1,1,1,1,1,1,1,1,1,1,1,1,1,1,1,1,1,1,1,1,1,1,1,1,1,1,1,1,1,1,1,1
-0.940700518040348,-1.4476793119925,-0.835162423529956,-1.43191257243896,0.881880347556006,-0.180915292468984,1.27263022836196,-1.81885454317082,-1.90376057934426,-2.07544933455404,0.995285501264705,-0.173646589315849,2.55782388092164,1.26303006805674,-1.03155041137127,-2.15426017345291,0.532164018363078,2.36463782928557,-0.764261413386707,-1.0868230923579,-1.40059634644867,1.85321122774962,1.99877158957072,-1.4663954813847,-1.54879763199088,-0.620526641209297,-0.319404701768457,-0.310110548451677,0.949542988128661,-0.337675655809326,-0.148457066244672,0.112042197969233,4.26388888959642,-0.984533626067254,1.15865281264818,-1.16009006908203,-2.17662810319924,-1.82513108820499,-2.8211550416473,-0.938921430058734,-0.116460494059803,-0.0658465733369855,-0.0152326526141655,0.0353812681086518,0.0859951888314709,0.136609109554289,0.187223030277107,0.237836950999926,0.288450871722743,0.339064792445562,0.389678713168379,0.440292633891199,0.490906554614016,0.541520475336835,0.592134396059652,0.64274831678247,0.693362237505287,0.743976158228108,0.794590078950925,0.845203999673743,0.845203999673743,0.845203999673743,0.845203999673743,0.845203999673743,0.845203999673743,0.845203999673743,0.845203999673743,0.845203999673743,0.845203999673743,0.845203999673743,0.845203999673743,0.845203999673743,0.845203999673743,0.845203999673743,0.845203999673743,0.845203999673743,0.845203999673743,0.845203999673743,0.845203999673743,0.845203999673743,22.4742544583703,16.3602502401591,11.3469280820311,7.33735516979834,4.23459868927272,1.94172582626628,0.361803766590991,-0.602100303941143,-1.04691919951815,-1.06958573432804,-0.767032722558817,-0.23619297839849,0.426000683964903,1.12261545034337,1.75671850654894,2.23137703839352,2.44965823168915,2.31462927224779,1.7293573458815,0.596909638402131,0.596909638402131,0.596909638402131,0.596909638402131,0.596909638402131,0.596909638402131,0.596909638402131,0.596909638402131,0.596909638402131,0.596909638402131,0.596909638402131,0.596909638402131,0.596909638402131,0.596909638402131,0.596909638402131,0.596909638402131,0.596909638402131,0.596909638402131,0.596909638402131,0.596909638402131,0.596909638402131,3.89149940587116,3.35900587303213,2.82651234019312,2.29401880735409,1.76152527451506,1.22903174167604,0.697851102838873,0.185506813378975,-0.241440401182846,-0.499316251416126,-0.550258954702961,-0.419060516473126,-0.159774615430358,0.182652359298846,0.590541051224223,1.06877207578275,1.62179523094058,2.23326710328167,2.87163726892219,3.51410873840112,3.51410873840112,3.51410873840112,3.51410873840112,3.51410873840112,3.51410873840112,3.51410873840112,3.51410873840112,3.51410873840112,3.51410873840112,3.51410873840112,3.51410873840112,3.51410873840112,3.51410873840112,3.51410873840112,3.51410873840112,3.51410873840112,3.51410873840112,3.51410873840112,3.51410873840112,3.51410873840112,1,1,1,1,1,1,1,1,1,1,1,1,1,1,1,1,1,1,1,1,1,1,1,1,1,1,1,1,1,1,1,1,1,1,1,1,1,1,1,1
-1.02686311668572,1.24797859992492,0.522764229088192,1.56819201266015,0.0690875736456933,-0.560685451975892,2.14962419313173,0.0470474064145918,0.289694206568285,0.925257097439484,0.538829864030442,0.645859477225521,1.45199878172307,2.41660099770635,-1.36358231867472,-0.288808776794191,0.0384371842277709,1.26533360984903,0.661219710941282,-3.05660468351037,-2.14620862596847,-0.57695823533671,-1.70043597351357,1.67879863537916,-0.590024522569511,-1.16047204317288,-1.78853380888234,-1.31442518597609,2.48628933841798,1.04258358745651,-0.820981240670308,-1.72770469065342,0.454648510821634,0.73939024313592,-0.554654564800478,0.215756620206735,0.714918693558142,-1.23615958285759,0.614173594628317,-2.16666301475277,2.24357434296932,1.97928963319653,1.71500492342374,1.45072021365095,1.18643550387816,0.922150794105367,0.657866084332578,0.393581374559787,0.129296664786999,-0.134988044985791,-0.399272754758581,-0.663557464531369,-0.927842174304159,-1.19212688407695,-1.45641159384974,-1.72069630362253,-1.98498101339532,-2.24926572316811,-2.5135504329409,-2.77783514271369,-2.77783514271369,-2.77783514271369,-2.77783514271369,-2.77783514271369,-2.77783514271369,-2.77783514271369,-2.77783514271369,-2.77783514271369,-2.77783514271369,-2.77783514271369,-2.77783514271369,-2.77783514271369,-2.77783514271369,-2.77783514271369,-2.77783514271369,-2.77783514271369,-2.77783514271369,-2.77783514271369,-2.77783514271369,-2.77783514271369,-15.0582210542955,-11.0158222901675,-7.66646313899031,-4.95491478993464,-2.8259484321712,-1.2243352548707,-0.0948464472038832,0.617746801658548,0.968673302545882,1.01316186628738,0.806441303712376,0.403740425650112,-0.139711957070142,-0.768687033619058,-1.42795599316739,-2.06229002488582,-2.61646031794509,-3.03523806151589,-3.26339444476899,-3.2457006568751,-3.2457006568751,-3.2457006568751,-3.2457006568751,-3.2457006568751,-3.2457006568751,-3.2457006568751,-3.2457006568751,-3.2457006568751,-3.2457006568751,-3.2457006568751,-3.2457006568751,-3.2457006568751,-3.2457006568751,-3.2457006568751,-3.2457006568751,-3.2457006568751,-3.2457006568751,-3.2457006568751,-3.2457006568751,-3.2457006568751,2.24084647016535,1.97693334670286,1.71302022324037,1.44910709977789,1.1851939763154,0.92128085285291,0.657364041533661,0.393427943336542,0.129462610937836,-0.134551662856891,-0.398652194393819,-0.662865168497259,-0.927188737127748,-1.1916035235607,-1.45608000485432,-1.7205909269624,-1.98513589215553,-2.24973572974101,-2.51439422865241,-2.77908581725506,-2.77908581725506,-2.77908581725506,-2.77908581725506,-2.77908581725506,-2.77908581725506,-2.77908581725506,-2.77908581725506,-2.77908581725506,-2.77908581725506,-2.77908581725506,-2.77908581725506,-2.77908581725506,-2.77908581725506,-2.77908581725506,-2.77908581725506,-2.77908581725506,-2.77908581725506,-2.77908581725506,-2.77908581725506,-2.77908581725506,1,1,1,1,1,1,1,1,1,1,1,1,1,1,1,1,1,1,1,1,1,1,1,1,1,1,1,1,1,1,1,1,1,1,1,1,1,1,1,1
-1.77317938272191,-1.51765298835367,-1.39492082447977,0.422994530184127,-1.63103630006727,0.434163909879173,-1.67908921806485,-1.37085576548279,-0.724173692007477,-0.662653794260525,1.98839812618092,-1.99670259369724,-0.301095518322628,-1.15827159314161,2.37349308776125,-1.54482187667765,-1.24771222652262,-2.18364401138516,1.88906121513436,-1.86501700290656,-2.93851624910227,1.26623876564338,0.454726377293817,0.421083359535862,-0.140298200959824,-2.31686059852473,-0.427758556222132,0.10321062224901,-2.42045749993217,0.37419154900574,0.0195806792926039,-0.0280166746649435,1.88001158525218,-1.21962987733416,1.12434338022236,-0.664235197205347,0.122883016840156,-1.88751363801096,-0.286228953224974,0.262209857015256,-1.52189263082175,-1.49606963448078,-1.47024663813982,-1.44442364179885,-1.41860064545788,-1.39277764911692,-1.36695465277595,-1.34113165643499,-1.31530866009402,-1.28948566375306,-1.26366266741209,-1.23783967107113,-1.21201667473016,-1.18619367838919,-1.16037068204823,-1.13454768570726,-1.1087246893663,-1.08290169302533,-1.05707869668437,-1.0312557003434,-1.0312557003434,-1.0312557003434,-1.0312557003434,-1.0312557003434,-1.0312557003434,-1.0312557003434,-1.0312557003434,-1.0312557003434,-1.0312557003434,-1.0312557003434,-1.0312557003434,-1.0312557003434,-1.0312557003434,-1.0312557003434,-1.0312557003434,-1.0312557003434,-1.0312557003434,-1.0312557003434,-1.0312557003434,-1.0312557003434,4.99722621141494,2.78203062160146,1.06559175498849,-0.205711174232796,-1.08549895187119,-1.62739236373553,-1.88501219563462,-1.91197923337727,-1.76191426277229,-1.48843806962851,-1.14517143975473,-0.785735158959781,-0.463750013052453,-0.232836787841567,-0.146616269135958,-0.258709242744416,-0.622736494475769,-1.29231881013882,-2.32107697554237,-3.76263177649531,-3.76263177649531,-3.76263177649531,-3.76263177649531,-3.76263177649531,-3.76263177649531,-3.76263177649531,-3.76263177649531,-3.76263177649531,-3.76263177649531,-3.76263177649531,-3.76263177649531,-3.76263177649531,-3.76263177649531,-3.76263177649531,-3.76263177649531,-3.76263177649531,-3.76263177649531,-3.76263177649531,-3.76263177649531,-3.76263177649531,-5.24973694390884,-4.71539294989118,-4.1810489558735,-3.64670496185583,-3.11236096783817,-2.5780169738205,-2.04449502776998,-1.52399985302744,-1.06336708081317,-0.717076269807231,-0.512395041065952,-0.452753631295737,-0.52573646686548,-0.697243915476387,-0.923020682799923,-1.17349364662505,-1.43737169027418,-1.7100077339838,-1.98884434633844,-2.27168045521617,-2.27168045521617,-2.27168045521617,-2.27168045521617,-2.27168045521617,-2.27168045521617,-2.27168045521617,-2.27168045521617,-2.27168045521617,-2.27168045521617,-2.27168045521617,-2.27168045521617,-2.27168045521617,-2.27168045521617,-2.27168045521617,-2.27168045521617,-2.27168045521617,-2.27168045521617,-2.27168045521617,-2.27168045521617,-2.27168045521617,1,1,1,1,1,1,1,1,1,1,1,1,1,1,1,1,1,1,1,1,1,1,1,1,1,1,1,1,1,1,1,1,1,1,1,1,1,1,1,1
0.393383561267047,-0.465393243021632,0.172960604047558,-1.80460666035296,-0.540868745168156,0.324063083983668,0.687032759338689,-0.685304590582041,-1.08589578992738,-1.0536251668718,1.66876410113027,-2.14394035445799,0.378378723748316,1.94450779724956,0.293288664262263,-0.0121957713657288,-1.025676580025,-2.33838896551214,0.912081880542079,-0.199176755281925,0.478495465052561,2.82815943244986,1.14333237487387,-1.29659783891011,0.168808291568928,0.941512631898185,-1.4964431763344,2.75665185409008,0.0480756242277796,-0.472614005638684,-0.727166565131595,0.510341784940676,-3.54833448123357,-1.82712973190461,0.0950288379401094,-1.25377472707959,0.889834243746444,2.94379773900839,0.545082282244106,0.548552181746897,0.16434728188873,0.194467988877892,0.224588695867054,0.254709402856215,0.284830109845375,0.314950816834536,0.345071523823698,0.375192230812859,0.405312937802019,0.435433644791182,0.465554351780341,0.495675058769503,0.525795765758666,0.555916472747827,0.586037179736985,0.61615788672615,0.646278593715309,0.676399300704471,0.706520007693632,0.736640714682792,0.736640714682792,0.736640714682792,0.736640714682792,0.736640714682792,0.736640714682792,0.736640714682792,0.736640714682792,0.736640714682792,0.736640714682792,0.736640714682792,0.736640714682792,0.736640714682792,0.736640714682792,0.736640714682792,0.736640714682792,0.736640714682792,0.736640714682792,0.736640714682792,0.736640714682792,0.736640714682792,13.9188618475363,10.9795504660359,8.41280412154659,6.19982626519511,4.32182034810813,2.75998982141241,1.49553813623463,0.509668743701535,-0.216414905060166,-0.701509358923751,-0.964411166762504,-1.0239168774497,-0.898823039858636,-0.607926202862581,-0.17002291533481,0.396090273851389,1.07161681582274,1.83776016170594,2.67572376262773,3.56671106971482,3.56671106971482,3.56671106971482,3.56671106971482,3.56671106971482,3.56671106971482,3.56671106971482,3.56671106971482,3.56671106971482,3.56671106971482,3.56671106971482,3.56671106971482,3.56671106971482,3.56671106971482,3.56671106971482,3.56671106971482,3.56671106971482,3.56671106971482,3.56671106971482,3.56671106971482,3.56671106971482,10.6070618129807,9.13052313602677,7.6539844590728,6.17744578211883,4.70090710516487,3.22436842821091,1.77513801049187,0.471906028636758,-0.615257701135596,-1.43380471824875,-1.8575932179765,-1.74555570768243,-1.0749368616083,-0.0350351122894637,0.998231499494441,1.68955109724209,1.98579846687649,2.04875467650135,2.00881450331567,1.9153298689498,1.9153298689498,1.9153298689498,1.9153298689498,1.9153298689498,1.9153298689498,1.9153298689498,1.9153298689498,1.9153298689498,1.9153298689498,1.9153298689498,1.9153298689498,1.9153298689498,1.9153298689498,1.9153298689498,1.9153298689498,1.9153298689498,1.9153298689498,1.9153298689498,1.9153298689498,1.9153298689498,1,1,1,1,1,1,1,1,1,1,1,1,1,1,1,1,1,1,1,1,1,1,1,1,1,1,1,1,1,1,1,1,1,1,1,1,1,1,1,1
1.24810586602505,0.135716068716774,2.79616709094977,1.95217438467923,1.8912079232444,-0.89986114274712,2.06442962780933,-0.767013856270031,0.258974789156156,1.00205207570005,-2.15138884616255,-0.207367246800537,-0.605143621243483,-0.536535250556001,0.313481949826125,-0.92703907415822,-0.857302387135631,1.4282191193213,1.50684415114194,0.896646529070235,-0.767398098707208,-0.359641280674563,-0.280884978151352,0.0192221340962071,-2.88952300075155,-1.0530340900929,-0.396010734030259,1.41661600165599,-0.86205044834422,1.81644190104067,-0.950805673219989,1.59694412610856,2.20200771007137,-1.07054856233083,0.958774392209603,2.64151871809592,-1.11458150307204,0.951783112386254,-0.95478487941762,-0.655935135625228,-0.498113964639732,-0.429345309706815,-0.360576654773898,-0.291807999840983,-0.223039344908067,-0.154270689975148,-0.0855020350422313,-0.016733380109315,0.0520352748236022,0.120803929756518,0.189572584689435,0.258341239622352,0.327109894555267,0.395878549488184,0.464647204421102,0.533415859354021,0.602184514286936,0.670953169219851,0.73972182415277,0.808490479085684,0.808490479085684,0.808490479085684,0.808490479085684,0.808490479085684,0.808490479085684,0.808490479085684,0.808490479085684,0.808490479085684,0.808490479085684,0.808490479085684,0.808490479085684,0.808490479085684,0.808490479085684,0.808490479085684,0.808490479085684,0.808490479085684,0.808490479085684,0.808490479085684,0.808490479085684,0.808490479085684,-14.2809827631198,-9.82053197801075,-6.291065099766,-3.5953525598407,-1.63616478968997,-0.31627222076892,0.461554715467313,0.79454558756364,0.779929964064918,0.514937413516048,0.0967975044619109,-0.377260194552619,-0.810006114982647,-1.10421068828333,-1.16264434590973,-0.888077519316992,-0.183280639960243,1.0489758607054,2.90592155122486,5.48478600014295,5.48478600014295,5.48478600014295,5.48478600014295,5.48478600014295,5.48478600014295,5.48478600014295,5.48478600014295,5.48478600014295,5.48478600014295,5.48478600014295,5.48478600014295,5.48478600014295,5.48478600014295,5.48478600014295,5.48478600014295,5.48478600014295,5.48478600014295,5.48478600014295,5.48478600014295,5.48478600014295,0.98960778592655,0.867378310837092,0.745148835747632,0.622919360658176,0.500689885568726,0.378460410479264,0.268424291528223,0.212756162475875,0.176761331339707,0.0639906219090527,-0.16183054913582,-0.421643427963366,-0.588319342492641,-0.570732649760634,-0.33121715599345,0.130331837143112,0.785400247496529,1.59170299367791,2.50777068026392,3.48470744982202,3.48470744982202,3.48470744982202,3.48470744982202,3.48470744982202,3.48470744982202,3.48470744982202,3.48470744982202,3.48470744982202,3.48470744982202,3.48470744982202,3.48470744982202,3.48470744982202,3.48470744982202,3.48470744982202,3.48470744982202,3.48470744982202,3.48470744982202,3.48470744982202,3.48470744982202,3.48470744982202,1,1,1,1,1,1,1,1,1,1,1,1,1,1,1,1,1,1,1,1,1,1,1,1,1,1,1,1,1,1,1,1,1,1,1,1,1,1,1,1
1.68949199125434,2.07215701785914,-1.1362047557597,3.29624914671012,-0.777326010748508,1.32885015985075,-0.579625381054804,-1.68369760142944,-3.32801672709762,-1.19787019834194,0.461616702065022,1.21324868036076,0.0590525285891257,-1.50321796570434,0.0751291537251344,-0.630249018384935,0.743237688108255,-0.272991402490952,-0.0919150003220039,-2.43578349441737,-1.15984547272625,-0.849200720457537,-0.468314168334562,-0.535498303599908,-1.40069448307353,0.252682622815385,-1.7133403698181,1.54259879334715,-0.836403050308489,0.337250377574717,-1.1903086880904,-0.432770363021794,-0.65386721594508,-1.67357147889736,-0.957162473200231,1.59564479483853,0.594570082547621,-0.750399274125666,0.0400845476391041,3.0924355857102,1.77012193245421,1.54361458814619,1.31710724383817,1.09059989953014,0.864092555222123,0.637585210914101,0.411077866606078,0.184570522298056,-0.0419368220099638,-0.268444166317988,-0.494951510626009,-0.721458854934031,-0.947966199242053,-1.17447354355008,-1.4009808878581,-1.62748823216612,-1.85399557647414,-2.08050292078216,-2.30701026509018,-2.53351760939821,-2.53351760939821,-2.53351760939821,-2.53351760939821,-2.53351760939821,-2.53351760939821,-2.53351760939821,-2.53351760939821,-2.53351760939821,-2.53351760939821,-2.53351760939821,-2.53351760939821,-2.53351760939821,-2.53351760939821,-2.53351760939821,-2.53351760939821,-2.53351760939821,-2.53351760939821,-2.53351760939821,-2.53351760939821,-2.53351760939821,34.5929209808587,25.936020470317,18.6944072546256,12.7497239262575,7.98361307768578,4.27771730138324,1.51367918982288,-0.426858664522351,-1.66225366917951,-2.31086323167567,-2.49104475953786,-2.32115566029312,-1.91955334146855,-1.40459521059118,-0.89463867518803,-0.508041142786242,-0.363160020912765,-0.578352717094669,-1.27197663885912,-2.56238919373297,-2.56238919373297,-2.56238919373297,-2.56238919373297,-2.56238919373297,-2.56238919373297,-2.56238919373297,-2.56238919373297,-2.56238919373297,-2.56238919373297,-2.56238919373297,-2.56238919373297,-2.56238919373297,-2.56238919373297,-2.56238919373297,-2.56238919373297,-2.56238919373297,-2.56238919373297,-2.56238919373297,-2.56238919373297,-2.56238919373297,5.7594160055506,4.99489341836166,4.23037083117271,3.46584824398377,2.70132565679482,1.93680306960588,1.17230651853169,0.415564842694881,-0.292472509674846,-0.898183305188967,-1.37438610401504,-1.71574758213088,-1.90768382175864,-1.93727012976713,-1.83542393022503,-1.67174520264724,-1.50245290171565,-1.34894826451069,-1.2168631773071,-1.10227619339972,-1.10227619339972,-1.10227619339972,-1.10227619339972,-1.10227619339972,-1.10227619339972,-1.10227619339972,-1.10227619339972,-1.10227619339972,-1.10227619339972,-1.10227619339972,-1.10227619339972,-1.10227619339972,-1.10227619339972,-1.10227619339972,-1.10227619339972,-1.10227619339972,-1.10227619339972,-1.10227619339972,-1.10227619339972,-1.10227619339972,1,1,1,1,1,1,1,1,1,1,1,1,1,1,1,1,1,1,1,1,1,1,1,1,1,1,1,1,1,1,1,1,1,1,1,1,1,1,1,1
3.6550922886315,1.61208920932085,0.25344008348187,-2.16257870575544,-1.14142291286023,-1.54711816227587,2.4479523351965,0.324933198127276,2.26260314949202,-0.41789008702059,-0.960869079165631,0.25503892083206,-2.37142988355295,-1.30939008191632,0.139444140166244,1.24389690948048,0.709976207557681,-0.907382957335502,1.06896021451221,1.04000644153724,0.830185241743191,-1.38542287712547,-2.85358586669285,1.3085741638912,0.636124147417643,-0.516789710646963,0.723167579173049,-0.822449702208559,-0.368127956595494,0.363860034863139,-0.281120789037795,0.492117557224294,2.1710544574567,-2.83108648777933,-0.672134779980677,2.20956384193249,1.42737844930922,0.0907121145988743,-0.165773409197135,0.529034954651461,1.69095159127088,1.57177782250541,1.45260405373995,1.33343028497448,1.21425651620902,1.09508274744355,0.975908978678088,0.856735209912621,0.737561441147157,0.618387672381694,0.499213903616225,0.380040134850763,0.260866366085294,0.141692597319832,0.0225188285543627,-0.096654940211101,-0.215828708976566,-0.33500247774203,-0.454176246507497,-0.573350015272963,-0.573350015272963,-0.573350015272963,-0.573350015272963,-0.573350015272963,-0.573350015272963,-0.573350015272963,-0.573350015272963,-0.573350015272963,-0.573350015272963,-0.573350015272963,-0.573350015272963,-0.573350015272963,-0.573350015272963,-0.573350015272963,-0.573350015272963,-0.573350015272963,-0.573350015272963,-0.573350015272963,-0.573350015272963,-0.573350015272963,-17.4892504924493,-13.0190548253785,-9.25604418183621,-6.14640747564809,-3.63633362063972,-1.6720115306367,-0.199630119464619,0.834621699050919,1.48455501108432,1.80398090280999,1.84671046040233,1.66655477003573,1.31732491788463,0.852831990123384,0.32688707292643,-0.206698747531819,-0.694114385077018,-1.08154875353469,-1.31519076673049,-1.34122933848997,-1.34122933848997,-1.34122933848997,-1.34122933848997,-1.34122933848997,-1.34122933848997,-1.34122933848997,-1.34122933848997,-1.34122933848997,-1.34122933848997,-1.34122933848997,-1.34122933848997,-1.34122933848997,-1.34122933848997,-1.34122933848997,-1.34122933848997,-1.34122933848997,-1.34122933848997,-1.34122933848997,-1.34122933848997,-1.34122933848997,-0.455768233018414,-0.299593465332499,-0.143418697646579,0.0127560700393357,0.168930837725252,0.325105605411171,0.482161702267716,0.639843712162094,0.777561276319233,0.863348802342978,0.882237130812948,0.845226961532234,0.769451265641374,0.655017238192535,0.483096310006506,0.233365298075386,-0.100287386101426,-0.50857529422291,-0.971875375092763,-1.46335371790894,-1.46335371790894,-1.46335371790894,-1.46335371790894,-1.46335371790894,-1.46335371790894,-1.46335371790894,-1.46335371790894,-1.46335371790894,-1.46335371790894,-1.46335371790894,-1.46335371790894,-1.46335371790894,-1.46335371790894,-1.46335371790894,-1.46335371790894,-1.46335371790894,-1.46335371790894,-1.46335371790894,-1.46335371790894,-1.46335371790894,1,1,1,1,1,1,1,1,1,1,1,1,1,1,1,1,1,1,1,1,1,1,1,1,1,1,1,1,1,1,1,1,1,1,1,1,1,1,1,1
0.518459273998724,-0.0407313378130665,0.757493348098726,0.262620892655113,-0.307042677668803,-1.0743734091947,-0.830448958210871,-2.24968006860044,0.847187176935284,0.613530042087488,-0.553863277621085,0.537793505937028,-2.31882414515711,0.7881787966621,0.840445835664719,-0.992532626792423,0.761680732356419,-2.30240987892091,0.461141014569883,-0.046102445854574,-2.79963254851435,-3.96030598752851,-0.127091638873891,-1.36554644076596,2.1360763953161,-1.0076076807172,1.63938196271721,-0.449533258932721,1.47819148812915,-1.27074918164091,-1.07754284342263,-1.45921692075315,-0.120605079717704,0.237355730454519,-1.33769549767418,-1.45061039488422,-0.369473080335228,1.44337585533326,0.105937101718663,2.69191643820449,-4.61696097738724,-4.26710630276207,-3.9172516281369,-3.56739695351174,-3.21754227888657,-2.86768760426141,-2.51783292963624,-2.16797825501107,-1.81812358038591,-1.46826890576074,-1.11841423113557,-0.768559556510407,-0.418704881885244,-0.0688502072600752,0.28100446736509,0.630859141990257,0.980713816615426,1.33056849124059,1.68042316586576,2.03027784049092,2.03027784049092,2.03027784049092,2.03027784049092,2.03027784049092,2.03027784049092,2.03027784049092,2.03027784049092,2.03027784049092,2.03027784049092,2.03027784049092,2.03027784049092,2.03027784049092,2.03027784049092,2.03027784049092,2.03027784049092,2.03027784049092,2.03027784049092,2.03027784049092,2.03027784049092,2.03027784049092,-10.3640297916995,-8.70653408899231,-7.23964137330111,-5.94952484419648,-4.82235770124904,-3.84431314402942,-3.00156437210822,-2.28028458505606,-1.66664698244358,-1.14682476384139,-0.706991128820105,-0.33331927695035,-0.0119824078027442,0.270846279052098,0.528993584043546,0.776286307600989,1.0265512501538,1.29361521213137,1.59130499396308,1.93344739607829,1.93344739607829,1.93344739607829,1.93344739607829,1.93344739607829,1.93344739607829,1.93344739607829,1.93344739607829,1.93344739607829,1.93344739607829,1.93344739607829,1.93344739607829,1.93344739607829,1.93344739607829,1.93344739607829,1.93344739607829,1.93344739607829,1.93344739607829,1.93344739607829,1.93344739607829,1.93344739607829,-3.81564125642909,-3.59602033617246,-3.37639941591585,-3.15677849565923,-2.93715757540261,-2.71753665514598,-2.49504674112628,-2.25614166436785,-1.98820775662628,-1.68252087642703,-1.33553918826983,-0.952592080346964,-0.542206646164145,-0.110887564092348,0.330104583529883,0.766007568650442,1.19491580313553,1.62930870044979,2.07705129459984,2.53339494892726,2.53339494892726,2.53339494892726,2.53339494892726,2.53339494892726,2.53339494892726,2.53339494892726,2.53339494892726,2.53339494892726,2.53339494892726,2.53339494892726,2.53339494892726,2.53339494892726,2.53339494892726,2.53339494892726,2.53339494892726,2.53339494892726,2.53339494892726,2.53339494892726,2.53339494892726,2.53339494892726,1,1,1,1,1,1,1,1,1,1,1,1,1,1,1,1,1,1,1,1,1,1,1,1,1,1,1,1,1,1,1,1,1,1,1,1,1,1,1,1
-1.28239184508395,-2.13298143679011,-0.401482834775691,1.64283005725422,-1.0980688511305,-0.887818760069107,0.448244574451033,3.69036964138056,0.628572894733507,2.82953775706305,2.57282444171256,-0.474232253924942,1.20866664582945,-1.42393561619903,0.355181790739421,0.86339915715117,1.61963553160813,-1.02981561775659,-1.96859364142981,-1.73988329150531,2.02286560530438,-1.66677555535785,-0.0309515490662093,0.208252218883031,2.04069485985332,-0.575469595235536,-1.34549590899405,-1.31642389346992,2.46277566482466,-0.552425239341133,-1.11972448362644,-0.331078408272072,1.21509284393222,0.307256759627771,1.68147798351895,-0.67523136845325,0.838110745842668,-0.936486292645823,-2.09649662044306,3.39364818504706,5.31869971210753,4.8434961427053,4.36829257330308,3.89308900390085,3.41788543449863,2.9426818650964,2.46747829569418,1.99227472629195,1.51707115688973,1.04186758748751,0.566664018085284,0.0914604486830584,-0.383743120719165,-0.858946690121389,-1.33415025952361,-1.80935382892584,-2.28455739832806,-2.75976096773029,-3.23496453713251,-3.71016810653473,-3.71016810653473,-3.71016810653473,-3.71016810653473,-3.71016810653473,-3.71016810653473,-3.71016810653473,-3.71016810653473,-3.71016810653473,-3.71016810653473,-3.71016810653473,-3.71016810653473,-3.71016810653473,-3.71016810653473,-3.71016810653473,-3.71016810653473,-3.71016810653473,-3.71016810653473,-3.71016810653473,-3.71016810653473,-3.71016810653473,2.80042810840249,2.76874560294786,2.70300208432839,2.60247683570471,2.46644914023746,2.29419828108727,2.08500354141476,1.83814420438058,1.55289955314536,1.22854887086972,0.86437144071431,0.45964654583975,0.013653469406675,-0.474328505424278,-1.00502009549249,-1.5791420176373,-2.19741498869811,-2.86055972551426,-3.56929694492513,-4.32434736377009,-4.32434736377009,-4.32434736377009,-4.32434736377009,-4.32434736377009,-4.32434736377009,-4.32434736377009,-4.32434736377009,-4.32434736377009,-4.32434736377009,-4.32434736377009,-4.32434736377009,-4.32434736377009,-4.32434736377009,-4.32434736377009,-4.32434736377009,-4.32434736377009,-4.32434736377009,-4.32434736377009,-4.32434736377009,-4.32434736377009,5.31810342124975,4.84299864232031,4.36789386339087,3.89278908446142,3.41768430553198,2.94257952660254,2.467469683925,1.99233065495122,1.51714168245899,1.04190205819199,0.566634840492265,0.0913778493331705,-0.383839445213985,-0.859012364698374,-1.33415506318463,-1.80928958249535,-2.28444133208825,-2.75962754791275,-3.23484448165269,-3.71007527672865,-3.71007527672865,-3.71007527672865,-3.71007527672865,-3.71007527672865,-3.71007527672865,-3.71007527672865,-3.71007527672865,-3.71007527672865,-3.71007527672865,-3.71007527672865,-3.71007527672865,-3.71007527672865,-3.71007527672865,-3.71007527672865,-3.71007527672865,-3.71007527672865,-3.71007527672865,-3.71007527672865,-3.71007527672865,-3.71007527672865,1,1,1,1,1,1,1,1,1,1,1,1,1,1,1,1,1,1,1,1,1,1,1,1,1,1,1,1,1,1,1,1,1,1,1,1,1,1,1,1
-0.00264197122750431,2.08192531835625,0.235357781683752,-1.22113148864034,-0.898318379225658,-1.22769302800289,-0.828691620881294,-0.0796773545367131,-0.145640715005987,-0.398886673573562,1.33804641837467,1.17723868122757,0.293025181700175,-1.44727599703252,1.20302506553437,-1.057136821305,-0.269291261610361,-2.36331060795171,1.34813440643958,-0.52521475052639,1.8879733424747,-1.39858801249726,-0.870963897442323,-1.3266934302079,-1.91551415165521,0.338712878980889,0.924222794768889,1.06823215374438,0.675054479868518,0.196775123575078,1.41308188090509,0.0188315942087414,1.39150164212774,-1.76590305057933,-0.199861243420894,-3.93568951029224,1.29819385927484,-0.0779850823164523,0.126694305177685,-0.88653274644979,-1.70627878524798,-1.61088113795092,-1.51548349065386,-1.4200858433568,-1.32468819605975,-1.22929054876269,-1.13389290146563,-1.03849525416857,-0.943097606871517,-0.847699959574456,-0.752302312277401,-0.656904664980342,-0.561507017683285,-0.466109370386226,-0.370711723089171,-0.275314075792112,-0.179916428495055,-0.0845187811979979,0.0108788660990644,0.10627651339612,0.10627651339612,0.10627651339612,0.10627651339612,0.10627651339612,0.10627651339612,0.10627651339612,0.10627651339612,0.10627651339612,0.10627651339612,0.10627651339612,0.10627651339612,0.10627651339612,0.10627651339612,0.10627651339612,0.10627651339612,0.10627651339612,0.10627651339612,0.10627651339612,0.10627651339612,0.10627651339612,15.3913345109456,11.0124350830255,7.40242543697543,4.49535416621334,2.22526986415701,0.526221124224259,-0.667743460167113,-1.42257529559929,-1.80422578865446,-1.87864634591481,-1.71178837396254,-1.36960327937981,-0.91804246874884,-0.423057348651792,0.0494006743291155,0.433380193611736,0.662929802613835,0.672098094753272,0.394933663447803,-0.234514897884697,-0.234514897884697,-0.234514897884697,-0.234514897884697,-0.234514897884697,-0.234514897884697,-0.234514897884697,-0.234514897884697,-0.234514897884697,-0.234514897884697,-0.234514897884697,-0.234514897884697,-0.234514897884697,-0.234514897884697,-0.234514897884697,-0.234514897884697,-0.234514897884697,-0.234514897884697,-0.234514897884697,-0.234514897884697,-0.234514897884697,-1.45234410793527,-1.39107561342044,-1.32980711890561,-1.26853862439078,-1.20727012987595,-1.14600163536112,-1.08450427997777,-1.02161823994259,-0.955702338652566,-0.884276625761874,-0.804799101648072,-0.716387503041469,-0.619283329746803,-0.513542781072696,-0.400076315791432,-0.281383345964406,-0.159694205787019,-0.0360277959426014,0.0886152262832738,0.21328099645471,0.21328099645471,0.21328099645471,0.21328099645471,0.21328099645471,0.21328099645471,0.21328099645471,0.21328099645471,0.21328099645471,0.21328099645471,0.21328099645471,0.21328099645471,0.21328099645471,0.21328099645471,0.21328099645471,0.21328099645471,0.21328099645471,0.21328099645471,0.21328099645471,0.21328099645471,0.21328099645471,1,1,1,1,1,1,1,1,1,1,1,1,1,1,1,1,1,1,1,1,1,1,1,1,1,1,1,1,1,1,1,1,1,1,1,1,1,1,1,1
-0.433015704295979,-1.46634377457808,0.747175406175027,1.1237875590261,0.219482250548953,2.35311300755621,0.185641212232564,-2.03626753666522,-1.12688673544508,-0.131434417501058,-0.0906488118365356,2.05780184687849,3.24258566185966,-2.13668190689154,0.309763567155999,1.80294461137708,1.10078896136009,0.521488659183349,1.19078185417248,-0.3305550974369,0.723526204077336,0.495654798576462,1.65388409701719,-0.497742331010715,-0.856153513633833,-1.16472729232705,3.05069434195147,-2.42307496233606,-0.0296582991302454,1.69019633127794,1.58169351463683,0.00202804080807795,0.579409594669741,0.436773384461326,-1.60343479625244,-2.15124590107194,-1.67176885634283,-1.07995606793589,-1.14786038068588,-0.544656686979637,4.02743134657657,3.70276429753009,3.3780972484836,3.05343019943711,2.72876315039062,2.40409610134414,2.07942905229765,1.75476200325116,1.43009495420468,1.10542790515819,0.780760856111707,0.456093807065219,0.131426758018732,-0.193240291027756,-0.517907340074244,-0.842574389120731,-1.16724143816721,-1.4919084872137,-1.81657553626019,-2.14124258530668,-2.14124258530668,-2.14124258530668,-2.14124258530668,-2.14124258530668,-2.14124258530668,-2.14124258530668,-2.14124258530668,-2.14124258530668,-2.14124258530668,-2.14124258530668,-2.14124258530668,-2.14124258530668,-2.14124258530668,-2.14124258530668,-2.14124258530668,-2.14124258530668,-2.14124258530668,-2.14124258530668,-2.14124258530668,-2.14124258530668,12.8509560213217,10.433443483707,8.32460466170392,6.50322040921031,4.94807158012417,3.63793902834347,2.55160360776619,1.6678461722903,0.965447575813768,0.423188672234575,0.0198503154506859,-0.26578664063992,-0.454941342139279,-0.568832935149407,-0.62868056577234,-0.655703380110108,-0.671120524264726,-0.696151144338227,-0.752014386432652,-0.859929396650008,-0.859929396650008,-0.859929396650008,-0.859929396650008,-0.859929396650008,-0.859929396650008,-0.859929396650008,-0.859929396650008,-0.859929396650008,-0.859929396650008,-0.859929396650008,-0.859929396650008,-0.859929396650008,-0.859929396650008,-0.859929396650008,-0.859929396650008,-0.859929396650008,-0.859929396650008,-0.859929396650008,-0.859929396650008,-0.859929396650008,12.2245567218055,10.7202862200088,9.21601571821218,7.71174521641553,6.20747471461886,4.7032042128222,3.22616248828452,1.90749920711103,0.870581884703274,0.152820410569054,-0.324802356736145,-0.71915014298836,-1.10570933150265,-1.38429467660574,-1.41384825824487,-1.17738510837204,-0.776176969247947,-0.357664877433319,-0.0514415482052737,0.131674220518843,0.131674220518843,0.131674220518843,0.131674220518843,0.131674220518843,0.131674220518843,0.131674220518843,0.131674220518843,0.131674220518843,0.131674220518843,0.131674220518843,0.131674220518843,0.131674220518843,0.131674220518843,0.131674220518843,0.131674220518843,0.131674220518843,0.131674220518843,0.131674220518843,0.131674220518843,0.131674220518843,1,1,1,1,1,1,1,1,1,1,1,1,1,1,1,1,1,1,1,1,1,1,1,1,1,1,1,1,1,1,1,1,1,1,1,1,1,1,1,1
-1.86388807786672,0.63456395187349,-0.970504721462814,2.06203497404854,-1.76432173658505,1.67387994411281,-1.01437345641437,-0.154268249690235,-1.41804625580416,-0.497631149878808,0.61094445323668,1.26721856262258,1.82412481162289,-0.194471451982881,1.96700332860705,-1.29720217893076,-2.38630770546217,0.885168025870646,-1.62386918444837,1.41053906662123,-0.93955014333746,-1.42266592520481,-0.407301518612453,0.724942766757414,-1.98063900049056,-1.67363364771085,0.635408861135492,-0.297175606163364,2.34704812195821,-0.413168440467818,-0.418888300987966,0.830570433151305,-0.102024230617923,1.59692325166563,-0.589947465231715,-2.44837515864289,0.103178232646998,0.0602092946514645,0.17891232301524,-0.402882611900427,0.330670151871018,0.277626650721494,0.224583149571971,0.171539648422447,0.118496147272924,0.0654526461234006,0.0124091449738781,-0.040634356175647,-0.0936778573251704,-0.146721358474695,-0.199764859624217,-0.252808360773743,-0.305851861923264,-0.35889536307279,-0.411938864222314,-0.464982365371839,-0.518025866521359,-0.571069367670885,-0.624112868820408,-0.677156369969929,-0.677156369969929,-0.677156369969929,-0.677156369969929,-0.677156369969929,-0.677156369969929,-0.677156369969929,-0.677156369969929,-0.677156369969929,-0.677156369969929,-0.677156369969929,-0.677156369969929,-0.677156369969929,-0.677156369969929,-0.677156369969929,-0.677156369969929,-0.677156369969929,-0.677156369969929,-0.677156369969929,-0.677156369969929,-0.677156369969929,14.047158338773,10.1329360312523,6.93051635317887,4.37513493808126,2.40202741948806,0.94642943092788,-0.05642339407071,-0.671295421979117,-0.962951019268745,-0.99615455241103,-0.835670387877354,-0.546262892139151,-0.192696431667827,0.160264627065212,0.447855917588514,0.605313073430727,0.567871728120421,0.27076751518616,-0.350763931843495,-1.36148697943988,-1.36148697943988,-1.36148697943988,-1.36148697943988,-1.36148697943988,-1.36148697943988,-1.36148697943988,-1.36148697943988,-1.36148697943988,-1.36148697943988,-1.36148697943988,-1.36148697943988,-1.36148697943988,-1.36148697943988,-1.36148697943988,-1.36148697943988,-1.36148697943988,-1.36148697943988,-1.36148697943988,-1.36148697943988,-1.36148697943988,4.42415220811466,3.74007244006095,3.05599267200724,2.37191290395352,1.68783313589981,1.0037533678461,0.335422070860893,-0.239562976436244,-0.644617795221605,-0.860059637945803,-0.904113239831098,-0.797771406958883,-0.591450195177835,-0.379345151191878,-0.227916530679662,-0.129508923262579,-0.0566325980155558,-0.00347572513886085,0.0391322952704023,0.0856770920654419,0.0856770920654419,0.0856770920654419,0.0856770920654419,0.0856770920654419,0.0856770920654419,0.0856770920654419,0.0856770920654419,0.0856770920654419,0.0856770920654419,0.0856770920654419,0.0856770920654419,0.0856770920654419,0.0856770920654419,0.0856770920654419,0.0856770920654419,0.0856770920654419,0.0856770920654419,0.0856770920654419,0.0856770920654419,0.0856770920654419,1,1,1,1,1,1,1,1,1,1,1,1,1,1,1,1,1,1,1,1,1,1,1,1,1,1,1,1,1,1,1,1,1,1,1,1,1,1,1,1
0.860470995886474,0.241730338649928,0.614641794964285,0.924695941625203,-1.17238718969657,-2.7851102484622,1.12192575255223,2.47852442106085,3.93327885874419,-0.513575999114263,-0.65503821263736,0.443066657884074,-0.228598123072864,0.752230458530024,-0.969062003479939,1.00005076702208,2.60059597202978,-2.60065020245569,-0.602016964905292,0.676575761083543,2.82002683068967,-0.608590523282277,0.680566458056402,-1.65116614084393,-0.433108292400698,-2.04243774189813,1.05568261117856,0.0620505784507142,-0.486786562876139,0.680073594450782,-1.02849893296814,-0.839232320576363,-1.75077350613835,-1.1267432062773,0.0308874883534056,1.34817038148709,1.2009438348186,-0.498890300416598,0.765450777744688,-2.53703187473332,-0.842787285869727,-0.709217564786753,-0.575647843703779,-0.442078122620805,-0.30850840153783,-0.174938680454858,-0.0413689593718836,0.0922007617110907,0.225770482794065,0.359340203877037,0.492909924960012,0.626479646042984,0.76004936712596,0.893619088208935,1.02718880929191,1.16075853037488,1.29432825145786,1.42789797254083,1.5614676936238,1.69503741470677,1.69503741470677,1.69503741470677,1.69503741470677,1.69503741470677,1.69503741470677,1.69503741470677,1.69503741470677,1.69503741470677,1.69503741470677,1.69503741470677,1.69503741470677,1.69503741470677,1.69503741470677,1.69503741470677,1.69503741470677,1.69503741470677,1.69503741470677,1.69503741470677,1.69503741470677,1.69503741470677,-29.266019588773,-21.8535195945883,-15.6696470388884,-10.6098423652303,-6.56954601717092,-3.44419843826725,-1.12924007207635,0.479888637844805,1.48774724793922,1.99889531464993,2.1178923944199,1.94929804369211,1.59767181890959,1.16757327651541,0.763561972952459,0.490197464663773,0.452039308092372,0.753647059681244,1.49958027587345,2.79439851311193,2.79439851311193,2.79439851311193,2.79439851311193,2.79439851311193,2.79439851311193,2.79439851311193,2.79439851311193,2.79439851311193,2.79439851311193,2.79439851311193,2.79439851311193,2.79439851311193,2.79439851311193,2.79439851311193,2.79439851311193,2.79439851311193,2.79439851311193,2.79439851311193,2.79439851311193,2.79439851311193,-5.69605629548166,-4.85028848078752,-4.00452066609336,-3.1587528513992,-2.31298503670505,-1.46721722201089,-0.647271371478003,0.0290857622272291,0.488332611447364,0.773140588429312,0.961796822674938,1.08443072958564,1.16441349175939,1.25405907823989,1.36550728322882,1.46129526054676,1.54573077267741,1.65529470141523,1.7702036955624,1.85569247436218,1.85569247436218,1.85569247436218,1.85569247436218,1.85569247436218,1.85569247436218,1.85569247436218,1.85569247436218,1.85569247436218,1.85569247436218,1.85569247436218,1.85569247436218,1.85569247436218,1.85569247436218,1.85569247436218,1.85569247436218,1.85569247436218,1.85569247436218,1.85569247436218,1.85569247436218,1.85569247436218,1,1,1,1,1,1,1,1,1,1,1,1,1,1,1,1,1,1,1,1,1,1,1,1,1,1,1,1,1,1,1,1,1,1,1,1,1,1,1,1
-0.429015016815478,1.21856479620553,0.300993206318112,-0.411019864181607,-1.14174311400574,0.463023419854109,-2.85895689546833,0.636131070643771,1.81880027825981,-1.55755779490897,1.73692450465477,-2.68136239944554,0.303262274855733,2.56443511349283,1.14641442242798,-0.39119413939614,-0.534301618068604,2.43342338748016,0.838173363275537,-1.61245779117431,-1.15220658982998,-0.607074040345088,-0.390550026786745,-3.22554124890122,-0.788204949291394,0.803113838010667,-0.639781107846591,-0.887877708804867,-0.556989842254044,1.21343334927431,0.750412522411656,-1.92573283707606,-1.11195585527778,-1.10501338697907,0.318743019685074,-1.30766862840893,2.18523972298885,0.77151358306908,0.449547349226444,0.662189973945578,-2.27806252167727,-1.99085668076503,-1.70365083985278,-1.41644499894054,-1.12923915802829,-0.842033317116043,-0.554827476203796,-0.267621635291549,0.0195842056206956,0.306790046532941,0.593995887445187,0.881201728357434,1.16840756926968,1.45561341018193,1.74281925109417,2.03002509200642,2.31723093291866,2.60443677383091,2.89164261474316,3.1788484556554,3.1788484556554,3.1788484556554,3.1788484556554,3.1788484556554,3.1788484556554,3.1788484556554,3.1788484556554,3.1788484556554,3.1788484556554,3.1788484556554,3.1788484556554,3.1788484556554,3.1788484556554,3.1788484556554,3.1788484556554,3.1788484556554,3.1788484556554,3.1788484556554,3.1788484556554,3.1788484556554,-10.6855673715709,-8.70364798764714,-6.91633970288449,-5.31498182542866,-3.89091366342536,-2.6354745250203,-1.54000371835919,-0.595840551587729,0.205675667148359,0.873205629703378,1.41541002793161,1.84094955368736,2.15848489882492,2.37667675519855,2.50418581466258,2.54967276907127,2.52179831027893,2.42922313013986,2.28060792050833,2.08461337323862,2.08461337323862,2.08461337323862,2.08461337323862,2.08461337323862,2.08461337323862,2.08461337323862,2.08461337323862,2.08461337323862,2.08461337323862,2.08461337323862,2.08461337323862,2.08461337323862,2.08461337323862,2.08461337323862,2.08461337323862,2.08461337323862,2.08461337323862,2.08461337323862,2.08461337323862,2.08461337323862,-5.45095639829154,-4.73528869006499,-4.01962098183844,-3.3039532736119,-2.58828556538534,-1.87261785715879,-1.16228635511814,-0.483864291256628,0.13250542723639,0.66455144465476,1.10500577288842,1.46636314452695,1.76773157084182,2.01481568318018,2.20132154830313,2.32493937199494,2.39049951820071,2.40325037906243,2.37166045371251,2.31467047661113,2.31467047661113,2.31467047661113,2.31467047661113,2.31467047661113,2.31467047661113,2.31467047661113,2.31467047661113,2.31467047661113,2.31467047661113,2.31467047661113,2.31467047661113,2.31467047661113,2.31467047661113,2.31467047661113,2.31467047661113,2.31467047661113,2.31467047661113,2.31467047661113,2.31467047661113,2.31467047661113,1,1,1,1,1,1,1,1,1,1,1,1,1,1,1,1,1,1,1,1,1,1,1,1,1,1,1,1,1,1,1,1,1,1,1,1,1,1,1,1
0.191302545919241,0.990664565056454,-0.310453304072273,-0.421044164296045,1.03637260309266,-0.10569259883022,-0.112642479187548,-1.01247878377781,1.53722634022586,-1.40858008389361,1.48417579835477,1.29308136209803,-1.67652975234025,-1.28111823541225,0.527971819848005,2.89112203386516,-0.527012649425245,-1.12292043192591,-2.00865800387294,-0.627811691206611,0.13668281780879,1.71973468044777,2.01147014913598,-1.33704586546256,-2.05220303760947,-0.821045026799586,1.66076673933988,0.45672724301266,-3.28059297034513,-0.225253862743017,0.630047575256215,1.2648730392667,-0.745609330556489,0.678201429370404,1.29207623921206,-1.61803663491509,1.48087155563111,0.97021306912546,0.0262624487862837,2.06311619045917,0.180595416895121,0.158159499786422,0.135723582677721,0.113287665569022,0.0908517484603211,0.0684158313516203,0.0459799142429196,0.0235439971342188,0.00110808002551899,-0.0213278370831809,-0.0437637541918807,-0.0661996713005806,-0.0886355884092804,-0.11107150551798,-0.13350742262668,-0.15594333973538,-0.17837925684408,-0.200815173952783,-0.223251091061481,-0.245687008170183,-0.245687008170183,-0.245687008170183,-0.245687008170183,-0.245687008170183,-0.245687008170183,-0.245687008170183,-0.245687008170183,-0.245687008170183,-0.245687008170183,-0.245687008170183,-0.245687008170183,-0.245687008170183,-0.245687008170183,-0.245687008170183,-0.245687008170183,-0.245687008170183,-0.245687008170183,-0.245687008170183,-0.245687008170183,-0.245687008170183,-12.866224972616,-10.6946456705662,-8.65322082564695,-6.75286140370982,-5.00447837060642,-3.41898269218834,-2.00728533430716,-0.780297262814479,0.251070556438108,1.07590715759902,1.68330157481665,2.06234284223942,2.20211999401574,2.09172206429403,1.72023808722267,1.07675709695009,0.150368127624688,-1.06983978660512,-2.59477761159093,-4.43535631318432,-4.43535631318432,-4.43535631318432,-4.43535631318432,-4.43535631318432,-4.43535631318432,-4.43535631318432,-4.43535631318432,-4.43535631318432,-4.43535631318432,-4.43535631318432,-4.43535631318432,-4.43535631318432,-4.43535631318432,-4.43535631318432,-4.43535631318432,-4.43535631318432,-4.43535631318432,-4.43535631318432,-4.43535631318432,-4.43535631318432,-5.97604949290095,-5.23808213126465,-4.50011476962835,-3.76214740799204,-3.02418004635574,-2.28621268471943,-1.54136690198516,-0.764141531561734,0.0290394861623149,0.754706284283699,1.30394405367309,1.61125545260544,1.68167827227852,1.54621115898612,1.20684575481296,0.650056704841392,-0.0945894670458056,-0.943260996936802,-1.81313645657174,-2.67185609185579,-2.67185609185579,-2.67185609185579,-2.67185609185579,-2.67185609185579,-2.67185609185579,-2.67185609185579,-2.67185609185579,-2.67185609185579,-2.67185609185579,-2.67185609185579,-2.67185609185579,-2.67185609185579,-2.67185609185579,-2.67185609185579,-2.67185609185579,-2.67185609185579,-2.67185609185579,-2.67185609185579,-2.67185609185579,-2.67185609185579,1,1,1,1,1,1,1,1,1,1,1,1,1,1,1,1,1,1,1,1,1,1,1,1,1,1,1,1,1,1,1,1,1,1,1,1,1,1,1,1
-2.40903448202474,-0.197054739210052,-1.62362605454779,1.11939309030944,-1.23107498801405,-2.73199810483945,2.20896679032583,0.199819355457375,-1.87785218325387,-0.607912764867077,-0.166030432905107,1.09151456768834,2.16875043851498,-1.89228976681379,0.140690299707861,2.05861435919926,-1.42537436725752,-0.610431044979503,0.508452066877425,2.53916526222483,-1.73318123113718,0.871122850165541,-1.36352885898156,-0.0218439147413658,-0.231405788706853,-1.2293772354466,2.31047632647153,0.971659824419707,-0.841053244044293,-0.0343849125356712,1.94016532825361,-1.19456067697333,1.04686417558555,-0.6848918286013,0.00807254264622514,0.479754201835419,-0.238920016949352,-1.65357678625773,0.392450283820756,-0.451281145266423,-0.605032495099056,-0.403811100166231,-0.202589705233406,-0.00136831030058193,0.199853084632243,0.401074479565067,0.602295874497893,0.803517269430717,1.00473866436354,1.20596005929637,1.40718145422919,1.60840284916202,1.80962424409484,2.01084563902766,2.21206703396049,2.41328842889331,2.61450982382614,2.81573121875896,3.01695261369178,3.21817400862461,3.21817400862461,3.21817400862461,3.21817400862461,3.21817400862461,3.21817400862461,3.21817400862461,3.21817400862461,3.21817400862461,3.21817400862461,3.21817400862461,3.21817400862461,3.21817400862461,3.21817400862461,3.21817400862461,3.21817400862461,3.21817400862461,3.21817400862461,3.21817400862461,3.21817400862461,3.21817400862461,-20.2633107461082,-14.7016359946187,-10.1155023382118,-6.41567494454392,-3.51291898127182,-1.31799961605212,0.258317983458574,1.3052686496036,1.91208721472637,2.16800851117022,2.16226737127851,1.98409862739464,1.72273711186193,1.46741765702379,1.30737509522357,1.33184425880469,1.63005998011041,2.29125709148418,3.40467042526933,5.05953481380931,5.05953481380931,5.05953481380931,5.05953481380931,5.05953481380931,5.05953481380931,5.05953481380931,5.05953481380931,5.05953481380931,5.05953481380931,5.05953481380931,5.05953481380931,5.05953481380931,5.05953481380931,5.05953481380931,5.05953481380931,5.05953481380931,5.05953481380931,5.05953481380931,5.05953481380931,5.05953481380931,-5.12445772200973,-4.13415395807132,-3.14385019413285,-2.1535464301944,-1.16324266625597,-0.172938902317535,0.756143330083456,1.36839616659688,1.61535699064749,1.74309636805911,1.89812814700699,1.88427406155214,1.50948125283248,0.964208169793261,0.633291380701111,0.750862006683528,1.39801762294426,2.56977910860085,4.10854102821292,5.78348436275646,5.78348436275646,5.78348436275646,5.78348436275646,5.78348436275646,5.78348436275646,5.78348436275646,5.78348436275646,5.78348436275646,5.78348436275646,5.78348436275646,5.78348436275646,5.78348436275646,5.78348436275646,5.78348436275646,5.78348436275646,5.78348436275646,5.78348436275646,5.78348436275646,5.78348436275646,5.78348436275646,1,1,1,1,1,1,1,1,1,1,1,1,1,1,1,1,1,1,1,1,1,1,1,1,1,1,1,1,1,1,1,1,1,1,1,1,1,1,1,1
0.286188404639696,2.66110695507077,-0.963415911511783,-2.1949086036806,-1.53179400655966,-3.39614498607006,-2.2023957778129,1.87605550172834,-0.653797601094286,-0.776961428410337,-3.01125977334428,1.11178685807112,0.376254899487247,1.34626811204416,-0.515688137678795,-1.81509295312374,-0.41555540324817,-2.22846776205827,-0.533833560128944,2.24072294768156,1.95355746428428,1.10799699330436,0.161781271604879,0.341415573596977,-2.04570031847828,0.993193462438567,-1.21618385090593,-1.4160789852274,-0.595555534633815,-0.58706105526772,1.9640248017484,-1.25516766479648,1.45192654484451,-2.73528413002417,-0.212258030922147,0.184406090421849,0.131613100475279,1.17984777607393,1.46049228414847,-0.526606623986028,-3.03439627218713,-2.92072565143136,-2.80705503067559,-2.69338440991982,-2.57971378916406,-2.46604316840829,-2.35237254765252,-2.23870192689675,-2.12503130614099,-2.01136068538522,-1.89769006462945,-1.78401944387369,-1.67034882311792,-1.55667820236215,-1.44300758160638,-1.32933696085062,-1.21566634009486,-1.10199571933908,-0.988325098583315,-0.874654477827546,-0.874654477827546,-0.874654477827546,-0.874654477827546,-0.874654477827546,-0.874654477827546,-0.874654477827546,-0.874654477827546,-0.874654477827546,-0.874654477827546,-0.874654477827546,-0.874654477827546,-0.874654477827546,-0.874654477827546,-0.874654477827546,-0.874654477827546,-0.874654477827546,-0.874654477827546,-0.874654477827546,-0.874654477827546,-0.874654477827546,0.0865822267055272,-1.25028957836468,-2.21244172258062,-2.84294079456695,-3.18485338294832,-3.28124607634938,-3.17518546339477,-2.90973813270915,-2.52797067291715,-2.07294967264344,-1.58774172051266,-1.11541340514945,-0.699031315178468,-0.381662039224359,-0.206372165911773,-0.216228283865364,-0.454296981709769,-0.963644848069645,-1.78733847156964,-2.9684444408344,-2.9684444408344,-2.9684444408344,-2.9684444408344,-2.9684444408344,-2.9684444408344,-2.9684444408344,-2.9684444408344,-2.9684444408344,-2.9684444408344,-2.9684444408344,-2.9684444408344,-2.9684444408344,-2.9684444408344,-2.9684444408344,-2.9684444408344,-2.9684444408344,-2.9684444408344,-2.9684444408344,-2.9684444408344,-2.9684444408344,-4.40853641738813,-4.14059062713281,-3.87264483687748,-3.60469904662216,-3.33675325636684,-3.06880746611152,-2.80005202191735,-2.52866433760707,-2.26156162000294,-2.00892314518189,-1.77502796382677,-1.56253307722677,-1.3791507389076,-1.23340730728503,-1.12910644444555,-1.06806588498728,-1.05129905184337,-1.07228120398537,-1.11498958843056,-1.16424915015806,-1.16424915015806,-1.16424915015806,-1.16424915015806,-1.16424915015806,-1.16424915015806,-1.16424915015806,-1.16424915015806,-1.16424915015806,-1.16424915015806,-1.16424915015806,-1.16424915015806,-1.16424915015806,-1.16424915015806,-1.16424915015806,-1.16424915015806,-1.16424915015806,-1.16424915015806,-1.16424915015806,-1.16424915015806,-1.16424915015806,1,1,1,1,1,1,1,1,1,1,1,1,1,1,1,1,1,1,1,1,1,1,1,1,1,1,1,1,1,1,1,1,1,1,1,1,1,1,1,1
1.1321807475994,2.35754823809644,1.07609041530997,-0.126993681647579,0.130553314557972,0.030966322982958,0.817877935824955,0.00825468232371396,2.21137229408108,-0.892046998151797,1.1230768550508,-1.30365249579012,0.686331607702629,-2.06684724150477,0.087500094602893,1.48530932722376,-1.12696826533995,-1.47278143105708,-0.720674921036593,0.455434119957562,0.974127056905166,-0.400462822799096,1.20423360976508,1.27816137611401,-2.39538619010576,-0.0141259544157855,1.26436857695258,0.293516837936163,0.287716947254498,-1.02346208028472,0.0232480240526982,-0.361720228808432,0.352567121177991,0.704016747508186,1.37173131703873,0.727166238943248,-1.28959670781002,1.9686090532735,-1.11946381270568,-0.193597498520383,-0.858268005017178,-0.73266182998583,-0.607055654954479,-0.48144947992313,-0.35584330489178,-0.230237129860432,-0.104630954829081,0.0209752202022688,0.146581395233616,0.272187570264967,0.397793745296319,0.523399920327666,0.649006095359017,0.774612270390364,0.900218445421718,1.02582462045307,1.15143079548441,1.27703697051577,1.40264314554712,1.52824932057846,1.52824932057846,1.52824932057846,1.52824932057846,1.52824932057846,1.52824932057846,1.52824932057846,1.52824932057846,1.52824932057846,1.52824932057846,1.52824932057846,1.52824932057846,1.52824932057846,1.52824932057846,1.52824932057846,1.52824932057846,1.52824932057846,1.52824932057846,1.52824932057846,1.52824932057846,1.52824932057846,-28.0711214154279,-20.3199974571465,-13.9916272545075,-8.95310434333226,-5.07152225944208,-2.21397453865829,-0.247554716802177,0.96064367030494,1.54352708684176,1.63400199698697,1.36497486491925,0.86935215481734,0.28004033085986,-0.270054142774459,-0.648024801906946,-0.720965182358858,-0.355968819951549,0.579870749493628,2.21945999015546,4.69570536621261,4.69570536621261,4.69570536621261,4.69570536621261,4.69570536621261,4.69570536621261,4.69570536621261,4.69570536621261,4.69570536621261,4.69570536621261,4.69570536621261,4.69570536621261,4.69570536621261,4.69570536621261,4.69570536621261,4.69570536621261,4.69570536621261,4.69570536621261,4.69570536621261,4.69570536621261,4.69570536621261,-2.08819500756551,-1.79779514310355,-1.50739527864158,-1.21699541417961,-0.926595549717653,-0.636195685255684,-0.346801402009612,-0.0644167780410143,0.199787885410849,0.433245168503698,0.626804553790354,0.77857987370542,0.894949544034114,0.984890333677418,1.05262970473064,1.1001463242407,1.1344725592631,1.16450263284439,1.19300507627413,1.2193632924247,1.2193632924247,1.2193632924247,1.2193632924247,1.2193632924247,1.2193632924247,1.2193632924247,1.2193632924247,1.2193632924247,1.2193632924247,1.2193632924247,1.2193632924247,1.2193632924247,1.2193632924247,1.2193632924247,1.2193632924247,1.2193632924247,1.2193632924247,1.2193632924247,1.2193632924247,1.2193632924247,1,1,1,1,1,1,1,1,1,1,1,1,1,1,1,1,1,1,1,1,1,1,1,1,1,1,1,1,1,1,1,1,1,1,1,1,1,1,1,1
-0.520776016831181,1.51838967038278,-2.78222537851141,-1.50006491602651,3.4648648137685,-0.574624598213155,1.4399394515572,1.23907298104591,-2.20106431276989,-0.868544933951414,0.247486171075145,2.70027978450514,-1.82128468502887,-2.80212248237676,0.401429133624786,0.270401519881876,-1.01974715273274,1.57488184905765,3.12413868355803,-0.213129096152091,0.584667823123535,1.00894617748831,2.43762871656309,0.533266118622965,-1.54562843341622,-1.51895852077108,-0.412901611974149,-0.306174490326361,-0.779873611105128,1.91735029747741,-2.09248202785156,0.464103763769403,0.113707248675341,0.640271722686853,-2.61775906225475,1.64675664383831,-0.0720490692663915,-1.36674869176006,-0.67792252461363,0.116663295154805,0.295041363075585,0.229647222866247,0.164253082656909,0.0988589424475705,0.0334648022382318,-0.031929337971107,-0.097323478180444,-0.162717618389781,-0.22811175859912,-0.293505898808458,-0.358900039017797,-0.424294179227132,-0.489688319436469,-0.55508245964581,-0.620476599855147,-0.685870740064486,-0.751264880273821,-0.816659020483163,-0.8820531606925,-0.947447300901839,-0.947447300901839,-0.947447300901839,-0.947447300901839,-0.947447300901839,-0.947447300901839,-0.947447300901839,-0.947447300901839,-0.947447300901839,-0.947447300901839,-0.947447300901839,-0.947447300901839,-0.947447300901839,-0.947447300901839,-0.947447300901839,-0.947447300901839,-0.947447300901839,-0.947447300901839,-0.947447300901839,-0.947447300901839,-0.947447300901839,6.34458845838653,5.05137285392161,3.88690899870066,2.84843900835403,1.93320499851203,1.13844908480499,0.461413382863242,-0.100659991682894,-0.550528923203093,-0.890951296067014,-1.12468499464434,-1.25448790330477,-1.28311790641794,-1.21333288835352,-1.04789073348122,-0.789549326170691,-0.4410665507916,-0.00520029171364556,0.515291566693538,1.11765114006023,1.11765114006023,1.11765114006023,1.11765114006023,1.11765114006023,1.11765114006023,1.11765114006023,1.11765114006023,1.11765114006023,1.11765114006023,1.11765114006023,1.11765114006023,1.11765114006023,1.11765114006023,1.11765114006023,1.11765114006023,1.11765114006023,1.11765114006023,1.11765114006023,1.11765114006023,1.11765114006023,4.10353374261983,3.49162753407449,2.87972132552914,2.2678151169838,1.65590890843846,1.04400269989312,0.44275154769012,-0.0911295356739377,-0.488180765700914,-0.739267755658393,-0.916205618838417,-1.09502529511931,-1.27182431098291,-1.36750776852842,-1.29593122780127,-1.01935916464281,-0.563648112062902,0.000660541166892514,0.600879824282687,1.20064943999854,1.20064943999854,1.20064943999854,1.20064943999854,1.20064943999854,1.20064943999854,1.20064943999854,1.20064943999854,1.20064943999854,1.20064943999854,1.20064943999854,1.20064943999854,1.20064943999854,1.20064943999854,1.20064943999854,1.20064943999854,1.20064943999854,1.20064943999854,1.20064943999854,1.20064943999854,1.20064943999854,1,1,1,1,1,1,1,1,1,1,1,1,1,1,1,1,1,1,1,1,1,1,1,1,1,1,1,1,1,1,1,1,1,1,1,1,1,1,1,1
-1.53221610796802,-0.535984893491688,-2.476756492437,1.45599217938015,-0.333472570545874,0.462393549635139,0.880156170751852,-0.59118882599981,-0.0706010993145103,-2.33607724794784,1.50787580488721,-2.15061011330602,2.3434268784356,-0.556496416116209,1.46776264121157,1.94062924501192,0.180816937756429,0.203627584607581,1.1721408758969,-0.803337526525134,1.00851054785557,0.0936520260571854,-0.310414236153495,0.638993118517245,0.453282885818703,-0.389461002865962,1.9171841612806,2.36992003850957,2.36337766373543,0.0794235882506946,0.628985334365739,-0.736486442936354,-1.40717472820179,0.0140135029189317,3.58547299066936,1.87245681801801,-3.30078329072862,-0.352821134072899,0.685320025843305,-4.67516111886546,1.64345854905859,1.60835833786775,1.5732581266769,1.53815791548606,1.50305770429522,1.46795749310437,1.43285728191353,1.39775707072268,1.36265685953184,1.327556648341,1.29245643715015,1.25735622595931,1.22225601476846,1.18715580357762,1.15205559238677,1.11695538119593,1.08185517000509,1.04675495881424,1.0116547476234,0.976554536432552,0.976554536432552,0.976554536432552,0.976554536432552,0.976554536432552,0.976554536432552,0.976554536432552,0.976554536432552,0.976554536432552,0.976554536432552,0.976554536432552,0.976554536432552,0.976554536432552,0.976554536432552,0.976554536432552,0.976554536432552,0.976554536432552,0.976554536432552,0.976554536432552,0.976554536432552,0.976554536432552,41.7901218468717,31.1128388246482,22.2796600052295,15.132321674765,9.51256011940405,5.26211162529618,2.22271247859074,0.236098965437131,-0.855992628015217,-1.2118260156169,-0.989664911218528,-0.34777302867071,0.555585918176019,1.56214821547105,2.51365014936377,3.25182800600358,3.61841807153992,3.45515663212218,2.60377997389983,0.906024383022173,0.906024383022173,0.906024383022173,0.906024383022173,0.906024383022173,0.906024383022173,0.906024383022173,0.906024383022173,0.906024383022173,0.906024383022173,0.906024383022173,0.906024383022173,0.906024383022173,0.906024383022173,0.906024383022173,0.906024383022173,0.906024383022173,0.906024383022173,0.906024383022173,0.906024383022173,0.906024383022173,7.02393648723613,6.17460508973851,5.32527369224089,4.47594229474326,3.62661089724565,2.77727949974803,1.94463680094643,1.20825421398885,0.645254161642857,0.312702394509301,0.245214703249264,0.409541808296632,0.695654046434132,1.00062933142723,1.30083511192208,1.61647048893762,1.94765912680471,2.28425002728728,2.63727804701056,3.01384792142596,3.01384792142596,3.01384792142596,3.01384792142596,3.01384792142596,3.01384792142596,3.01384792142596,3.01384792142596,3.01384792142596,3.01384792142596,3.01384792142596,3.01384792142596,3.01384792142596,3.01384792142596,3.01384792142596,3.01384792142596,3.01384792142596,3.01384792142596,3.01384792142596,3.01384792142596,3.01384792142596,1,1,1,1,1,1,1,1,1,1,1,1,1,1,1,1,1,1,1,1,1,1,1,1,1,1,1,1,1,1,1,1,1,1,1,1,1,1,1,1
-0.294858309700028,-2.38471251022607,-0.81878865719055,-1.7562097021031,-0.706550795597181,2.43729766168973,0.753539432723985,0.0541315708419035,0.396376684087027,1.44411697532581,0.361121150496832,0.924351826159979,1.28865888471965,3.06713798508515,3.25426112406316,-0.973806000705894,-0.534964909113128,1.49538320935766,1.17783567772076,0.17386104354326,-0.13400088660892,-0.590831010017991,-1.33473961740102,-1.37844733554589,-0.280807321153285,-0.563691329800676,1.58041920714514,-0.109205927083552,0.00820584405044933,1.3521262890319,-0.0509057171871863,2.07653343675213,1.16846128447832,1.78118747218695,1.58066900691663,-1.77296029444775,0.894520038272361,-0.317912930598398,1.03228336724211,-1.53721881806659,-2.3809983768446,-2.08079717524659,-1.78059597364858,-1.48039477205057,-1.18019357045256,-0.879992368854545,-0.579791167256534,-0.279589965658523,0.020611235939489,0.320812437537501,0.621013639135514,0.921214840733526,1.22141604233154,1.52161724392955,1.82181844552756,2.12201964712557,2.42222084872358,2.7224220503216,3.0226232519196,3.32282445351762,3.32282445351762,3.32282445351762,3.32282445351762,3.32282445351762,3.32282445351762,3.32282445351762,3.32282445351762,3.32282445351762,3.32282445351762,3.32282445351762,3.32282445351762,3.32282445351762,3.32282445351762,3.32282445351762,3.32282445351762,3.32282445351762,3.32282445351762,3.32282445351762,3.32282445351762,3.32282445351762,-0.336979000303469,-0.887929952983308,-1.23434558702443,-1.39838718195356,-1.40221601729743,-1.26799337258277,-1.01788052733631,-0.674038761084768,-0.258629353354884,0.206186416326604,0.698247268432965,1.19539192343752,1.67545910181346,2.1162875240341,2.49571591057274,2.79158298190257,2.98172745849693,3.0439880608291,2.95620350937225,2.69621252459975,2.69621252459975,2.69621252459975,2.69621252459975,2.69621252459975,2.69621252459975,2.69621252459975,2.69621252459975,2.69621252459975,2.69621252459975,2.69621252459975,2.69621252459975,2.69621252459975,2.69621252459975,2.69621252459975,2.69621252459975,2.69621252459975,2.69621252459975,2.69621252459975,2.69621252459975,2.69621252459975,0.551880664143576,0.376349884989934,0.200819105836302,0.0252883266826598,-0.150242452470969,-0.325773231624601,-0.498403382348972,-0.632723306065884,-0.616821098634517,-0.379181333490049,0.0640635874256468,0.701711127167812,1.48410556336947,2.21386468599378,2.68191553378227,2.87683055174053,2.92701445390171,2.92731458942244,2.91339833362432,2.90078448126514,2.90078448126514,2.90078448126514,2.90078448126514,2.90078448126514,2.90078448126514,2.90078448126514,2.90078448126514,2.90078448126514,2.90078448126514,2.90078448126514,2.90078448126514,2.90078448126514,2.90078448126514,2.90078448126514,2.90078448126514,2.90078448126514,2.90078448126514,2.90078448126514,2.90078448126514,2.90078448126514,1,1,1,1,1,1,1,1,1,1,1,1,1,0,1,1,1,1,1,1,1,1,1,1,1,1,1,1,1,1,1,1,1,1,1,1,1,1,1,1
0.167839636769447,-2.53301013705741,-4.20338598357551,-0.607441690026332,0.307830182692874,-0.705492336699416,-2.40491776476709,-1.95006125138544,-1.82450926630318,0.0817755606168138,-0.551580070537193,1.10004291546685,-0.643388886950062,-1.72065907472718,-1.31942426782368,2.490788820592,0.643492897285171,2.42730070285337,0.302737457488181,-0.460699432551491,1.97030361624681,-0.479360141505536,2.46980341108311,2.11637992836944,1.1013860984329,-2.20776439948276,1.47884899670437,-0.101061223678716,-1.1501202158268,1.64839804348218,-0.271619579902506,-0.312177044382988,-0.39178372913387,-1.51526426273068,-0.557109269726668,0.173153047250059,0.290648395869455,-0.996350379169645,0.127664426029444,-2.53549746233161,-2.75228624463239,-2.59104404398372,-2.42980184333505,-2.26855964268637,-2.1073174420377,-1.94607524138903,-1.78483304074035,-1.62359084009168,-1.46234863944301,-1.30110643879433,-1.13986423814566,-0.978622037496988,-0.817379836848316,-0.656137636199643,-0.494895435550969,-0.333653234902297,-0.172411034253624,-0.01116883360495,0.150073367043722,0.311315567692395,0.311315567692395,0.311315567692395,0.311315567692395,0.311315567692395,0.311315567692395,0.311315567692395,0.311315567692395,0.311315567692395,0.311315567692395,0.311315567692395,0.311315567692395,0.311315567692395,0.311315567692395,0.311315567692395,0.311315567692395,0.311315567692395,0.311315567692395,0.311315567692395,0.311315567692395,0.311315567692395,-5.54688746819249,-4.67664183553345,-3.92393574929078,-3.27914873830547,-2.73266033141849,-2.27485005747083,-1.89609744530346,-1.58678202375735,-1.3372833216735,-1.13798086789289,-0.979254191256471,-0.851482820605236,-0.745046284780182,-0.650324112622259,-0.557695832972476,-0.457540974671794,-0.340239066561177,-0.196169637481622,-0.0157122162741175,0.210753668220368,0.210753668220368,0.210753668220368,0.210753668220368,0.210753668220368,0.210753668220368,0.210753668220368,0.210753668220368,0.210753668220368,0.210753668220368,0.210753668220368,0.210753668220368,0.210753668220368,0.210753668220368,0.210753668220368,0.210753668220368,0.210753668220368,0.210753668220368,0.210753668220368,0.210753668220368,0.210753668220368,0.276263094440607,0.0411735863048817,-0.193915921830835,-0.429005429966552,-0.664094938102273,-0.899184446237991,-1.13243996082578,-1.35264423693102,-1.53895437212566,-1.67132107375686,-1.73401001377634,-1.70735508434374,-1.5711553535853,-1.32512124703903,-0.99296411499639,-0.597028293260578,-0.142693652321414,0.363276119698996,0.89737512049183,1.43687132309582,1.43687132309582,1.43687132309582,1.43687132309582,1.43687132309582,1.43687132309582,1.43687132309582,1.43687132309582,1.43687132309582,1.43687132309582,1.43687132309582,1.43687132309582,1.43687132309582,1.43687132309582,1.43687132309582,1.43687132309582,1.43687132309582,1.43687132309582,1.43687132309582,1.43687132309582,1.43687132309582,1,1,1,1,1,1,1,1,1,1,1,1,1,1,1,1,1,1,1,1,1,1,1,1,1,1,1,1,1,1,1,1,1,1,1,1,1,1,1,1
1.06341169671531,-0.917419412111321,0.354938382072295,-0.133278252102802,2.27075427081312,2.88493233152713,1.84610337787692,-0.292177598300899,-1.08735688670946,-0.632830534092749,-1.90613435623233,0.502096502663596,-2.46064749868825,1.828527711175,-0.0619460076572338,-0.97069907398931,-1.65859183268197,0.909335658973639,-1.52785407478887,1.60898589160116,0.35654320102693,1.39828495494525,0.043328811883681,0.49825266669724,2.03281389471154,-0.571924680215915,-0.570130263301131,-2.6811513758183,1.26902329507126,-0.746028274318174,0.9111984763148,0.0270922835201279,-0.138668416167686,-1.52254106357169,-2.93406173642733,-3.01108976399554,-0.143038856369813,-1.7983724901843,2.2866794350995,-1.39623390887978,1.3031162124277,1.21726784312037,1.13141947381304,1.04557110450572,0.95972273519839,0.873874365891064,0.788025996583738,0.702177627276411,0.616329257969083,0.530480888661756,0.44463251935443,0.358784150047104,0.272935780739777,0.187087411432449,0.101239042125123,0.0153906728177979,-0.0704576964895285,-0.156306065796857,-0.242154435104183,-0.32800280441151,-0.32800280441151,-0.32800280441151,-0.32800280441151,-0.32800280441151,-0.32800280441151,-0.32800280441151,-0.32800280441151,-0.32800280441151,-0.32800280441151,-0.32800280441151,-0.32800280441151,-0.32800280441151,-0.32800280441151,-0.32800280441151,-0.32800280441151,-0.32800280441151,-0.32800280441151,-0.32800280441151,-0.32800280441151,-0.32800280441151,8.13121267944096,6.8657121204242,5.67533561662143,4.56537135300699,3.54110751455523,2.60783228624047,1.77083385303706,1.03540039991931,0.406820111861585,-0.109618826161803,-0.508628229176503,-0.784919912208192,-0.933205690282525,-0.948197378425183,-0.824606791661802,-0.557145745018072,-0.140526053519642,0.430540467807793,1.16134200393862,2.05716673984712,2.05716673984712,2.05716673984712,2.05716673984712,2.05716673984712,2.05716673984712,2.05716673984712,2.05716673984712,2.05716673984712,2.05716673984712,2.05716673984712,2.05716673984712,2.05716673984712,2.05716673984712,2.05716673984712,2.05716673984712,2.05716673984712,2.05716673984712,2.05716673984712,2.05716673984712,2.05716673984712,3.19620329899919,2.85137886112928,2.50655442325937,2.16172998538947,1.81690554751956,1.47208110964965,1.12909426622278,0.799569543577412,0.505233910749601,0.260959594756825,0.0667297220035152,-0.07889603602497,-0.170976482835657,-0.206218986597019,-0.186553952188879,-0.116338752225314,-0.0056970017893434,0.127995726552713,0.269087464476458,0.410766292211656,0.410766292211656,0.410766292211656,0.410766292211656,0.410766292211656,0.410766292211656,0.410766292211656,0.410766292211656,0.410766292211656,0.410766292211656,0.410766292211656,0.410766292211656,0.410766292211656,0.410766292211656,0.410766292211656,0.410766292211656,0.410766292211656,0.410766292211656,0.410766292211656,0.410766292211656,0.410766292211656,1,1,1,1,1,1,1,1,1,1,1,1,1,1,1,1,1,1,1,1,1,1,1,1,1,1,1,1,1,1,1,1,1,1,1,1,1,1,1,1
1.21950708800927,-1.7737278732895,-0.761614871761243,-0.193234351611439,2.23782767211048,2.95838376843376,-0.38325980274267,0.922151165935771,0.26015793356,-0.105822475296343,0.728248924230382,-1.7085377761753,-0.612824434938418,0.579195269164893,-0.685529816932073,-0.689342723391865,1.15313868849661,0.386654944281728,-0.45459177906829,1.35234761003552,1.24613790623652,1.48495000093182,-0.0329848030564648,-0.826809857976873,-0.828480770696491,0.634146225991497,0.0129488991724624,0.384565961671065,1.05114048570307,0.3562835872145,-1.3919109410371,0.56306806061507,0.911851709253312,-0.37443027470882,-1.04500295720885,0.475360679839822,-1.06285986267311,-2.2696643105921,1.93847560752731,1.53953849138948,-2.99621757523185,-2.70735578445748,-2.41849399368311,-2.12963220290874,-1.84077041213438,-1.55190862136001,-1.26304683058564,-0.974185039811276,-0.685323249036907,-0.396461458262541,-0.107599667488174,0.181262123286194,0.470123914060562,0.758985704834929,1.04784749560929,1.33670928638366,1.62557107715803,1.9144328679324,2.20329465870677,2.49215644948113,2.49215644948113,2.49215644948113,2.49215644948113,2.49215644948113,2.49215644948113,2.49215644948113,2.49215644948113,2.49215644948113,2.49215644948113,2.49215644948113,2.49215644948113,2.49215644948113,2.49215644948113,2.49215644948113,2.49215644948113,2.49215644948113,2.49215644948113,2.49215644948113,2.49215644948113,2.49215644948113,17.6912659324826,13.4022731183128,9.73022710283155,6.63755008132596,4.086664249083,2.03999180138971,0.459954933533115,-0.691024159199778,-1.45052328152195,-1.8561202381464,-1.94539283378608,-1.75591887315397,-1.32527616096307,-0.69104250192634,0.109204299243213,1.03788643783262,2.05742610912892,3.13024550841908,4.21876683099019,5.28541227212919,5.28541227212919,5.28541227212919,5.28541227212919,5.28541227212919,5.28541227212919,5.28541227212919,5.28541227212919,5.28541227212919,5.28541227212919,5.28541227212919,5.28541227212919,5.28541227212919,5.28541227212919,5.28541227212919,5.28541227212919,5.28541227212919,5.28541227212919,5.28541227212919,5.28541227212919,5.28541227212919,2.32298062304334,1.90418621034785,1.48539179765237,1.06659738495688,0.647802972261399,0.229008559565915,-0.182805508925281,-0.556327032245327,-0.866944710994517,-1.08551092333681,-1.16148785998892,-1.0496398798724,-0.738786925541476,-0.250239916404897,0.376235083441351,1.10312607404261,1.91253667573123,2.79165821157752,3.71041669816241,4.63817583282741,4.63817583282741,4.63817583282741,4.63817583282741,4.63817583282741,4.63817583282741,4.63817583282741,4.63817583282741,4.63817583282741,4.63817583282741,4.63817583282741,4.63817583282741,4.63817583282741,4.63817583282741,4.63817583282741,4.63817583282741,4.63817583282741,4.63817583282741,4.63817583282741,4.63817583282741,4.63817583282741,1,1,1,1,1,1,1,1,1,1,1,1,1,1,1,1,1,1,1,1,1,1,1,1,1,1,1,1,1,1,1,1,1,1,1,1,1,1,1,1
0.655560303652052,-0.68481265299827,-0.994302670012388,-0.811467088277633,2.41089367003256,-2.49415041153206,-0.0120196408057911,-0.288560542320612,-1.69716813005104,0.0545514652231596,-1.25934607693973,-1.42491973462736,-1.45477769785173,-2.8494979858862,-3.11797244978833,-0.0401751098899865,0.669805506447128,0.0726435123266693,-0.385355855357398,0.485995008896193,-0.389535333105741,-1.21019382801538,1.44340475256276,1.73541868399585,-0.765323586877953,1.47463998888672,-2.2548254209602,1.10430445030712,0.140419261441684,-1.94218154753622,0.968908652047677,-0.383870149920924,-0.836013930133234,0.87996115996177,1.47755301516836,0.649437907265437,-0.283235931915684,-0.765035825255422,-0.604922849572258,-0.143836676890613,-2.78104822832458,-2.64918219320663,-2.51731615808869,-2.38545012297074,-2.2535840878528,-2.12171805273485,-1.98985201761691,-1.85798598249896,-1.72611994738102,-1.59425391226307,-1.46238787714513,-1.33052184202719,-1.19865580690924,-1.0667897717913,-0.934923736673351,-0.803057701555407,-0.671191666437462,-0.539325631319519,-0.407459596201571,-0.275593561083628,-0.275593561083628,-0.275593561083628,-0.275593561083628,-0.275593561083628,-0.275593561083628,-0.275593561083628,-0.275593561083628,-0.275593561083628,-0.275593561083628,-0.275593561083628,-0.275593561083628,-0.275593561083628,-0.275593561083628,-0.275593561083628,-0.275593561083628,-0.275593561083628,-0.275593561083628,-0.275593561083628,-0.275593561083628,-0.275593561083628,-21.6071684296132,-16.2723501079772,-11.8952991894132,-8.38765071751302,-5.66103973586821,-3.62710128807046,-2.1974704177114,-1.2837821683827,-0.797671583675998,-0.650773707182953,-0.754723582495224,-1.02115625320446,-1.36170676290229,-1.68801015518041,-1.91170147363043,-1.94441576184402,-1.69778806341285,-1.08345342192854,-0.0130468809827438,1.60179651583289,1.60179651583289,1.60179651583289,1.60179651583289,1.60179651583289,1.60179651583289,1.60179651583289,1.60179651583289,1.60179651583289,1.60179651583289,1.60179651583289,1.60179651583289,1.60179651583289,1.60179651583289,1.60179651583289,1.60179651583289,1.60179651583289,1.60179651583289,1.60179651583289,1.60179651583289,1.60179651583289,-4.04860933221474,-3.71506052966345,-3.38151172711217,-3.04796292456089,-2.71441412200961,-2.38086531945833,-2.05010875243061,-1.73449466702424,-1.44929913618992,-1.24025794763563,-1.17110041528322,-1.24720991253171,-1.3880917332596,-1.48639155324228,-1.46281340749962,-1.27978386524435,-0.946094294859259,-0.505619636706523,-0.00510985195268354,0.521502998701211,0.521502998701211,0.521502998701211,0.521502998701211,0.521502998701211,0.521502998701211,0.521502998701211,0.521502998701211,0.521502998701211,0.521502998701211,0.521502998701211,0.521502998701211,0.521502998701211,0.521502998701211,0.521502998701211,0.521502998701211,0.521502998701211,0.521502998701211,0.521502998701211,0.521502998701211,0.521502998701211,1,1,1,1,1,1,1,1,1,1,1,1,1,1,1,1,1,1,1,1,1,1,1,1,1,1,1,1,1,1,1,1,1,1,1,1,1,1,1,1
0.770772913832263,2.24549383145347,1.77431710832941,-1.11455734365499,0.678281063514687,1.85298807721511,1.7753634507589,-4.57648142103219,2.44323999906889,-0.432793865983124,-0.00605656934616938,-1.4495881376613,-1.83442618754428,-0.767789626032474,1.03327090283162,0.887473341540785,0.0238796554123333,0.135470262339238,1.91753044487845,-0.541729995997626,-0.651849516292256,0.513549059432481,0.806332902717122,0.538133121181747,2.40668440822981,-1.92876966221821,2.46736855504665,-0.484630827661295,-0.680818543834254,-0.229362814813088,-0.687320943763728,-0.707602552689726,-0.966750494483104,1.48863456924525,-0.353447178613642,2.05472893972339,0.00749044169805657,1.65249063135982,1.15373026241399,-0.791368962281956,0.949441115782697,0.782218367606598,0.614995619430496,0.447772871254394,0.280550123078293,0.113327374902191,-0.0538953732739103,-0.221118121450012,-0.388340869626113,-0.555563617802214,-0.722786365978315,-0.890009114154418,-1.05723186233052,-1.22445461050662,-1.39167735868272,-1.55890010685882,-1.72612285503492,-1.89334560321102,-2.06056835138713,-2.22779109956323,-2.22779109956323,-2.22779109956323,-2.22779109956323,-2.22779109956323,-2.22779109956323,-2.22779109956323,-2.22779109956323,-2.22779109956323,-2.22779109956323,-2.22779109956323,-2.22779109956323,-2.22779109956323,-2.22779109956323,-2.22779109956323,-2.22779109956323,-2.22779109956323,-2.22779109956323,-2.22779109956323,-2.22779109956323,-2.22779109956323,6.68515341685967,5.33498437932434,4.11746084433134,3.02829761262259,2.06320948494003,1.21791126202559,0.48811774462119,-0.130456266531226,-0.642095970689736,-1.05108656711237,-1.36171325505726,-1.57826123378239,-1.70501570254593,-1.74626186060587,-1.70628490722032,-1.5893700416473,-1.39980246314493,-1.14186737097126,-0.819849964384328,-0.438035442642233,-0.438035442642233,-0.438035442642233,-0.438035442642233,-0.438035442642233,-0.438035442642233,-0.438035442642233,-0.438035442642233,-0.438035442642233,-0.438035442642233,-0.438035442642233,-0.438035442642233,-0.438035442642233,-0.438035442642233,-0.438035442642233,-0.438035442642233,-0.438035442642233,-0.438035442642233,-0.438035442642233,-0.438035442642233,-0.438035442642233,5.84973933495033,4.96780256271393,4.08586579047753,3.20392901824111,2.32199224600471,1.44005547376831,0.571452973060508,-0.212922998032829,-0.826413504923726,-1.25100749030864,-1.53701495503552,-1.71386741600743,-1.7683725353302,-1.70577206156159,-1.56579182588761,-1.39365083512606,-1.23231628571883,-1.10545425974697,-0.994368055317839,-0.873995034009585,-0.873995034009585,-0.873995034009585,-0.873995034009585,-0.873995034009585,-0.873995034009585,-0.873995034009585,-0.873995034009585,-0.873995034009585,-0.873995034009585,-0.873995034009585,-0.873995034009585,-0.873995034009585,-0.873995034009585,-0.873995034009585,-0.873995034009585,-0.873995034009585,-0.873995034009585,-0.873995034009585,-0.873995034009585,-0.873995034009585,1,1,1,1,1,1,1,1,1,1,1,1,1,1,1,1,1,1,1,1,1,1,1,1,1,1,1,1,1,1,1,1,1,1,1,1,1,1,1,1
-1.33765043364904,-1.8423371621689,-0.570163606050865,-0.963089041238354,-0.741255476131414,-1.38444240480249,-1.54143345708001,-0.891588216154869,2.07605122223154,0.280060621223811,0.2947384010427,2.83436975182557,1.34721622280021,-1.36714447554199,0.204017603598777,-0.22076471091507,-0.725950172861738,-2.07021135655641,-1.91296339781893,-0.868887845064078,-0.271560289852658,-0.397853449544504,1.58084452416427,0.0878106983939269,-0.0686708491045618,2.16959626358277,0.904570906821231,0.433817621700841,-0.0591316708256606,1.10933168498291,1.94444203377495,1.42331135989916,1.40215669147441,0.111504052722614,2.21123693223386,-3.10207339730967,-0.0983455225912522,-1.12265403065732,-3.16598267764707,0.430013030832603,-0.0295817305032573,-0.0141675755768098,0.00124657934963768,0.0166607342760869,0.0320748892025353,0.0474890441289819,0.0629031990554303,0.0783173539818769,0.0937315089083253,0.109145663834772,0.124559818761222,0.139973973687669,0.155388128614115,0.170802283540565,0.186216438467012,0.20163059339346,0.217044748319907,0.232458903246355,0.247873058172804,0.263287213099252,0.263287213099252,0.263287213099252,0.263287213099252,0.263287213099252,0.263287213099252,0.263287213099252,0.263287213099252,0.263287213099252,0.263287213099252,0.263287213099252,0.263287213099252,0.263287213099252,0.263287213099252,0.263287213099252,0.263287213099252,0.263287213099252,0.263287213099252,0.263287213099252,0.263287213099252,0.263287213099252,-47.1768577230248,-35.3574063113486,-25.4672764729177,-17.3489026126345,-10.8447191354009,-5.79716044611923,-2.04866094969168,0.558344948979622,2.18142284499246,2.97813833344468,3.1060570094341,2.72274446805858,1.98576630441587,1.05268811360383,0.0810754907203233,-0.771505969136905,-1.34749067086999,-1.48931301938108,-1.03940741957243,0.15979172365383,0.15979172365383,0.15979172365383,0.15979172365383,0.15979172365383,0.15979172365383,0.15979172365383,0.15979172365383,0.15979172365383,0.15979172365383,0.15979172365383,0.15979172365383,0.15979172365383,0.15979172365383,0.15979172365383,0.15979172365383,0.15979172365383,0.15979172365383,0.15979172365383,0.15979172365383,0.15979172365383,-14.9872969337576,-12.8239514404825,-10.6606059472074,-8.49726045393237,-6.3339149606573,-4.17056946738225,-2.028222120849,-0.047512530940601,1.48238086146852,2.34846259125692,2.5792764600934,2.32904909715649,1.75663692295048,1.05434759393072,0.414175479702484,-0.0909161736875976,-0.49068617120607,-0.796413967141063,-0.98742669104084,-1.09114567513095,-1.09114567513095,-1.09114567513095,-1.09114567513095,-1.09114567513095,-1.09114567513095,-1.09114567513095,-1.09114567513095,-1.09114567513095,-1.09114567513095,-1.09114567513095,-1.09114567513095,-1.09114567513095,-1.09114567513095,-1.09114567513095,-1.09114567513095,-1.09114567513095,-1.09114567513095,-1.09114567513095,-1.09114567513095,-1.09114567513095,1,1,1,1,1,1,1,1,1,1,0,0,1,1,1,1,1,1,1,1,1,1,1,1,1,1,1,1,1,1,1,1,1,1,1,1,1,1,1,1
2.14635405459157,1.19654006159903,0.443839390333019,0.186641746167668,0.747651265937718,-1.52163159774861,1.61770703877143,-0.979365476186938,1.43191589734205,3.56160235701901,-0.554676975999179,-1.19138904868443,0.231146689935294,-2.18574008773694,-0.54546121703302,1.90973055031612,3.04222421586837,-1.18668061650064,0.426019960706338,-0.77182749660547,-2.0606794598643,2.14070247513497,0.905421795843468,-1.53464978725724,0.227122507752691,1.15040568873019,-1.48546772617589,-0.71505560083944,2.50365440205218,-0.0253777253102303,-0.554612873415442,2.12507130246401,3.15090017448153,1.2675599770206,-1.46894785171596,-0.276411846105983,-0.221604473954118,1.56865024501568,2.89405764371199,0.985930248005925,-0.908821489778434,-0.885495641290002,-0.862169792801567,-0.838843944313136,-0.815518095824703,-0.79219224733627,-0.768866398847837,-0.745540550359403,-0.722214701870969,-0.698888853382535,-0.675563004894103,-0.65223715640567,-0.628911307917237,-0.605585459428804,-0.582259610940371,-0.558933762451938,-0.535607913963505,-0.512282065475071,-0.488956216986637,-0.465630368498205,-0.465630368498205,-0.465630368498205,-0.465630368498205,-0.465630368498205,-0.465630368498205,-0.465630368498205,-0.465630368498205,-0.465630368498205,-0.465630368498205,-0.465630368498205,-0.465630368498205,-0.465630368498205,-0.465630368498205,-0.465630368498205,-0.465630368498205,-0.465630368498205,-0.465630368498205,-0.465630368498205,-0.465630368498205,-0.465630368498205,-7.20688521284922,-5.97756527197462,-4.86915112407778,-3.87890983659886,-3.004108476978,-2.24201411265534,-1.58989381107103,-1.04501463966522,-0.604643665878048,-0.266047957149659,-0.0264945809202075,0.116749395370151,0.1664169042813,0.125240878373081,-0.00404574979466155,-0.218710047662066,-0.516019082669283,-0.893239922256456,-1.34763963386371,-1.87648528493122,-1.87648528493122,-1.87648528493122,-1.87648528493122,-1.87648528493122,-1.87648528493122,-1.87648528493122,-1.87648528493122,-1.87648528493122,-1.87648528493122,-1.87648528493122,-1.87648528493122,-1.87648528493122,-1.87648528493122,-1.87648528493122,-1.87648528493122,-1.87648528493122,-1.87648528493122,-1.87648528493122,-1.87648528493122,-1.87648528493122,-3.90876261762197,-3.52726015993759,-3.14575770225323,-2.76425524456887,-2.3827527868845,-2.00125032920013,-1.62109062473825,-1.24660574302283,-0.874131923774016,-0.499091159745257,-0.121288251142317,0.242873976296409,0.523662846208659,0.612319780465532,0.453586934541228,0.0872688392999006,-0.411551378281741,-0.974259697944825,-1.53536704666901,-2.06609755789387,-2.06609755789387,-2.06609755789387,-2.06609755789387,-2.06609755789387,-2.06609755789387,-2.06609755789387,-2.06609755789387,-2.06609755789387,-2.06609755789387,-2.06609755789387,-2.06609755789387,-2.06609755789387,-2.06609755789387,-2.06609755789387,-2.06609755789387,-2.06609755789387,-2.06609755789387,-2.06609755789387,-2.06609755789387,-2.06609755789387,1,1,1,1,1,1,1,1,1,1,1,1,1,1,1,1,1,1,1,1,1,1,1,1,1,1,1,1,1,1,1,1,1,1,1,1,1,1,1,1
0.0468373926632015,0.715423056042813,0.505785421745845,0.496330954201539,0.478924858506169,0.796441610374119,0.712846939666474,-0.719554257330165,1.05141339031419,1.24453143890462,1.40341381160552,0.785426103130629,-0.584311806182622,0.758005192672528,-0.866798613838846,-0.41018695825284,2.40263760064254,-0.764972206329086,-2.14290822381856,-1.66736751410153,0.158790251755368,-0.583628720034596,-1.10632354849273,0.695662282029232,0.526813193646149,0.165580882029795,1.03639875023419,-1.60240206225022,1.33982383633146,-0.904397899324753,-0.751629562490431,-2.28208483130079,-1.8174274185576,2.44395577203464,-1.2201687055772,0.934998361084272,-0.911332219634547,0.487223038610718,-0.737288916517093,-0.0895831257481365,3.73223602818424,3.37430896651576,3.01638190484727,2.65845484317878,2.30052778151029,1.94260071984181,1.58467365817332,1.22674659650483,0.868819534836344,0.510892473167857,0.152965411499368,-0.204961650169119,-0.562888711837608,-0.920815773506094,-1.27874283517458,-1.63666989684307,-1.99459695851156,-2.35252402018005,-2.71045108184853,-3.06837814351702,-3.06837814351702,-3.06837814351702,-3.06837814351702,-3.06837814351702,-3.06837814351702,-3.06837814351702,-3.06837814351702,-3.06837814351702,-3.06837814351702,-3.06837814351702,-3.06837814351702,-3.06837814351702,-3.06837814351702,-3.06837814351702,-3.06837814351702,-3.06837814351702,-3.06837814351702,-3.06837814351702,-3.06837814351702,-3.06837814351702,8.99758833449636,7.18130978514686,5.62628987555792,4.30951846170066,3.20798539954623,2.29868054506574,1.55859375423035,0.964714883011168,0.494033787379337,0.123540323305992,-0.169775653237732,-0.408924286280715,-0.616915719851825,-0.81676009797992,-1.03146756469386,-1.28404826402253,-1.59751233999478,-1.9948699366395,-2.49913119798553,-3.13330626806176,-3.13330626806176,-3.13330626806176,-3.13330626806176,-3.13330626806176,-3.13330626806176,-3.13330626806176,-3.13330626806176,-3.13330626806176,-3.13330626806176,-3.13330626806176,-3.13330626806176,-3.13330626806176,-3.13330626806176,-3.13330626806176,-3.13330626806176,-3.13330626806176,-3.13330626806176,-3.13330626806176,-3.13330626806176,-3.13330626806176,4.42616907439862,3.96870895361665,3.51124883283467,3.05378871205269,2.59632859127071,2.13886847048873,1.67888659906554,1.21113765988777,0.757542756179994,0.341691587777683,-0.0403987419247684,-0.40243671261779,-0.751900094396388,-1.09414604650853,-1.42083660426452,-1.70299047054517,-1.92030685990304,-2.08294715207003,-2.21422142253613,-2.33231669245727,-2.33231669245727,-2.33231669245727,-2.33231669245727,-2.33231669245727,-2.33231669245727,-2.33231669245727,-2.33231669245727,-2.33231669245727,-2.33231669245727,-2.33231669245727,-2.33231669245727,-2.33231669245727,-2.33231669245727,-2.33231669245727,-2.33231669245727,-2.33231669245727,-2.33231669245727,-2.33231669245727,-2.33231669245727,-2.33231669245727,1,1,1,1,1,1,1,1,1,1,1,1,1,1,1,1,1,1,1,1,1,1,1,1,1,1,1,1,1,1,1,1,1,1,1,1,1,1,1,1
-0.434612727944389,-3.08755017062137,1.72678793799579,-0.634069248294184,-2.57404092242736,-1.55950993119016,0.264275362236976,0.192284730562136,1.70834626473367,-0.359059937557836,0.749372125420818,1.04388731344148,0.734972378992047,-1.58048590332004,-1.25625704935069,1.28084623919831,-1.00867171671374,-1.60571469328742,-3.8523369680644,-0.594784497423905,2.3486310725192,1.10245163072994,-1.32216227842531,1.32426111583668,1.6810389851973,0.64481199575355,-0.732863139610449,-0.156598049384559,-0.367479352171381,0.382506895554213,-0.21202945757711,2.78850524976618,-1.18537425533795,-1.51028646275044,2.03989238842176,1.45217179545327,-0.82056191361233,-1.20410183012696,-0.0767481490348754,0.415568421786878,0.97843817246776,0.965030850496778,0.951623528525797,0.938216206554816,0.924808884583833,0.911401562612852,0.897994240641871,0.884586918670889,0.871179596699909,0.857772274728928,0.84436495275795,0.830957630786967,0.817550308815987,0.804142986845006,0.790735664874024,0.777328342903042,0.763921020932065,0.750513698961077,0.7371063769901,0.72369905501912,0.72369905501912,0.72369905501912,0.72369905501912,0.72369905501912,0.72369905501912,0.72369905501912,0.72369905501912,0.72369905501912,0.72369905501912,0.72369905501912,0.72369905501912,0.72369905501912,0.72369905501912,0.72369905501912,0.72369905501912,0.72369905501912,0.72369905501912,0.72369905501912,0.72369905501912,0.72369905501912,-6.50235831465796,-5.43334783105744,-4.36798569879521,-3.32292272855656,-2.31480973102675,-1.36029751689109,-0.476036896834838,0.321321318456718,1.01512631829829,1.5887272920046,2.02547342889037,2.30871391827031,2.42179794945915,2.3480747117716,2.07089339452238,1.57360318702621,0.839553278597808,-0.147907141448108,-1.40542888379682,-2.94966275913362,-2.94966275913362,-2.94966275913362,-2.94966275913362,-2.94966275913362,-2.94966275913362,-2.94966275913362,-2.94966275913362,-2.94966275913362,-2.94966275913362,-2.94966275913362,-2.94966275913362,-2.94966275913362,-2.94966275913362,-2.94966275913362,-2.94966275913362,-2.94966275913362,-2.94966275913362,-2.94966275913362,-2.94966275913362,-2.94966275913362,-4.5420563496211,-3.82478904484238,-3.10752174006366,-2.39025443528494,-1.67298713050622,-0.955719825727495,-0.245356157868056,0.426630432134456,1.03347609611644,1.54625970302257,1.9272489000596,2.1534581649491,2.21618133307962,2.09328714596095,1.75892780168252,1.22312899052383,0.534651645427715,-0.25119315687602,-1.09117331287114,-1.95362988806833,-1.95362988806833,-1.95362988806833,-1.95362988806833,-1.95362988806833,-1.95362988806833,-1.95362988806833,-1.95362988806833,-1.95362988806833,-1.95362988806833,-1.95362988806833,-1.95362988806833,-1.95362988806833,-1.95362988806833,-1.95362988806833,-1.95362988806833,-1.95362988806833,-1.95362988806833,-1.95362988806833,-1.95362988806833,-1.95362988806833,1,1,1,1,1,1,1,1,1,1,1,0,0,0,1,1,1,1,1,1,1,1,1,1,1,1,1,1,1,1,1,1,1,1,1,1,1,1,1,1
-1.82692269690244,-1.50931773336665,0.142839197427016,-0.155162240651999,0.322895517540131,0.174200383051264,-2.23431253429429,1.77368364593868,-1.02483411341321,0.285596875519495,0.825230343152835,-1.29408495445162,-1.36666485043481,2.10816102042997,0.971838152412372,-0.28195711935059,0.55589990412685,-0.711985262562601,0.600629050434303,-1.57833729383951,0.593428334418462,-0.443998290179902,-2.77831982082835,-0.214212126350994,-1.52849852782818,-3.64933845620718,-0.692939841868297,-0.14794190947676,-2.03283799214475,-0.565809036042207,-2.18106087612336,-0.148889780215828,-1.31937275926854,-0.626719174996531,-2.97175391665117,0.461130083431032,-0.0607492504222726,-0.701355575899852,-0.597630988246943,0.200338750607356,2.79761156238221,2.74613892355341,2.69466628472461,2.64319364589581,2.59172100706701,2.54024836823821,2.48877572940942,2.43730309058062,2.38583045175182,2.33435781292302,2.28288517409422,2.23141253526542,2.17993989643663,2.12846725760783,2.07699461877903,2.02552197995023,1.97404934112143,1.92257670229263,1.87110406346384,1.81963142463504,1.81963142463504,1.81963142463504,1.81963142463504,1.81963142463504,1.81963142463504,1.81963142463504,1.81963142463504,1.81963142463504,1.81963142463504,1.81963142463504,1.81963142463504,1.81963142463504,1.81963142463504,1.81963142463504,1.81963142463504,1.81963142463504,1.81963142463504,1.81963142463504,1.81963142463504,1.81963142463504,-5.02682927987317,-3.44877830456806,-2.07114316759018,-0.883430095604454,0.124854684724214,0.964204946730884,1.64511446375067,2.17807700911861,2.57358635616981,2.84213627823936,2.99422054866232,3.04033294077378,2.99096722790881,2.85661718340253,2.64777658058995,2.37493919280621,2.04859879338639,1.67924915566552,1.27738405297874,0.853497258661118,0.853497258661118,0.853497258661118,0.853497258661118,0.853497258661118,0.853497258661118,0.853497258661118,0.853497258661118,0.853497258661118,0.853497258661118,0.853497258661118,0.853497258661118,0.853497258661118,0.853497258661118,0.853497258661118,0.853497258661118,0.853497258661118,0.853497258661118,0.853497258661118,0.853497258661118,0.853497258661118,0.854114627184277,1.04567681987918,1.23723901257409,1.42880120526899,1.6203633979639,1.8119255906588,2.00487485065569,2.20405105211215,2.40476343994555,2.58880197758854,2.73026061034942,2.80329631436442,2.79026971124242,2.68595339459571,2.49736178239769,2.24486526132386,1.95690173994367,1.65150987159704,1.32884105118598,0.990499025719897,0.990499025719897,0.990499025719897,0.990499025719897,0.990499025719897,0.990499025719897,0.990499025719897,0.990499025719897,0.990499025719897,0.990499025719897,0.990499025719897,0.990499025719897,0.990499025719897,0.990499025719897,0.990499025719897,0.990499025719897,0.990499025719897,0.990499025719897,0.990499025719897,0.990499025719897,0.990499025719897,1,1,1,1,1,1,1,1,1,1,1,1,1,1,1,1,1,1,1,1,1,1,1,1,1,1,1,1,1,1,1,1,1,1,1,1,1,1,1,1
-0.0600185945172096,1.27481476132675,1.14574987641623,-0.353117058399484,-0.65404463957235,-0.705833604859532,-0.611589011822637,1.52527447559968,-0.467338452843892,-0.995417521202645,-3.17843188587106,-0.361249084222505,-2.50763086141796,1.02184353857442,0.0823895027682209,0.698515345999837,1.23628570415723,0.104519916286659,0.479576259121714,0.166429413592768,-1.03141048100121,2.47690781895385,1.30954373244966,-0.402481718443976,1.24382604230625,-1.81809118567432,-1.6807287334501,-1.17935532962223,1.89660112403895,0.380673790838761,1.7529644171173,-4.61172561981842,-1.75736107636473,1.25381251002447,1.46114368938242,0.346844702378903,-1.65326622768664,0.98453141139653,0.646761953905209,0.532477616666286,-0.666813047996892,-0.621615726842132,-0.576418405687372,-0.531221084532612,-0.486023763377852,-0.440826442223093,-0.395629121068332,-0.35043179991357,-0.305234478758813,-0.260037157604049,-0.214839836449292,-0.16964251529453,-0.124445194139771,-0.0792478729850128,-0.0340505518302496,0.0111467693245082,0.0563440904792678,0.101541411634026,0.146738732788787,0.191936053943548,0.191936053943548,0.191936053943548,0.191936053943548,0.191936053943548,0.191936053943548,0.191936053943548,0.191936053943548,0.191936053943548,0.191936053943548,0.191936053943548,0.191936053943548,0.191936053943548,0.191936053943548,0.191936053943548,0.191936053943548,0.191936053943548,0.191936053943548,0.191936053943548,0.191936053943548,0.191936053943548,10.0118927301797,6.85843076864068,4.3345162419932,2.37912800406284,0.931244908675193,-0.0701541903441436,-0.686090439169585,-0.977584983975541,-1.00565897093642,-0.831333546226642,-0.515629856020608,-0.119569046492732,0.295827736182584,0.669539345830916,0.940544636277872,1.04782246134901,0.930351674869948,0.527111130666269,-0.22292031743644,-1.38076381561259,-1.38076381561259,-1.38076381561259,-1.38076381561259,-1.38076381561259,-1.38076381561259,-1.38076381561259,-1.38076381561259,-1.38076381561259,-1.38076381561259,-1.38076381561259,-1.38076381561259,-1.38076381561259,-1.38076381561259,-1.38076381561259,-1.38076381561259,-1.38076381561259,-1.38076381561259,-1.38076381561259,-1.38076381561259,-1.38076381561259,0.751440800524459,0.599890539931689,0.448340279338912,0.296790018746136,0.145239758153362,-0.006310502439411,-0.158587374286443,-0.3097834030347,-0.43632755896907,-0.510468024349482,-0.522719644452808,-0.478483904976239,-0.392610880959813,-0.282274052582617,-0.145831192846559,0.0368958236290986,0.271463498141665,0.538483781474589,0.819274508944551,1.10634183440711,1.10634183440711,1.10634183440711,1.10634183440711,1.10634183440711,1.10634183440711,1.10634183440711,1.10634183440711,1.10634183440711,1.10634183440711,1.10634183440711,1.10634183440711,1.10634183440711,1.10634183440711,1.10634183440711,1.10634183440711,1.10634183440711,1.10634183440711,1.10634183440711,1.10634183440711,1.10634183440711,1,1,1,1,1,1,1,1,1,1,1,1,1,1,1,1,1,1,1,1,1,1,1,1,1,1,1,1,1,1,1,1,1,1,1,1,1,1,1,1
0.584993948618703,-1.92186191514958,-0.784392908573712,-0.0385656901854379,-3.60183082565911,0.0882497486337117,0.161955420844658,-0.811997440049336,0.622858845098099,-1.11030141723129,-0.968064011563003,-1.26331145783044,-0.533018018871225,-1.53369968824036,1.86454165688231,0.904484833364675,1.21724151394187,0.108200624101434,-1.28036476284112,0.328985091500712,-0.376684598661063,-0.555961314351885,-1.81181981546936,0.854630685617908,1.62357863139135,1.32718095364862,-0.622294423020318,-1.14988907258785,-1.33379313552742,2.93046323729999,-1.15068726476998,0.633438296767883,1.04871340769785,0.297635133105061,-1.85049993958393,-1.36011239311232,0.584124587626896,-1.71703900963238,-0.123624778882297,1.10151356535076,-0.379625718857608,-0.406825467196416,-0.434025215535224,-0.461224963874034,-0.488424712212843,-0.515624460551651,-0.54282420889046,-0.570023957229267,-0.597223705568078,-0.624423453906886,-0.651623202245695,-0.678822950584504,-0.706022698923313,-0.733222447262118,-0.760422195600929,-0.787621943939737,-0.814821692278548,-0.842021440617355,-0.869221188956164,-0.896420937294973,-0.896420937294973,-0.896420937294973,-0.896420937294973,-0.896420937294973,-0.896420937294973,-0.896420937294973,-0.896420937294973,-0.896420937294973,-0.896420937294973,-0.896420937294973,-0.896420937294973,-0.896420937294973,-0.896420937294973,-0.896420937294973,-0.896420937294973,-0.896420937294973,-0.896420937294973,-0.896420937294973,-0.896420937294973,-0.896420937294973,19.5539966969388,14.4939281191919,10.2612938546873,6.78844752035067,4.00774273310799,1.85153310988508,0.252172267607845,-0.857986176797853,-1.54658860640614,-1.88128140429114,-1.929710953527,-1.75952363718783,-1.43836583834774,-1.03388394008089,-0.613724325461387,-0.245533377563376,0.0030425205390312,0.0643569857717168,-0.129236364939485,-0.645383914668642,-0.645383914668642,-0.645383914668642,-0.645383914668642,-0.645383914668642,-0.645383914668642,-0.645383914668642,-0.645383914668642,-0.645383914668642,-0.645383914668642,-0.645383914668642,-0.645383914668642,-0.645383914668642,-0.645383914668642,-0.645383914668642,-0.645383914668642,-0.645383914668642,-0.645383914668642,-0.645383914668642,-0.645383914668642,-0.645383914668642,-0.168206261801843,-0.223846544640761,-0.279486827479677,-0.335127110318593,-0.390767393157514,-0.446407675996433,-0.501871822915709,-0.556328397338958,-0.60875259040863,-0.65708891754716,-0.698486943635167,-0.731594368625718,-0.757282965633417,-0.776746592951909,-0.790402236469983,-0.798699612112742,-0.802543845603267,-0.802842148606985,-0.800515421483437,-0.79681282915247,-0.79681282915247,-0.79681282915247,-0.79681282915247,-0.79681282915247,-0.79681282915247,-0.79681282915247,-0.79681282915247,-0.79681282915247,-0.79681282915247,-0.79681282915247,-0.79681282915247,-0.79681282915247,-0.79681282915247,-0.79681282915247,-0.79681282915247,-0.79681282915247,-0.79681282915247,-0.79681282915247,-0.79681282915247,-0.79681282915247,1,1,1,1,1,1,1,1,1,1,1,1,1,1,1,1,1,1,1,1,1,1,1,1,1,1,1,1,1,1,1,1,1,1,1,1,1,1,1,1
-2.60229345919978,-0.605140463742756,-1.16163331517661,0.125947575151483,-1.50318266399155,-0.3389558583417,-0.967027397734696,0.128024978901339,-1.16129409364996,-0.164299131883876,-0.98813407679954,1.6686668970847,0.677263544544141,-0.167202026253237,0.704137922451045,-3.31932551674574,0.167944771128839,1.03370979161484,0.782457019594403,-0.854036844779806,0.276269335734414,1.27284445977291,0.00344661565813098,2.19100651432462,-1.11033919248844,1.49517251413244,-0.598423970288833,0.60012353455871,1.59394024330925,1.6773221824355,0.61512279753579,-1.18297772516956,-0.416296860849215,2.22934292000826,3.05193662184942,-1.54916502025229,1.78618550174677,-0.976121295120715,0.046063863427225,0.631535229800042,1.81154066558712,1.66681261643141,1.5220845672757,1.37735651812,1.23262846896429,1.08790041980859,0.943172370652881,0.798444321497175,0.653716272341468,0.508988223185764,0.364260174030058,0.219532124874352,0.0748040757186441,-0.06992397343706,-0.214652022592766,-0.359380071748472,-0.504108120904178,-0.648836170059884,-0.79356421921559,-0.938292268371296,-0.938292268371296,-0.938292268371296,-0.938292268371296,-0.938292268371296,-0.938292268371296,-0.938292268371296,-0.938292268371296,-0.938292268371296,-0.938292268371296,-0.938292268371296,-0.938292268371296,-0.938292268371296,-0.938292268371296,-0.938292268371296,-0.938292268371296,-0.938292268371296,-0.938292268371296,-0.938292268371296,-0.938292268371296,-0.938292268371296,-18.8294776422768,-13.1457378476131,-8.55936305724585,-4.96651257627329,-2.26334570979378,-0.346021762905663,0.889299959292774,1.5464601517032,1.72929950922727,1.54165872676669,1.08737849922312,0.470299521498225,-0.205737511506278,-0.836891904888734,-1.31932296374746,-1.54918999318079,-1.42265229828703,-0.83586918416451,0.31500004408842,2.13379608137349,2.13379608137349,2.13379608137349,2.13379608137349,2.13379608137349,2.13379608137349,2.13379608137349,2.13379608137349,2.13379608137349,2.13379608137349,2.13379608137349,2.13379608137349,2.13379608137349,2.13379608137349,2.13379608137349,2.13379608137349,2.13379608137349,2.13379608137349,2.13379608137349,2.13379608137349,2.13379608137349,-7.15726183441566,-5.90041930866259,-4.64357678290922,-3.386734257156,-2.1298917314028,-0.8730492056495,0.314022710522487,1.1855571662165,1.8445913176771,2.40301491604862,2.48271131012713,1.6505561468966,0.114199582397461,-1.46551202139319,-2.55600332577743,-2.76277186651896,-1.85381762844989,-0.363819515354914,0.535676318126159,0.467964915577234,0.467964915577234,0.467964915577234,0.467964915577234,0.467964915577234,0.467964915577234,0.467964915577234,0.467964915577234,0.467964915577234,0.467964915577234,0.467964915577234,0.467964915577234,0.467964915577234,0.467964915577234,0.467964915577234,0.467964915577234,0.467964915577234,0.467964915577234,0.467964915577234,0.467964915577234,0.467964915577234,1,1,1,1,1,1,1,1,1,1,1,1,1,1,1,1,1,1,1,1,1,1,1,1,1,1,1,1,1,1,1,1,1,1,1,1,1,1,1,1
-1.35867109455656,0.02387684882315,-0.186477620111444,-2.39381921219242,0.690965374214691,1.37887079393061,-1.35070164415213,0.968838044076774,3.44614323229678,-1.1157053980326,1.21773903904409,1.81847305942988,0.530498600683954,-0.941860570932148,1.96912915688113,0.57397100999119,0.035749924062312,0.160790301602548,1.01797608179529,-1.03544315579808,-1.19971235579446,-0.369070665681759,0.00629622102634642,1.41648404407629,3.1927012056442,-0.366106875645524,-2.13686274987375,0.0106182192932902,-1.67697281007865,-1.68455825022231,1.15670508879399,1.08309962045786,-0.710024080593611,-1.00445117022249,1.74950426187332,-0.265448574196407,0.491582469842118,-2.62357769526164,-1.06060230665615,-1.65055518323604,-1.74955883826886,-1.58505862518526,-1.42055841210165,-1.25605819901805,-1.09155798593445,-0.927057772850845,-0.762557559767242,-0.598057346683639,-0.433557133600036,-0.269056920516432,-0.104556707432829,0.0599435056507716,0.224443718734376,0.388943931817977,0.553444144901583,0.717944357985186,0.882444571068786,1.04694478415239,1.21144499723599,1.3759452103196,1.3759452103196,1.3759452103196,1.3759452103196,1.3759452103196,1.3759452103196,1.3759452103196,1.3759452103196,1.3759452103196,1.3759452103196,1.3759452103196,1.3759452103196,1.3759452103196,1.3759452103196,1.3759452103196,1.3759452103196,1.3759452103196,1.3759452103196,1.3759452103196,1.3759452103196,1.3759452103196,-14.4101185560236,-10.4782062127126,-7.2935136285822,-4.78231160085648,-2.87087092675963,-1.4854624035158,-0.552356828349186,0.00217500151607197,0.25186228885582,0.270434236445865,0.131620047062057,-0.0908510765197459,-0.323249931523748,-0.4918473151741,-0.522914024694929,-0.342720857310454,0.122461389755207,0.94636191927788,2.20270993403338,3.96523463679754,3.96523463679754,3.96523463679754,3.96523463679754,3.96523463679754,3.96523463679754,3.96523463679754,3.96523463679754,3.96523463679754,3.96523463679754,3.96523463679754,3.96523463679754,3.96523463679754,3.96523463679754,3.96523463679754,3.96523463679754,3.96523463679754,3.96523463679754,3.96523463679754,3.96523463679754,3.96523463679754,-1.45108256758827,-1.32732673047747,-1.20357089336668,-1.07981505625588,-0.956059219145081,-0.832303382034285,-0.708113904581502,-0.581566431325944,-0.451016836705683,-0.313798180465907,-0.16680598327239,-0.00998937309494075,0.154742574910758,0.327398580493778,0.508890190562447,0.698612547739472,0.896038122609511,1.10128828477837,1.31251542219136,1.52622050847917,1.52622050847917,1.52622050847917,1.52622050847917,1.52622050847917,1.52622050847917,1.52622050847917,1.52622050847917,1.52622050847917,1.52622050847917,1.52622050847917,1.52622050847917,1.52622050847917,1.52622050847917,1.52622050847917,1.52622050847917,1.52622050847917,1.52622050847917,1.52622050847917,1.52622050847917,1.52622050847917,1,1,1,1,1,1,1,1,1,1,1,1,1,1,1,1,1,1,1,1,1,1,1,1,1,1,1,1,1,1,1,1,1,1,1,1,1,1,1,1
-0.954334476557544,1.84706969895291,2.18455537952823,0.986578160639166,2.29890385282225,0.0300902464475952,-0.657569171760231,-2.03980232975343,0.630346509606687,-3.6292077610142,-0.923413673180697,0.389738473593681,-0.95686804299728,1.55686431713407,-0.987534999415377,0.370296128789171,-3.00453818600096,-0.692894348370002,4.03084205663042,1.36019236810613,-0.227631277057379,-1.39819557070636,-0.533984257746868,-0.175702787127072,2.0669144884102,-1.18783296138477,-0.928444363709723,-1.60216271109226,1.16411654404486,1.38258222117483,0.970603816883397,-0.452773915249175,1.44412644633321,-2.22809511942559,-0.0625045787953855,2.26053701062535,0.796184190892555,-0.0504670555203131,-1.8759531318237,-1.73383921447883,-4.00063271691654,-3.7005518987748,-3.40047108063306,-3.10039026249133,-2.80030944434959,-2.50022862620785,-2.20014780806612,-1.90006698992438,-1.59998617178264,-1.2999053536409,-0.999824535499167,-0.699743717357432,-0.399662899215691,-0.0995820810739563,0.200498737067784,0.500579555209519,0.800660373351255,1.10074119149299,1.40082200963473,1.70090282777647,1.70090282777647,1.70090282777647,1.70090282777647,1.70090282777647,1.70090282777647,1.70090282777647,1.70090282777647,1.70090282777647,1.70090282777647,1.70090282777647,1.70090282777647,1.70090282777647,1.70090282777647,1.70090282777647,1.70090282777647,1.70090282777647,1.70090282777647,1.70090282777647,1.70090282777647,1.70090282777647,-9.42104368088375,-7.05191272772921,-5.18169427256751,-3.75370285893038,-2.71125303034957,-1.99765933035681,-1.55623630248383,-1.33029849026238,-1.26316043722419,-1.29813668690099,-1.37854178282453,-1.44769026852653,-1.44889668753875,-1.32547558339289,-1.02074149962074,-0.47800897975398,0.359407432675624,1.54819319413633,3.14503376109641,5.20661459002413,5.20661459002413,5.20661459002413,5.20661459002413,5.20661459002413,5.20661459002413,5.20661459002413,5.20661459002413,5.20661459002413,5.20661459002413,5.20661459002413,5.20661459002413,5.20661459002413,5.20661459002413,5.20661459002413,5.20661459002413,5.20661459002413,5.20661459002413,5.20661459002413,5.20661459002413,5.20661459002413,-0.794430637554523,-0.934397809703193,-1.07436498185186,-1.21433215400053,-1.35429932614919,-1.49426649829787,-1.62960482564899,-1.73778169218448,-1.79392727226905,-1.77316527565324,-1.65506507943321,-1.44251375451758,-1.15864798001946,-0.806162033545577,-0.347969182950139,0.250067079247323,0.979290914017843,1.812472337583,2.73332988091312,3.71253406565005,3.71253406565005,3.71253406565005,3.71253406565005,3.71253406565005,3.71253406565005,3.71253406565005,3.71253406565005,3.71253406565005,3.71253406565005,3.71253406565005,3.71253406565005,3.71253406565005,3.71253406565005,3.71253406565005,3.71253406565005,3.71253406565005,3.71253406565005,3.71253406565005,3.71253406565005,3.71253406565005,1,1,1,1,1,1,1,1,1,1,1,1,1,1,1,1,1,1,1,0,0,0,0,0,0,0,0,0,0,0,0,0,0,0,0,0,0,0,0,0
1.21967917756394,0.979939897902236,-0.815442600997506,1.81005026459397,1.39574692977489,-0.675384422143519,0.226848169916302,1.16297582969127,0.157596153155161,3.40214932351972,-2.38593123782715,-0.893507549355624,-2.05190945158086,0.889344408589059,0.790449747141427,1.63949134829944,-0.568004638426466,-0.941214372938443,-0.206729186079063,0.315702762982831,-0.555539805555917,-0.869948489558448,0.704688340506097,1.80172250698512,-0.942658409345764,-1.02342440180733,-1.42122228707555,-2.5738291417752,-1.71123205649009,1.20625354357656,-0.188661671895094,-0.680065158133587,-0.112782141655572,-1.2632853483521,-1.95687291957806,-0.313197949309791,0.849117735379242,-1.15264456591488,0.858571477985384,-1.76063715311003,-4.04612288586104,-3.6268846969975,-3.20764650813395,-2.78840831927041,-2.36917013040687,-1.94993194154332,-1.53069375267978,-1.11145556381623,-0.692217374952689,-0.272979186089145,0.1462590027744,0.565497191637942,0.984735380501489,1.40397356936503,1.82321175822857,2.24244994709212,2.66168813595566,3.0809263248192,3.50016451368275,3.91940270254629,3.91940270254629,3.91940270254629,3.91940270254629,3.91940270254629,3.91940270254629,3.91940270254629,3.91940270254629,3.91940270254629,3.91940270254629,3.91940270254629,3.91940270254629,3.91940270254629,3.91940270254629,3.91940270254629,3.91940270254629,3.91940270254629,3.91940270254629,3.91940270254629,3.91940270254629,3.91940270254629,-6.65474817973985,-5.78200929162011,-4.95002270693585,-4.15786321881009,-3.40460562036589,-2.68932470472629,-2.01109526501433,-1.36899209435305,-0.762089985865504,-0.189463732674726,0.349811872096238,0.856662035324348,1.33201196388656,1.77678686465982,2.1919119445211,2.57831241034735,2.93691346901553,3.26864032740259,3.5744181923855,3.85517227084119,3.85517227084119,3.85517227084119,3.85517227084119,3.85517227084119,3.85517227084119,3.85517227084119,3.85517227084119,3.85517227084119,3.85517227084119,3.85517227084119,3.85517227084119,3.85517227084119,3.85517227084119,3.85517227084119,3.85517227084119,3.85517227084119,3.85517227084119,3.85517227084119,3.85517227084119,3.85517227084119,-4.33918420122213,-3.89682284949116,-3.45446149776018,-3.0121001460292,-2.56973879429823,-2.12737744256726,-1.68450529386772,-1.23769669920021,-0.782989208901387,-0.329222723677214,0.119467822802443,0.588839977337646,1.10068705557489,1.63203034797013,2.1451955316623,2.62347117333097,3.05058197843055,3.40495916620013,3.69469091057109,3.95551752735328,3.95551752735328,3.95551752735328,3.95551752735328,3.95551752735328,3.95551752735328,3.95551752735328,3.95551752735328,3.95551752735328,3.95551752735328,3.95551752735328,3.95551752735328,3.95551752735328,3.95551752735328,3.95551752735328,3.95551752735328,3.95551752735328,3.95551752735328,3.95551752735328,3.95551752735328,3.95551752735328,1,1,1,1,1,1,1,1,1,1,1,1,1,1,1,1,1,1,1,1,1,1,1,1,1,1,1,1,1,1,1,1,1,1,1,1,1,1,1,1
-1.41973871675691,3.89110048675709,0.338421614130942,2.18912853417954,-0.457087182024436,-0.219968219625155,0.407028402554371,0.984616578306873,0.650140097483844,-0.703480685238674,0.524559162776059,-0.0697603814987104,0.0328397474350464,-0.23075019895801,-0.671121208361038,0.162031249821398,0.897836625337488,0.480832338300372,1.03192911702541,-0.520233886919215,0.719201964784256,-3.04155352190311,-1.41390308823029,-0.364180851287758,0.960196121317518,0.683291754965181,0.829967602183643,0.852032398898467,-1.00106485261844,0.558509289632985,-2.36684996352225,1.11797605560047,-0.202981886501414,-0.854955586991245,0.267530864937438,1.92827178812281,-2.42498944732824,0.340508064912292,-1.52996690569454,2.37782079969173,0.815183825017536,0.912394274356015,1.00960472369449,1.10681517303297,1.20402562237145,1.30123607170992,1.3984465210484,1.49565697038688,1.59286741972536,1.69007786906384,1.78728831840231,1.88449876774079,1.98170921707927,2.07891966641774,2.17613011575622,2.2733405650947,2.37055101443318,2.46776146377166,2.56497191311013,2.66218236244861,2.66218236244861,2.66218236244861,2.66218236244861,2.66218236244861,2.66218236244861,2.66218236244861,2.66218236244861,2.66218236244861,2.66218236244861,2.66218236244861,2.66218236244861,2.66218236244861,2.66218236244861,2.66218236244861,2.66218236244861,2.66218236244861,2.66218236244861,2.66218236244861,2.66218236244861,2.66218236244861,-12.044029463835,-8.17270799705402,-5.04115484664333,-2.57684927942875,-0.707270562236119,0.640102038108731,1.53778925477992,2.05831182095165,2.27419046979805,2.25794593449327,2.08209894821147,1.81917024412682,1.54168055541345,1.3221506152455,1.23310115679717,1.34705291324259,1.73652661775593,2.47404300351131,3.63212280368289,5.28328675144488,5.28328675144488,5.28328675144488,5.28328675144488,5.28328675144488,5.28328675144488,5.28328675144488,5.28328675144488,5.28328675144488,5.28328675144488,5.28328675144488,5.28328675144488,5.28328675144488,5.28328675144488,5.28328675144488,5.28328675144488,5.28328675144488,5.28328675144488,5.28328675144488,5.28328675144488,5.28328675144488,1.47278360745322,1.47704936362756,1.48131511980189,1.48558087597623,1.48984663215056,1.49411238832489,1.50013176830182,1.51548398180015,1.54418760527756,1.58762663671489,1.64987648166733,1.73543016030931,1.84547149071718,1.97858723914159,2.13169335257456,2.30026492113638,2.47995305649503,2.66685884871542,2.85661444194733,3.04629129779202,3.04629129779202,3.04629129779202,3.04629129779202,3.04629129779202,3.04629129779202,3.04629129779202,3.04629129779202,3.04629129779202,3.04629129779202,3.04629129779202,3.04629129779202,3.04629129779202,3.04629129779202,3.04629129779202,3.04629129779202,3.04629129779202,3.04629129779202,3.04629129779202,3.04629129779202,3.04629129779202,1,1,1,1,1,1,1,1,1,1,1,1,1,1,1,1,1,1,0,1,1,1,1,1,1,1,1,1,1,1,1,1,1,1,1,1,1,1,1,1
-1.90419076940585,-2.32531239278655,-0.159034660223818,-1.92175520268087,-0.544294196532074,2.17046696201511,1.22325465198549,-1.16951820881195,3.43163883383634,3.91612325661076,-1.01298745995215,0.168953427503368,0.833870768786573,1.31050356144664,-0.596740949469504,-0.247716561246419,0.988876159047111,0.98015963474124,2.04756926467625,0.493556766947865,-0.191499677032162,0.720765825238823,-1.52773627117894,2.15519647294393,-1.08218799934535,-0.661217220862424,0.0949674477438673,-0.389381680814957,-0.771097231855597,0.129830999090576,-0.712133457267136,-1.2446751458289,1.55480129392208,0.171587750823301,0.17668211322677,-0.0596066347637851,-1.1434798491522,-0.27306639815065,-0.161717003706261,0.221139984438041,1.30616206788432,1.18968656428562,1.07321106068692,0.956735557088226,0.840260053489529,0.723784549890831,0.607309046292134,0.490833542693438,0.374358039094741,0.257882535496043,0.141407031897346,0.0249315282986462,-0.0915439753000502,-0.208019478898747,-0.324494982497445,-0.440970486096141,-0.557445989694839,-0.673921493293536,-0.790396996892234,-0.906872500490932,-0.906872500490932,-0.906872500490932,-0.906872500490932,-0.906872500490932,-0.906872500490932,-0.906872500490932,-0.906872500490932,-0.906872500490932,-0.906872500490932,-0.906872500490932,-0.906872500490932,-0.906872500490932,-0.906872500490932,-0.906872500490932,-0.906872500490932,-0.906872500490932,-0.906872500490932,-0.906872500490932,-0.906872500490932,-0.906872500490932,12.3211386255372,8.80802378086745,5.98557868792968,3.7850748930075,2.13778394238456,0.974977382344519,0.227926759171046,-0.172096380852217,-0.293820491441625,-0.20597402631352,0.0227145608157802,0.323516816229931,0.627704286212547,0.866548517047327,0.971321055017915,0.873293446407912,0.503737237501067,-0.206076025419005,-1.3248747960687,-2.92138752816426,-2.92138752816426,-2.92138752816426,-2.92138752816426,-2.92138752816426,-2.92138752816426,-2.92138752816426,-2.92138752816426,-2.92138752816426,-2.92138752816426,-2.92138752816426,-2.92138752816426,-2.92138752816426,-2.92138752816426,-2.92138752816426,-2.92138752816426,-2.92138752816426,-2.92138752816426,-2.92138752816426,-2.92138752816426,-2.92138752816426,2.80771138177795,2.47085691907407,2.13400245637019,1.79714799366631,1.46029353096243,1.12343906825854,0.78894921236426,0.472933491300597,0.20825034574839,0.0144729032079454,-0.118039742524527,-0.204073427263893,-0.248996786760761,-0.262890293594213,-0.263541262515801,-0.263191696121975,-0.268095702840094,-0.284567338445056,-0.314315130412265,-0.351571361382183,-0.351571361382183,-0.351571361382183,-0.351571361382183,-0.351571361382183,-0.351571361382183,-0.351571361382183,-0.351571361382183,-0.351571361382183,-0.351571361382183,-0.351571361382183,-0.351571361382183,-0.351571361382183,-0.351571361382183,-0.351571361382183,-0.351571361382183,-0.351571361382183,-0.351571361382183,-0.351571361382183,-0.351571361382183,-0.351571361382183,1,1,1,1,1,1,1,1,1,1,1,1,1,1,1,1,1,1,1,1,1,1,1,1,1,1,1,1,1,1,1,1,1,1,1,1,1,1,1,1
0.399536807904503,-1.06104609129098,0.675544687845501,-3.13333918964511,0.527980039132209,0.32132254172932,-0.864073050114049,2.01487188496663,-1.58413139706066,1.55339564291219,-1.08209939039686,0.772050220076123,0.0420934456601358,1.19753692520089,-0.70504793270886,2.26006314114584,0.421089460429377,2.14960302140337,-0.892413781998515,-0.633345507769201,1.40807370933802,-0.501683586563383,0.36362643695036,-0.118423836218902,-0.611600119921581,2.03575197027526,-3.00015300953709,-2.41799857497353,1.74497714870987,0.528680126438925,2.68837436235643,1.00547064360262,0.981583507665436,0.578896242648606,0.464616092645668,1.33658604317821,1.87178301054154,2.78882347567515,-1.08724450814092,-0.785023549031498,-2.38519984306575,-2.15016321818073,-1.9151265932957,-1.68008996841067,-1.44505334352565,-1.21001671864062,-0.974980093755597,-0.739943468870568,-0.504906843985545,-0.269870219100518,-0.0348335942154918,0.200203030669535,0.435239655554563,0.670276280439587,0.905312905324614,1.14034953020964,1.37538615509467,1.61042277997969,1.84545940486472,2.08049602974975,2.08049602974975,2.08049602974975,2.08049602974975,2.08049602974975,2.08049602974975,2.08049602974975,2.08049602974975,2.08049602974975,2.08049602974975,2.08049602974975,2.08049602974975,2.08049602974975,2.08049602974975,2.08049602974975,2.08049602974975,2.08049602974975,2.08049602974975,2.08049602974975,2.08049602974975,2.08049602974975,-10.1247816659916,-8.3965934662378,-6.81697964959312,-5.38267238949352,-4.09040385937491,-2.93690623267322,-1.91891168282438,-1.03315238326427,-0.276360507428846,0.35473177124601,0.863392279324334,1.25288884337026,1.52648928994781,1.68746144562111,1.73907313695421,1.68459219051124,1.52728643285623,1.27042369055331,0.917271790166543,0.471098558259925,0.471098558259925,0.471098558259925,0.471098558259925,0.471098558259925,0.471098558259925,0.471098558259925,0.471098558259925,0.471098558259925,0.471098558259925,0.471098558259925,0.471098558259925,0.471098558259925,0.471098558259925,0.471098558259925,0.471098558259925,0.471098558259925,0.471098558259925,0.471098558259925,0.471098558259925,0.471098558259925,-5.55584903232243,-4.93448498190106,-4.31312093147968,-3.69175688105831,-3.07039283063693,-2.44902878021556,-1.82110289818085,-1.16025111537394,-0.470028146970531,0.193623024839713,0.757295806629214,1.17246181685496,1.41806875885458,1.49544672102023,1.44696949227877,1.3497949247697,1.26154298820336,1.18852992009368,1.11468390692603,1.03504267258446,1.03504267258446,1.03504267258446,1.03504267258446,1.03504267258446,1.03504267258446,1.03504267258446,1.03504267258446,1.03504267258446,1.03504267258446,1.03504267258446,1.03504267258446,1.03504267258446,1.03504267258446,1.03504267258446,1.03504267258446,1.03504267258446,1.03504267258446,1.03504267258446,1.03504267258446,1.03504267258446,1,1,1,1,1,1,1,1,1,1,1,1,1,1,1,1,1,1,1,1,1,1,1,1,1,1,1,1,1,1,1,1,1,1,1,1,1,1,1,1
-1.81500314853573,1.11399470827235,0.841988494787143,-1.70916789413357,-1.72674004436787,-1.50420845748692,2.50548297373187,0.300642188615107,0.146827088920258,0.616541852137246,0.301473625471155,0.100659035428025,-1.95321748235663,-0.105983772105834,-0.925272220412648,2.64771161918524,-1.75443603618408,0.798338387929217,0.658567614436157,-2.46182961219127,0.83982594300794,-1.59096687588466,-0.0145704146033907,0.503725741535114,0.165600635301745,3.54016325475101,0.107572274756397,-0.407332170802839,-1.4428585801507,0.392971880910913,0.704849156649718,1.44940409041415,-2.26857921195799,-0.461733260949908,0.223343644765906,-3.63593608043575,-0.439688058735396,-0.717272311678229,-1.62865820196257,-1.70945995969712,-2.94480280736183,-2.70986070614399,-2.47491860492615,-2.23997650370832,-2.00503440249048,-1.77009230127264,-1.5351502000548,-1.30020809883696,-1.06526599761913,-0.830323896401291,-0.595381795183451,-0.360439693965613,-0.125497592747777,0.109444508470064,0.344386609687902,0.579328710905738,0.814270812123578,1.04921291334141,1.28415501455925,1.51909711577709,1.51909711577709,1.51909711577709,1.51909711577709,1.51909711577709,1.51909711577709,1.51909711577709,1.51909711577709,1.51909711577709,1.51909711577709,1.51909711577709,1.51909711577709,1.51909711577709,1.51909711577709,1.51909711577709,1.51909711577709,1.51909711577709,1.51909711577709,1.51909711577709,1.51909711577709,1.51909711577709,-15.8673640236246,-12.6108552525826,-9.80050463815278,-7.40445662164174,-5.39085564435624,-3.72784614760297,-2.38357257268864,-1.32617936091997,-0.523810953603647,0.0553882079536034,0.443273682445094,0.671701028564101,0.772525805003916,0.777603570457847,0.718789883619191,0.627940303181203,0.536910387837183,0.477555696280492,0.481731787204357,0.581294219302062,0.581294219302062,0.581294219302062,0.581294219302062,0.581294219302062,0.581294219302062,0.581294219302062,0.581294219302062,0.581294219302062,0.581294219302062,0.581294219302062,0.581294219302062,0.581294219302062,0.581294219302062,0.581294219302062,0.581294219302062,0.581294219302062,0.581294219302062,0.581294219302062,0.581294219302062,0.581294219302062,-4.28241495179825,-3.85129653918993,-3.4201781265816,-2.98905971397328,-2.55794130136496,-2.12682288875664,-1.70254619545446,-1.31652089301494,-0.987484815315186,-0.695414989537943,-0.408097329064644,-0.122664397885789,0.142195109858269,0.376861983407961,0.572347525415102,0.702428907290214,0.745897290822791,0.71217396250678,0.629788892952064,0.525988210918801,0.525988210918801,0.525988210918801,0.525988210918801,0.525988210918801,0.525988210918801,0.525988210918801,0.525988210918801,0.525988210918801,0.525988210918801,0.525988210918801,0.525988210918801,0.525988210918801,0.525988210918801,0.525988210918801,0.525988210918801,0.525988210918801,0.525988210918801,0.525988210918801,0.525988210918801,0.525988210918801,1,1,1,1,1,1,1,1,1,1,1,1,1,1,1,1,1,1,1,1,1,1,1,1,1,1,1,1,1,1,1,1,1,1,1,1,1,1,1,1
0.839095532755766,-0.82802908372329,-2.92342003267605,-0.671533868265052,-0.831200024802862,-0.671809963080737,0.00187378542450567,0.071895784974128,-0.0152980165099645,-0.601396958758832,-0.580365475164541,-1.09619338710133,2.98717434661274,0.45253247812412,-0.220435933663932,-2.22322370096448,-0.368619008457875,-1.40844731680873,0.774946455148456,0.632163990718663,1.2399061464827,1.61002235131562,-1.01743219914838,-4.16767055362002,-1.79205255947581,0.238819914116508,-0.16642562586131,2.24950572295679,-0.835324080162291,-1.09432995856382,1.20611336536288,-0.254045406309681,0.589953381887423,1.55320022840782,-0.716019750431903,0.110923588438764,1.5874806297689,3.42035398169144,-1.46483477760558,-2.85471592313575,5.23546751608562,4.87718420947705,4.51890090286847,4.16061759625989,3.80233428965131,3.44405098304273,3.08576767643415,2.72748436982557,2.36920106321699,2.01091775660841,1.65263444999983,1.29435114339125,0.936067836782676,0.577784530174096,0.219501223565516,-0.138782083043063,-0.497065389651642,-0.855348696260219,-1.2136320028688,-1.57191530947738,-1.57191530947738,-1.57191530947738,-1.57191530947738,-1.57191530947738,-1.57191530947738,-1.57191530947738,-1.57191530947738,-1.57191530947738,-1.57191530947738,-1.57191530947738,-1.57191530947738,-1.57191530947738,-1.57191530947738,-1.57191530947738,-1.57191530947738,-1.57191530947738,-1.57191530947738,-1.57191530947738,-1.57191530947738,-1.57191530947738,5.28960312929601,5.30756557940161,5.18334405107598,4.93590530569129,4.58421610461972,4.14724320923343,3.6439533809046,3.09331338100541,2.51428997090803,1.92584991198462,1.34695996560735,0.796586893148415,0.29369745597997,-0.14274158452581,-0.493763466996745,-0.740401430060666,-0.863688712345411,-0.844658552478798,-0.664344189088652,-0.303778860802819,-0.303778860802819,-0.303778860802819,-0.303778860802819,-0.303778860802819,-0.303778860802819,-0.303778860802819,-0.303778860802819,-0.303778860802819,-0.303778860802819,-0.303778860802819,-0.303778860802819,-0.303778860802819,-0.303778860802819,-0.303778860802819,-0.303778860802819,-0.303778860802819,-0.303778860802819,-0.303778860802819,-0.303778860802819,-0.303778860802819,5.16689174332762,4.81582143316249,4.46475112299736,4.11368081283224,3.76261050266712,3.41154019250199,3.06120361077822,2.71417406271505,2.36914324074035,2.0235806077869,1.67776196340475,1.33093410417397,0.977876878359343,0.613168156262391,0.236567811328758,-0.147109919597636,-0.532119600716001,-0.916029298608661,-1.30020140509863,-1.68579123309682,-1.68579123309682,-1.68579123309682,-1.68579123309682,-1.68579123309682,-1.68579123309682,-1.68579123309682,-1.68579123309682,-1.68579123309682,-1.68579123309682,-1.68579123309682,-1.68579123309682,-1.68579123309682,-1.68579123309682,-1.68579123309682,-1.68579123309682,-1.68579123309682,-1.68579123309682,-1.68579123309682,-1.68579123309682,-1.68579123309682,1,1,1,1,1,1,1,0,1,1,1,1,1,1,1,1,1,1,1,1,1,1,1,1,1,1,1,1,1,1,1,1,1,1,1,1,1,1,1,1
0.955410742538669,-0.148830646544235,-0.459741151486309,0.736172492341533,-0.079619186233205,-0.474401888801379,-0.999153560224658,-1.64775719178256,-2.61776420440992,-0.974448581382829,-2.26123693235698,0.973021773236486,0.611442727402162,-0.485160955649533,-0.107079567290807,0.38985877557333,0.510768040160233,-0.691930047744821,-1.13336245312844,-0.0710146884002505,-2.76306767635566,-0.975967722268575,-1.79955785884771,-0.90626005283662,-2.75636779362726,-1.94373827726252,2.33362524761429,-1.15272708827248,1.57137451288214,0.373488995229566,2.40248448714961,0.253046814167577,0.0409259236156458,-1.44090724672184,-2.11105007492065,2.03253331394774,1.96834779233149,-1.25721236909543,-0.194712357030035,0.327606211520344,0.214760994095393,0.126653165695481,0.0385453372955684,-0.0495624911043429,-0.137670319504258,-0.225778147904167,-0.31388597630408,-0.401993804703993,-0.490101633103903,-0.578209461503816,-0.666317289903729,-0.75442511830364,-0.842532946703551,-0.930640775103464,-1.01874860350338,-1.10685643190329,-1.1949642603032,-1.28307208870311,-1.37117991710302,-1.45928774550293,-1.45928774550293,-1.45928774550293,-1.45928774550293,-1.45928774550293,-1.45928774550293,-1.45928774550293,-1.45928774550293,-1.45928774550293,-1.45928774550293,-1.45928774550293,-1.45928774550293,-1.45928774550293,-1.45928774550293,-1.45928774550293,-1.45928774550293,-1.45928774550293,-1.45928774550293,-1.45928774550293,-1.45928774550293,-1.45928774550293,15.019105216911,10.8756259292665,7.45821915513409,4.70298783268528,2.54603490009153,0.923463295524277,-0.228624042845018,-0.974124176844908,-1.37693416830394,-1.50095107905066,-1.41007197091362,-1.16819390572135,-0.839213945302411,-0.487029151485356,-0.175536586098747,0.0313666890289408,0.069783612069056,-0.124182878806881,-0.614429845427431,-1.46485434962114,-1.46485434962114,-1.46485434962114,-1.46485434962114,-1.46485434962114,-1.46485434962114,-1.46485434962114,-1.46485434962114,-1.46485434962114,-1.46485434962114,-1.46485434962114,-1.46485434962114,-1.46485434962114,-1.46485434962114,-1.46485434962114,-1.46485434962114,-1.46485434962114,-1.46485434962114,-1.46485434962114,-1.46485434962114,-1.46485434962114,0.209182729694747,0.121923743619974,0.034664757545201,-0.0525942285295731,-0.139853214604349,-0.227112200679121,-0.314394285528076,-0.401801508363761,-0.489385487147215,-0.577109192203116,-0.664957873850566,-0.753050391628086,-0.841591790153002,-0.930677146217569,-1.02017631605078,-1.10985963863174,-1.19957501883577,-1.2892404603008,-1.37878187848644,-1.46820328178517,-1.46820328178517,-1.46820328178517,-1.46820328178517,-1.46820328178517,-1.46820328178517,-1.46820328178517,-1.46820328178517,-1.46820328178517,-1.46820328178517,-1.46820328178517,-1.46820328178517,-1.46820328178517,-1.46820328178517,-1.46820328178517,-1.46820328178517,-1.46820328178517,-1.46820328178517,-1.46820328178517,-1.46820328178517,-1.46820328178517,1,1,1,1,1,1,1,1,1,1,1,1,1,1,1,1,1,1,1,1,1,1,1,1,1,1,1,1,1,1,1,1,1,1,1,1,1,1,1,1
-1.40317722757966,-3.67331451801122,-0.758602012600205,-1.07468813806336,2.29704284061828,0.692218476893282,-2.70712196957638,-1.28383239230213,1.30900218158381,-0.0794041553631839,-0.527328436525453,-1.03749233138771,-3.11070776998952,3.21591871920966,1.55310404855719,-0.723542898338023,0.72403057043288,-0.809473006901838,-0.683723616553845,-0.574083500443139,-0.0783255010586004,1.15561810707492,-0.421675712974563,-0.918042483599493,1.5498446366959,1.55146271442384,-0.188185539440088,-0.795447498340753,0.380476022596573,-0.3009816839878,0.191213440782942,1.23571848182089,2.51285025639039,-2.35068330210626,-1.24541905493836,-1.28399559514692,-0.532663534761943,-2.07869778469529,1.24615213340246,0.518289726191444,0.424765261109837,0.380566768408281,0.336368275706729,0.292169783005175,0.247971290303621,0.203772797602067,0.159574304900513,0.115375812198961,0.071177319497405,0.0269788267958493,-0.0172196659057029,-0.0614181586072569,-0.105616651308813,-0.149815144010365,-0.194013636711919,-0.238212129413473,-0.282410622115027,-0.326609114816581,-0.370807607518135,-0.415006100219689,-0.415006100219689,-0.415006100219689,-0.415006100219689,-0.415006100219689,-0.415006100219689,-0.415006100219689,-0.415006100219689,-0.415006100219689,-0.415006100219689,-0.415006100219689,-0.415006100219689,-0.415006100219689,-0.415006100219689,-0.415006100219689,-0.415006100219689,-0.415006100219689,-0.415006100219689,-0.415006100219689,-0.415006100219689,-0.415006100219689,3.46730975700347,2.03805394104063,0.966367672166025,0.21094845703877,-0.269506197682026,-0.51629878533725,-0.570731799267801,-0.474107732814554,-0.267729079318416,0.00710166787973954,0.309082015439031,0.596909470018538,0.829281538277392,0.964895726874708,0.962449542469566,0.780640491721101,0.378166081288441,-0.286276182169335,-1.25398879199311,-2.56627424152376,-2.56627424152376,-2.56627424152376,-2.56627424152376,-2.56627424152376,-2.56627424152376,-2.56627424152376,-2.56627424152376,-2.56627424152376,-2.56627424152376,-2.56627424152376,-2.56627424152376,-2.56627424152376,-2.56627424152376,-2.56627424152376,-2.56627424152376,-2.56627424152376,-2.56627424152376,-2.56627424152376,-2.56627424152376,-2.56627424152376,-2.93409005962733,-2.5338336693738,-2.13357727912027,-1.73332088886675,-1.33306449861322,-0.932808108359691,-0.536489048073777,-0.16278903364719,0.167441771628779,0.424431045613689,0.579737841144633,0.638341323177306,0.627159094120183,0.546878090809857,0.371593917745052,0.0967665840654668,-0.247749406762136,-0.632355749574259,-1.04583184504678,-1.47839792557967,-1.47839792557967,-1.47839792557967,-1.47839792557967,-1.47839792557967,-1.47839792557967,-1.47839792557967,-1.47839792557967,-1.47839792557967,-1.47839792557967,-1.47839792557967,-1.47839792557967,-1.47839792557967,-1.47839792557967,-1.47839792557967,-1.47839792557967,-1.47839792557967,-1.47839792557967,-1.47839792557967,-1.47839792557967,-1.47839792557967,1,1,1,1,1,1,1,1,1,1,1,1,1,1,1,1,1,1,1,1,1,1,1,1,1,1,1,1,1,1,1,1,1,1,1,1,1,1,1,1
-0.0649801393944673,-2.69807192958721,1.31152538174605,1.51483975502437,0.540299157582397,-1.02841729800736,-1.80684975051118,-1.69160166033719,-2.03588615306701,0.101656818632664,-0.520450625294341,0.0325907527980895,1.92376691283007,-0.021572792925749,1.53698238059161,-1.40544053710548,1.06306274334735,2.99297517631813,2.27585914062291,0.40382620326276,1.51537269220944,-0.992045750612011,1.27344784068405,-2.87738794152357,0.494447148511282,0.374724716727162,1.25792803814707,-2.3979500730478,-2.19560154415746,0.615085404220487,2.64738028628816,-0.780783091888757,1.69477760548034,0.66537250743411,-0.643798905394961,-1.01884296802998,0.876966566100124,-0.846290946426024,0.027885308131415,-1.05936667514181,-4.13316149354594,-3.75656736319887,-3.37997323285179,-3.00337910250472,-2.62678497215765,-2.25019084181057,-1.8735967114635,-1.49700258111643,-1.12040845076935,-0.743814320422279,-0.367220190075205,0.00937394027186933,0.38596807061894,0.762562200966014,1.13915633131309,1.51575046166016,1.89234459200724,2.26893872235431,2.64553285270138,3.02212698304845,3.02212698304845,3.02212698304845,3.02212698304845,3.02212698304845,3.02212698304845,3.02212698304845,3.02212698304845,3.02212698304845,3.02212698304845,3.02212698304845,3.02212698304845,3.02212698304845,3.02212698304845,3.02212698304845,3.02212698304845,3.02212698304845,3.02212698304845,3.02212698304845,3.02212698304845,3.02212698304845,7.749506994606,4.70807687742874,2.3138307333979,0.506065891972842,-0.775920317387071,-1.59283056522247,-2.00536752207398,-2.07423385848223,-1.86013224498785,-1.42376535213148,-0.825835850453743,-0.127046410495268,0.611900297203306,1.33030160210137,1.96745483365826,2.46265732133337,2.75520639458608,2.78439938287573,2.48953361566169,1.80990642240336,1.80990642240336,1.80990642240336,1.80990642240336,1.80990642240336,1.80990642240336,1.80990642240336,1.80990642240336,1.80990642240336,1.80990642240336,1.80990642240336,1.80990642240336,1.80990642240336,1.80990642240336,1.80990642240336,1.80990642240336,1.80990642240336,1.80990642240336,1.80990642240336,1.80990642240336,1.80990642240336,-3.13043118870119,-2.89138040535068,-2.65232962200018,-2.41327883864968,-2.17422805529918,-1.93517727194868,-1.69336595831354,-1.43728776376066,-1.16470430278818,-0.885580150801751,-0.602264589398768,-0.296032668293108,0.057809864405602,0.467875009085706,0.92684723508143,1.42313689976425,1.94335162335117,2.47279729537251,3.00227874761972,3.53042211846109,3.53042211846109,3.53042211846109,3.53042211846109,3.53042211846109,3.53042211846109,3.53042211846109,3.53042211846109,3.53042211846109,3.53042211846109,3.53042211846109,3.53042211846109,3.53042211846109,3.53042211846109,3.53042211846109,3.53042211846109,3.53042211846109,3.53042211846109,3.53042211846109,3.53042211846109,3.53042211846109,1,1,1,1,1,1,1,1,1,1,1,1,1,1,1,1,1,1,1,1,1,1,1,1,1,1,1,1,1,1,1,1,1,1,1,1,1,1,1,1
0.542231260402884,-2.08347984155118,-2.52099505214618,0.67661325148274,2.95882766702892,-0.476861976548858,0.205480691672111,-1.15698486416426,1.0911749668807,-1.81002217502775,2.24614530874524,-0.938802686847779,-0.0289297579408814,-0.123736750350023,1.2901702232175,1.2220023128124,-1.39740028262064,0.151191922257711,-0.349800524987819,1.86821335818434,1.00599565645356,-0.0378201792593718,3.24329645161627,1.25085209356985,1.6057492189347,-0.347227035007473,2.83790003737308,1.21748578121465,1.28636880817116,0.20091494927633,0.223214780776598,-0.645413982420557,-0.344227623324743,-3.24102450942207,0.94325476683977,-0.561463493570416,0.119901813286452,0.680362287946393,2.30893234053536,2.35916615331268,-2.27710104074594,-2.11476898353223,-1.95243692631851,-1.7901048691048,-1.62777281189109,-1.46544075467737,-1.30310869746366,-1.14077664024994,-0.978444583036227,-0.816112525822515,-0.653780468608801,-0.491448411395085,-0.329116354181368,-0.166784296967657,-0.00445223975393993,0.157879817459772,0.320211874673484,0.482543931887204,0.644875989100916,0.80720804631463,0.80720804631463,0.80720804631463,0.80720804631463,0.80720804631463,0.80720804631463,0.80720804631463,0.80720804631463,0.80720804631463,0.80720804631463,0.80720804631463,0.80720804631463,0.80720804631463,0.80720804631463,0.80720804631463,0.80720804631463,0.80720804631463,0.80720804631463,0.80720804631463,0.80720804631463,0.80720804631463,-18.3139128794453,-14.2516172963916,-10.8044223741893,-7.92390699599706,-5.56165004497342,-3.66923040427691,-2.19822695706607,-1.10021858649948,-0.326784175735661,0.170497392066821,0.440047233749443,0.530286466153628,0.489636206120823,0.366517570492528,0.209351676110147,0.0665596398151553,-0.0134374215509823,0.0177816088531131,0.208637847869008,0.607552412338066,0.607552412338066,0.607552412338066,0.607552412338066,0.607552412338066,0.607552412338066,0.607552412338066,0.607552412338066,0.607552412338066,0.607552412338066,0.607552412338066,0.607552412338066,0.607552412338066,0.607552412338066,0.607552412338066,0.607552412338066,0.607552412338066,0.607552412338066,0.607552412338066,0.607552412338066,0.607552412338066,-9.93410462919192,-8.62114026714478,-7.30817590509761,-5.99521154305047,-4.68224718100331,-3.36928281895615,-2.08796615003657,-0.980617256242596,-0.153687801905196,0.315445804882916,0.37636246219567,0.138604458724911,-0.13543529467192,-0.253646086230232,-0.206091035144562,-0.0499970952413378,0.178160765646844,0.423062028628776,0.609614710341024,0.725613408800125,0.725613408800125,0.725613408800125,0.725613408800125,0.725613408800125,0.725613408800125,0.725613408800125,0.725613408800125,0.725613408800125,0.725613408800125,0.725613408800125,0.725613408800125,0.725613408800125,0.725613408800125,0.725613408800125,0.725613408800125,0.725613408800125,0.725613408800125,0.725613408800125,0.725613408800125,0.725613408800125,1,1,1,1,1,1,1,1,1,1,1,1,1,1,1,1,1,1,1,1,1,1,1,1,1,1,1,1,1,1,1,1,1,1,1,1,1,1,1,1
-0.496007875371804,-1.10403333228284,1.17398516425273,-1.68765396459489,2.52221642171514,1.41825362347951,-2.34457883276252,2.13105831319507,-0.232862902363815,2.78547500791244,0.0326012372435827,-0.259660118395436,0.247326140147491,1.65976078031853,1.51092362117294,-1.0206396534429,-2.3100090390512,0.0544875482934888,-0.409978216154416,0.518675719988432,-0.849599175466645,0.790947595947655,-1.69933561366785,-1.73377091184514,-1.95168329139694,0.615687140210442,-0.956907057649969,0.0496424466628493,-0.673111268406572,-1.99203766584384,-0.211970904507718,0.69836876422591,-0.0646286156456544,1.80047596714383,0.761994385036271,-0.449527176151488,1.65683588219838,-1.27727289800432,2.81044527324339,-1.1783649962518,1.56017697349172,1.49311823464961,1.42605949580749,1.35900075696538,1.29194201812326,1.22488327928115,1.15782454043903,1.09076580159692,1.02370706275481,0.95664832391269,0.889589585070574,0.822530846228462,0.755472107386346,0.68841336854423,0.621354629702118,0.554295890860002,0.487237152017887,0.420178413175771,0.35311967433366,0.286060935491545,0.286060935491545,0.286060935491545,0.286060935491545,0.286060935491545,0.286060935491545,0.286060935491545,0.286060935491545,0.286060935491545,0.286060935491545,0.286060935491545,0.286060935491545,0.286060935491545,0.286060935491545,0.286060935491545,0.286060935491545,0.286060935491545,0.286060935491545,0.286060935491545,0.286060935491545,0.286060935491545,-51.8276063564365,-37.5314851419427,-25.8109115294668,-16.4325085199522,-9.16289911434215,-3.76870631358009,-0.0165531186092664,2.32693746962699,3.49514245018534,3.72143882212251,3.23920358449513,2.28181373635985,1.08264627677346,-0.124921795207424,-1.10751348052611,-1.63175178012593,-1.4642596949502,-0.37166022594222,1.87942362595467,5.52236885979715,5.52236885979715,5.52236885979715,5.52236885979715,5.52236885979715,5.52236885979715,5.52236885979715,5.52236885979715,5.52236885979715,5.52236885979715,5.52236885979715,5.52236885979715,5.52236885979715,5.52236885979715,5.52236885979715,5.52236885979715,5.52236885979715,5.52236885979715,5.52236885979715,5.52236885979715,5.52236885979715,-19.7092498849612,-16.4959080345563,-13.2825661841514,-10.0692243337466,-6.85588248334172,-3.64254063293685,-0.514166617774617,2.10188481125058,3.70697277464856,3.97841679054331,3.06996932164368,1.68713109631029,0.509657901648115,-0.291764816004616,-0.729834775103768,-0.675949928033569,-0.142703966623545,0.621160839349193,1.4804527783578,2.43500227429131,2.43500227429131,2.43500227429131,2.43500227429131,2.43500227429131,2.43500227429131,2.43500227429131,2.43500227429131,2.43500227429131,2.43500227429131,2.43500227429131,2.43500227429131,2.43500227429131,2.43500227429131,2.43500227429131,2.43500227429131,2.43500227429131,2.43500227429131,2.43500227429131,2.43500227429131,2.43500227429131,1,1,1,1,1,1,1,1,0,0,0,1,1,1,1,1,1,1,1,1,1,1,1,1,1,1,1,1,1,1,1,1,1,1,1,1,1,1,1,1
-0.317830545803538,-1.53935581741979,-2.32666071482454,1.46656814648556,-0.163627440595583,1.76615824264606,0.648578276872568,-1.54440754928381,-0.537162874165595,0.108718187382692,-1.78086083039562,0.506855430688939,0.175355271167376,-0.612403104221803,-0.701757300520955,0.448384545004817,0.701739066890408,-0.124115456107685,-0.452654089400848,0.343528119609616,-0.507948694343673,-0.76047433753263,-0.843609147179784,-0.200531336557008,-0.0905546422055128,-1.54712069119631,-0.822494929367867,0.590179941381541,1.11308895239814,-0.48077692798114,1.1136603811481,0.753961399043291,-0.0447789570369057,-0.658679049013202,0.0213696741441556,-3.00705174969471,-0.789311032680221,-2.37456557682287,0.491589564881467,0.353513519872017,2.72561888320475,2.58570276407032,2.44578664493588,2.30587052580145,2.16595440666702,2.02603828753258,1.88612216839815,1.74620604926372,1.60628993012928,1.46637381099485,1.32645769186042,1.18654157272598,1.04662545359155,0.906709334457116,0.766793215322684,0.626877096188251,0.486960977053815,0.34704485791938,0.207128738784949,0.0672126196505136,0.0672126196505136,0.0672126196505136,0.0672126196505136,0.0672126196505136,0.0672126196505136,0.0672126196505136,0.0672126196505136,0.0672126196505136,0.0672126196505136,0.0672126196505136,0.0672126196505136,0.0672126196505136,0.0672126196505136,0.0672126196505136,0.0672126196505136,0.0672126196505136,0.0672126196505136,0.0672126196505136,0.0672126196505136,0.0672126196505136,44.2311823053593,33.1394752623507,23.9364812522142,16.4610960090918,10.5522152671252,6.04873476045646,2.78955022322745,0.613557389580123,-0.640348006343649,-1.13327023040192,-1.02631354845274,-0.480582226354295,0.34281947003543,1.28278727485829,2.17821692225623,2.86800414637115,3.19104468134504,2.98623426131968,2.09246862043707,0.348643492839116,0.348643492839116,0.348643492839116,0.348643492839116,0.348643492839116,0.348643492839116,0.348643492839116,0.348643492839116,0.348643492839116,0.348643492839116,0.348643492839116,0.348643492839116,0.348643492839116,0.348643492839116,0.348643492839116,0.348643492839116,0.348643492839116,0.348643492839116,0.348643492839116,0.348643492839116,0.348643492839116,5.97762347449665,5.33463846614651,4.69165345779636,4.0486684494462,3.40568344109606,2.76269843274591,2.13621984138049,1.60066883125362,1.1966334721831,0.885417672858305,0.63226279530905,0.487296132771899,0.516212306541076,0.702806121198293,0.987792048068581,1.33242456393888,1.69066945124912,2.0046446335149,2.2647145242321,2.50439658079192,2.50439658079192,2.50439658079192,2.50439658079192,2.50439658079192,2.50439658079192,2.50439658079192,2.50439658079192,2.50439658079192,2.50439658079192,2.50439658079192,2.50439658079192,2.50439658079192,2.50439658079192,2.50439658079192,2.50439658079192,2.50439658079192,2.50439658079192,2.50439658079192,2.50439658079192,2.50439658079192,1,1,1,1,1,1,1,1,1,1,1,1,1,1,1,1,1,1,1,1,1,1,1,1,1,1,1,1,1,1,1,1,1,1,1,1,1,1,1,1
0.647666122730361,-1.07049543345181,-0.368545675357656,0.402132019722837,-1.30086068416426,-1.76188132347131,2.72035477709497,-4.26403152153776,2.42145618314793,-0.789115126727411,-0.233663120388687,-0.0549271934341302,-0.595524404396361,0.128489672074204,2.31227629946966,-1.63765517333628,-0.547166732667325,-0.860228913360009,0.712395285535589,-1.14870639868921,0.159766563998012,0.528848834137547,0.581274946616709,-1.01936349938978,-0.22635323585521,-1.74778697252326,0.609791842232145,1.11207001491787,1.51805741312244,0.669895216350948,-2.28047125230705,-0.39700703264216,1.10464966805123,-1.27249390976906,-1.54519782269544,0.943098662192506,-0.340440898519464,0.790841631718541,1.44403442617878,-1.96520827521627,0.819895376459781,0.757068409041264,0.694241441622749,0.631414474204231,0.568587506785715,0.505760539367198,0.442933571948682,0.380106604530164,0.317279637111648,0.254452669693132,0.191625702274616,0.128798734856099,0.0659717674375813,0.00314480001906503,-0.0596821673994494,-0.122509134817966,-0.185336102236485,-0.248163069655002,-0.310990037073518,-0.373817004492032,-0.373817004492032,-0.373817004492032,-0.373817004492032,-0.373817004492032,-0.373817004492032,-0.373817004492032,-0.373817004492032,-0.373817004492032,-0.373817004492032,-0.373817004492032,-0.373817004492032,-0.373817004492032,-0.373817004492032,-0.373817004492032,-0.373817004492032,-0.373817004492032,-0.373817004492032,-0.373817004492032,-0.373817004492032,-0.373817004492032,-11.4381174622292,-8.14253181320003,-5.46206531966302,-3.33991930756117,-1.7192951028374,-0.543394031434687,0.244582580704022,0.701433407635786,0.883957123417652,0.848952402106651,0.653217917759843,0.353552344434277,0.00675435618697406,-0.330377372924969,-0.601044168844536,-0.748447357514674,-0.715788264878325,-0.446268216878464,0.11691146054198,1.03054944144002,1.03054944144002,1.03054944144002,1.03054944144002,1.03054944144002,1.03054944144002,1.03054944144002,1.03054944144002,1.03054944144002,1.03054944144002,1.03054944144002,1.03054944144002,1.03054944144002,1.03054944144002,1.03054944144002,1.03054944144002,1.03054944144002,1.03054944144002,1.03054944144002,1.03054944144002,1.03054944144002,1.77394060448712,1.58489819356626,1.3958557826454,1.20681337172453,1.01777096080367,0.828728549882807,0.638944725994996,0.447534581452887,0.264544846700316,0.10212261279038,-0.0365215618761354,-0.149858327591406,-0.229403159430772,-0.264568026080388,-0.250872822794044,-0.194003033660778,-0.110453043024174,-0.0203598087997072,0.0645198329107881,0.144135905180889,0.144135905180889,0.144135905180889,0.144135905180889,0.144135905180889,0.144135905180889,0.144135905180889,0.144135905180889,0.144135905180889,0.144135905180889,0.144135905180889,0.144135905180889,0.144135905180889,0.144135905180889,0.144135905180889,0.144135905180889,0.144135905180889,0.144135905180889,0.144135905180889,0.144135905180889,0.144135905180889,1,1,1,1,1,1,1,1,1,1,1,1,1,1,1,1,1,1,1,1,1,1,1,1,1,1,1,1,1,1,1,1,1,1,1,1,1,1,1,1
-2.62853210793865,1.93354913067534,1.24089143156543,1.16429709195434,-0.849766122263794,0.596757622237075,0.164001065145138,0.17537908879121,0.143566677144779,-0.79181610298034,1.904423648577,1.43420610975374,3.06479198990614,0.342983236750483,-0.767388102845814,-0.418205582948749,-1.87221135208681,-0.162345632517255,-0.11804920273457,0.880656074791236,1.21759173244242,-0.851307285911533,0.966123180144098,-3.45319814659511,3.66887339386732,1.78960715049709,-0.240302088990598,-0.207390350859594,-1.44303189832578,2.71498992345282,2.48360458236793,-1.80229460833508,-0.833077108462007,-0.840403553635536,2.59486886610359,-2.07267739103551,-0.980026475081045,-2.15414772011539,1.09899746896461,-1.17561827262618,0.892046491409229,0.818233986722733,0.744421482036236,0.670608977349739,0.596796472663242,0.522983967976746,0.44917146329025,0.375358958603753,0.301546453917256,0.227733949230759,0.153921444544263,0.0801089398577659,0.00629643517126866,-0.0675160695152268,-0.141328574201726,-0.215141078888221,-0.288953583574717,-0.362766088261212,-0.436578592947711,-0.510391097634209,-0.510391097634209,-0.510391097634209,-0.510391097634209,-0.510391097634209,-0.510391097634209,-0.510391097634209,-0.510391097634209,-0.510391097634209,-0.510391097634209,-0.510391097634209,-0.510391097634209,-0.510391097634209,-0.510391097634209,-0.510391097634209,-0.510391097634209,-0.510391097634209,-0.510391097634209,-0.510391097634209,-0.510391097634209,-0.510391097634209,20.3133203135675,15.125278373363,10.8195691551026,7.32034348898015,4.55175220518975,2.43794613392533,0.903076105380881,-0.128707050249615,-0.733252502772169,-0.986409421992811,-0.96402697771757,-0.741954339752438,-0.39604067790345,-0.00213516197662322,0.363913038222044,0.626254752886522,0.709040812210782,0.536422046388793,0.0325492856145893,-0.878426639917922,-0.878426639917922,-0.878426639917922,-0.878426639917922,-0.878426639917922,-0.878426639917922,-0.878426639917922,-0.878426639917922,-0.878426639917922,-0.878426639917922,-0.878426639917922,-0.878426639917922,-0.878426639917922,-0.878426639917922,-0.878426639917922,-0.878426639917922,-0.878426639917922,-0.878426639917922,-0.878426639917922,-0.878426639917922,-0.878426639917922,11.8629655607207,10.0041424335253,8.14531930632979,6.28649617913441,4.42767305193902,2.56884992474356,0.722961158744895,-0.981757578457805,-2.10740977389572,-2.0637555508083,-0.721856328540172,1.15821504014858,2.38799596703793,2.32548379865568,1.25217115265092,-0.125303679314934,-1.21746933533197,-1.62734567128258,-1.17717424703541,-0.11834597424912,-0.11834597424912,-0.11834597424912,-0.11834597424912,-0.11834597424912,-0.11834597424912,-0.11834597424912,-0.11834597424912,-0.11834597424912,-0.11834597424912,-0.11834597424912,-0.11834597424912,-0.11834597424912,-0.11834597424912,-0.11834597424912,-0.11834597424912,-0.11834597424912,-0.11834597424912,-0.11834597424912,-0.11834597424912,-0.11834597424912,1,1,1,1,1,1,1,1,1,1,1,1,1,1,1,1,1,1,1,1,1,1,1,1,1,1,1,1,1,1,1,1,1,1,1,1,1,1,1,1
-0.432999165957836,-1.09854720833696,4.88890446949805,0.270993685577795,-0.358157305036213,-0.784130708357965,1.21713962814659,-0.0390696952508414,-1.79257541602803,-1.255206301788,2.52800881662405,-0.989380576784656,-0.154917794037978,-1.4214781361301,-1.19682191865181,-1.87720881147059,0.243835250312268,0.0841541036050089,-0.221640983965989,-1.39676199607084,1.66147109105966,2.37340380507008,-0.895057799331058,0.0530377494001932,-1.18504050519588,3.84591282221606,-1.27553664488663,-1.32024003994101,-0.852451147733884,0.376601646709105,0.0500619775677613,-1.63678551215965,-0.511050888262478,-0.0309387551954856,1.7988048828225,0.601786737045343,0.405162494409373,-1.08065221081242,0.257747520211016,0.317991849597101,-2.66528089794331,-2.62890950667471,-2.59253811540612,-2.55616672413753,-2.51979533286893,-2.48342394160034,-2.44705255033175,-2.41068115906315,-2.37430976779456,-2.33793837652597,-2.30156698525738,-2.26519559398879,-2.22882420272019,-2.1924528114516,-2.156081420183,-2.11971002891441,-2.08333863764582,-2.04696724637722,-2.01059585510863,-1.97422446384004,-1.97422446384004,-1.97422446384004,-1.97422446384004,-1.97422446384004,-1.97422446384004,-1.97422446384004,-1.97422446384004,-1.97422446384004,-1.97422446384004,-1.97422446384004,-1.97422446384004,-1.97422446384004,-1.97422446384004,-1.97422446384004,-1.97422446384004,-1.97422446384004,-1.97422446384004,-1.97422446384004,-1.97422446384004,-1.97422446384004,-7.96782583079981,-6.44138000973897,-5.19441016981999,-4.20058122595915,-3.43355809307271,-2.86700568607696,-2.47458891988817,-2.22997270942261,-2.10682196959656,-2.0788016153263,-2.1195765615281,-2.20281172311822,-2.30217201501297,-2.3913223521286,-2.44392764938139,-2.43365282168761,-2.33416278396355,-2.11912245112548,-1.76219673808967,-1.2370505597724,-1.2370505597724,-1.2370505597724,-1.2370505597724,-1.2370505597724,-1.2370505597724,-1.2370505597724,-1.2370505597724,-1.2370505597724,-1.2370505597724,-1.2370505597724,-1.2370505597724,-1.2370505597724,-1.2370505597724,-1.2370505597724,-1.2370505597724,-1.2370505597724,-1.2370505597724,-1.2370505597724,-1.2370505597724,-1.2370505597724,-5.55721590430209,-5.15435480968099,-4.75149371505989,-4.34863262043879,-3.94577152581769,-3.54291043119659,-3.14045684348849,-2.74154566482466,-2.35463969105624,-1.99279867484007,-1.6787276182927,-1.45268279448348,-1.36128058238549,-1.42780013929684,-1.6302357034438,-1.90605119787243,-2.18812131217924,-2.45032619447161,-2.71124700227936,-2.98661872187688,-2.98661872187688,-2.98661872187688,-2.98661872187688,-2.98661872187688,-2.98661872187688,-2.98661872187688,-2.98661872187688,-2.98661872187688,-2.98661872187688,-2.98661872187688,-2.98661872187688,-2.98661872187688,-2.98661872187688,-2.98661872187688,-2.98661872187688,-2.98661872187688,-2.98661872187688,-2.98661872187688,-2.98661872187688,-2.98661872187688,1,1,1,1,1,1,1,1,1,1,1,1,1,1,1,1,1,1,1,1,1,1,1,1,1,1,1,1,1,1,1,1,1,1,1,1,1,1,1,1
-1.00334098760357,0.814662645463249,2.77121934278403,0.5440094192927,-1.31201900991149,0.566832538669791,1.87917700498974,-1.18245929763925,-0.446865683133183,-0.177048529960064,1.20008586076134,1.37190153918673,-1.30635950463576,-0.0695200203571193,-0.398810701566372,-1.73708463314254,0.786614704105824,2.36816657994278,0.190109471299214,-1.16720002990805,0.355500553806612,2.3980283492001,1.55933952020066,-1.79268691059294,-0.122388595891374,2.79841312918215,-0.114232302464812,-1.31195321066673,1.11533328417842,-0.6705915390346,-1.30552349181122,-2.85362473613342,-0.768234523890358,0.385597237437084,0.585985876487282,0.500896366983726,1.67108083661894,0.693882347559711,-2.5598296968589,-2.12980627169751,-0.216231165037995,-0.262502819706708,-0.308774474375421,-0.355046129044134,-0.401317783712845,-0.447589438381561,-0.493861093050274,-0.540132747718985,-0.5864044023877,-0.632676057056411,-0.678947711725126,-0.725219366393837,-0.771491021062548,-0.817762675731263,-0.864034330399976,-0.910305985068691,-0.956577639737402,-1.00284929440611,-1.04912094907483,-1.09539260374354,-1.09539260374354,-1.09539260374354,-1.09539260374354,-1.09539260374354,-1.09539260374354,-1.09539260374354,-1.09539260374354,-1.09539260374354,-1.09539260374354,-1.09539260374354,-1.09539260374354,-1.09539260374354,-1.09539260374354,-1.09539260374354,-1.09539260374354,-1.09539260374354,-1.09539260374354,-1.09539260374354,-1.09539260374354,-1.09539260374354,-8.13744503776804,-6.11044081098073,-4.45352903928772,-3.13228663958456,-2.11229052876682,-1.35911762373005,-0.838344841369804,-0.515549098581646,-0.356307312261123,-0.326196399303795,-0.390793276605219,-0.515674861060948,-0.666418069566539,-0.808599819017553,-0.907797026309542,-0.929586608338056,-0.839545481998663,-0.603250564186911,-0.186278771798353,0.445792978271443,0.445792978271443,0.445792978271443,0.445792978271443,0.445792978271443,0.445792978271443,0.445792978271443,0.445792978271443,0.445792978271443,0.445792978271443,0.445792978271443,0.445792978271443,0.445792978271443,0.445792978271443,0.445792978271443,0.445792978271443,0.445792978271443,0.445792978271443,0.445792978271443,0.445792978271443,0.445792978271443,-0.0339656605762775,-0.095156216046429,-0.156346771516577,-0.217537326986729,-0.27872788245688,-0.339918437927025,-0.410037609980197,-0.52495620002504,-0.684616169660508,-0.840933428587038,-0.941534832177844,-0.964509083712182,-0.920843069841316,-0.841084823791089,-0.757183893501765,-0.68371396016169,-0.612911312382975,-0.530287913971607,-0.432311782252544,-0.326381191828212,-0.326381191828212,-0.326381191828212,-0.326381191828212,-0.326381191828212,-0.326381191828212,-0.326381191828212,-0.326381191828212,-0.326381191828212,-0.326381191828212,-0.326381191828212,-0.326381191828212,-0.326381191828212,-0.326381191828212,-0.326381191828212,-0.326381191828212,-0.326381191828212,-0.326381191828212,-0.326381191828212,-0.326381191828212,-0.326381191828212,1,1,1,1,1,1,1,1,1,1,1,1,1,1,1,1,1,1,1,1,1,1,1,1,1,1,1,1,1,1,1,1,1,1,1,1,1,1,1,1
1.89374018675046,-0.796500878890245,-0.0352415000565518,1.15735117362861,3.58172093468047,1.29489118737536,0.187400921395871,0.901842696161648,-0.207540084781261,-0.471150575489446,0.256612670004133,0.289753039358661,2.02783823995849,-3.08401673751029,1.40081031581609,-1.42332334686555,-0.0110888270588845,-1.4066016333603,-0.813932585610017,0.385968438576056,1.80028158903717,0.650582323152451,-2.93641291339622,-0.0472995919406394,0.308662908299008,-1.29776569580804,-0.0442716275631021,0.060130976788999,-2.64065147747073,-0.528903654657306,0.824595122333713,-0.592745065574704,-0.724597408014446,3.040689781641,-0.273904620158685,-0.435264437395007,-0.536955289178577,-1.1278512572705,-0.343458277222251,1.37588953012201,6.04972748781678,5.61371631424104,5.17770514066529,4.74169396708954,4.3056827935138,3.86967161993805,3.4336604463623,2.99764927278656,2.56163809921081,2.12562692563506,1.68961575205931,1.25360457848357,0.817593404907816,0.38158223133207,-0.0544289422436783,-0.490440115819426,-0.926451289395176,-1.36246246297092,-1.79847363654667,-2.23448481012241,-2.23448481012241,-2.23448481012241,-2.23448481012241,-2.23448481012241,-2.23448481012241,-2.23448481012241,-2.23448481012241,-2.23448481012241,-2.23448481012241,-2.23448481012241,-2.23448481012241,-2.23448481012241,-2.23448481012241,-2.23448481012241,-2.23448481012241,-2.23448481012241,-2.23448481012241,-2.23448481012241,-2.23448481012241,-2.23448481012241,47.3933972049243,35.5147364385219,25.7282607989424,17.843431870293,11.6697112366808,7.01656048221306,3.69344119099683,1.50981494713932,0.27514333474768,-0.201112062070907,-0.109489659209274,0.359472127439716,1.01523488198323,1.66726018852846,2.12500963118254,2.19794479405262,1.69552726124596,0.427218616869583,-1.79751955496934,-5.16922567016344,-5.16922567016344,-5.16922567016344,-5.16922567016344,-5.16922567016344,-5.16922567016344,-5.16922567016344,-5.16922567016344,-5.16922567016344,-5.16922567016344,-5.16922567016344,-5.16922567016344,-5.16922567016344,-5.16922567016344,-5.16922567016344,-5.16922567016344,-5.16922567016344,-5.16922567016344,-5.16922567016344,-5.16922567016344,-5.16922567016344,10.3095131856892,9.09091812254475,7.87232305940033,6.65372799625591,5.43513293311149,4.21653786996707,3.02550468587523,1.98304221498094,1.16234035685516,0.590250935417961,0.282362765187456,0.176784916402944,0.136513012474374,0.0687585875398984,-0.0288112837665988,-0.129033187336859,-0.213221604074358,-0.275582886198377,-0.33108705382161,-0.394614749945339,-0.394614749945339,-0.394614749945339,-0.394614749945339,-0.394614749945339,-0.394614749945339,-0.394614749945339,-0.394614749945339,-0.394614749945339,-0.394614749945339,-0.394614749945339,-0.394614749945339,-0.394614749945339,-0.394614749945339,-0.394614749945339,-0.394614749945339,-0.394614749945339,-0.394614749945339,-0.394614749945339,-0.394614749945339,-0.394614749945339,1,1,1,1,1,1,1,1,1,1,1,1,1,1,1,1,1,1,1,1,1,1,1,1,1,1,1,1,1,1,1,1,1,1,1,1,1,1,1,1
1.5258485659517,-2.47997509020442,-0.647849130692998,-2.67078059782599,0.763746249866808,0.800732655977024,0.693376341354872,0.245240664688231,-1.56373076672097,-0.413066310756717,1.39967172887975,-0.314714749510564,-0.820297157312543,1.43436048184187,-0.818877009420845,-1.16215433020413,0.40989928220762,-0.367014498795109,0.129474913913716,-1.23067109546959,-0.795744573379437,1.81433885080215,-1.89569190100422,1.13392091937449,-0.868849876887806,-1.60604328370799,1.17525109714388,1.52309336315415,1.13317468245584,-1.31623183341536,-0.13802374845887,-0.125035613237799,2.23273464415809,-1.17694804584641,0.379956903457899,0.169699812534793,-1.43871323327958,0.779458529680218,0.39809169120822,0.0323799327794987,2.35003305469706,2.1209115060141,1.89178995733114,1.66266840864818,1.43354685996522,1.20442531128226,0.975303762599298,0.746182213916338,0.517060665233378,0.287939116550415,0.0588175678674556,-0.170303980815506,-0.399425529498467,-0.628547078181425,-0.85766862686439,-1.08679017554735,-1.31591172423031,-1.54503327291327,-1.77415482159623,-2.00327637027919,-2.00327637027919,-2.00327637027919,-2.00327637027919,-2.00327637027919,-2.00327637027919,-2.00327637027919,-2.00327637027919,-2.00327637027919,-2.00327637027919,-2.00327637027919,-2.00327637027919,-2.00327637027919,-2.00327637027919,-2.00327637027919,-2.00327637027919,-2.00327637027919,-2.00327637027919,-2.00327637027919,-2.00327637027919,-2.00327637027919,25.68203404318,18.2720213819003,12.3107176045371,7.65481186921786,4.16099333407031,1.68595115722201,0.0863744968006062,-0.781047489066327,-1.05962564225116,-0.892670804626288,-0.423493818064086,0.204594475563042,0.848283234382729,1.36426161652254,1.60921878011011,1.43984388327304,0.712826084139007,-0.715145459164479,-2.98738158850975,-6.24719314576915,-6.24719314576915,-6.24719314576915,-6.24719314576915,-6.24719314576915,-6.24719314576915,-6.24719314576915,-6.24719314576915,-6.24719314576915,-6.24719314576915,-6.24719314576915,-6.24719314576915,-6.24719314576915,-6.24719314576915,-6.24719314576915,-6.24719314576915,-6.24719314576915,-6.24719314576915,-6.24719314576915,-6.24719314576915,-6.24719314576915,-1.52689748286373,-1.38098580805845,-1.23507413325321,-1.08916245844794,-0.943250783642664,-0.797339108837404,-0.653734612315538,-0.491338269980325,-0.177074642325083,0.342740986106627,0.921564103546785,1.41005829638431,1.76264272264347,1.88858839047508,1.60468601677453,0.780353808251878,-0.553746557794412,-2.19395014563125,-3.86397887876191,-5.4378799904294,-5.4378799904294,-5.4378799904294,-5.4378799904294,-5.4378799904294,-5.4378799904294,-5.4378799904294,-5.4378799904294,-5.4378799904294,-5.4378799904294,-5.4378799904294,-5.4378799904294,-5.4378799904294,-5.4378799904294,-5.4378799904294,-5.4378799904294,-5.4378799904294,-5.4378799904294,-5.4378799904294,-5.4378799904294,-5.4378799904294,1,1,1,1,1,1,1,1,1,1,1,1,1,1,1,1,1,1,1,1,1,1,1,1,1,1,1,1,1,1,1,1,1,1,1,1,1,1,1,1
1.47932960863247,-1.40234663545918,-0.453118606032107,1.08390440522883,0.925643054795468,1.573589616302,1.09526598759124,1.08435741684021,-0.939260543707242,1.3177361322449,-1.48920208117009,1.62429806993881,-0.662033302916573,1.73785167298508,1.44482482960382,-0.567009800141179,-1.08597441782268,-0.765264508408524,2.36453715015212,-2.09773643694449,-1.10052487020304,-1.00718459059215,0.984849390856686,-3.37730804336302,-0.637147555644798,0.897120931147704,0.382274927664872,-0.369950096536867,-1.48999854452139,-1.70357618090443,3.63539153694395,-0.516433296092083,-0.802918493587809,1.55800416829499,-1.83762208429981,-1.71659391452325,-0.0567843136642168,0.6384420570014,-1.86642577815288,-1.18742688757006,1.48850157758502,1.32425724428472,1.16001291098442,0.995768577684123,0.831524244383823,0.667279911083522,0.503035577783223,0.338791244482922,0.174546911182622,0.0103025778823245,-0.153941755417977,-0.318186088718274,-0.482430422018576,-0.646674755318875,-0.810919088619173,-0.975163421919476,-1.13940775521977,-1.30365208852007,-1.46789642182037,-1.63214075512067,-1.63214075512067,-1.63214075512067,-1.63214075512067,-1.63214075512067,-1.63214075512067,-1.63214075512067,-1.63214075512067,-1.63214075512067,-1.63214075512067,-1.63214075512067,-1.63214075512067,-1.63214075512067,-1.63214075512067,-1.63214075512067,-1.63214075512067,-1.63214075512067,-1.63214075512067,-1.63214075512067,-1.63214075512067,-1.63214075512067,23.503481933452,18.0102706885556,13.3455241347432,9.44606919969424,6.24873281108828,3.69034189660473,1.70772338392303,0.237704200722648,-0.782888725316962,-1.41722846651636,-1.72848809519608,-1.77984068367666,-1.63445930427867,-1.35551702932264,-1.00618693112913,-0.649642082018675,-0.349055554311796,-0.167600420329094,-0.168449752391089,-0.414776622818295,-0.414776622818295,-0.414776622818295,-0.414776622818295,-0.414776622818295,-0.414776622818295,-0.414776622818295,-0.414776622818295,-0.414776622818295,-0.414776622818295,-0.414776622818295,-0.414776622818295,-0.414776622818295,-0.414776622818295,-0.414776622818295,-0.414776622818295,-0.414776622818295,-0.414776622818295,-0.414776622818295,-0.414776622818295,-0.414776622818295,4.08590083281698,3.57026241496122,3.05462399710546,2.5389855792497,2.02334716139394,1.50770874353818,0.995383543719062,0.503902842250321,0.056075527572121,-0.333739668978074,-0.659070798103755,-0.908396047116957,-1.06498861991202,-1.12447659846668,-1.10443720796258,-1.03348638600102,-0.935426162056029,-0.823013554523056,-0.701271608149987,-0.574063526242018,-0.574063526242018,-0.574063526242018,-0.574063526242018,-0.574063526242018,-0.574063526242018,-0.574063526242018,-0.574063526242018,-0.574063526242018,-0.574063526242018,-0.574063526242018,-0.574063526242018,-0.574063526242018,-0.574063526242018,-0.574063526242018,-0.574063526242018,-0.574063526242018,-0.574063526242018,-0.574063526242018,-0.574063526242018,-0.574063526242018,1,1,1,1,1,1,1,1,1,1,1,1,1,1,1,1,1,1,1,1,1,1,1,1,1,1,1,1,1,1,1,1,1,1,1,1,1,1,1,1
1.18705879172263,-1.57034462720995,-2.12651164276449,-0.0233605709252656,1.1238395989935,0.540916965109533,-1.03219942097017,-0.858350917331855,-1.24204828915665,-2.17345733678794,0.491990579443273,-0.324474614234505,-0.0125153575536299,-0.921532251982331,-0.4994747063103,-3.03432191288019,0.370034857069186,0.731656967461552,-0.135482440870049,1.48113385826872,1.32987629757112,0.0939499911640063,-2.62323804435262,1.14346877784378,2.68676207458258,-1.76762274293507,-0.0188019863108,-0.590377945237165,2.42696615718415,-0.601837658275331,-1.88320403456837,0.943150476846967,-0.272319462665168,-4.06738187063571,0.761948005876569,1.00075377647393,-1.82881059397924,0.978998959968548,1.52736126563229,-0.363927950249368,-2.93176089757356,-2.80460479592665,-2.67744869427974,-2.55029259263284,-2.42313649098593,-2.29598038933902,-2.16882428769211,-2.0416681860452,-1.9145120843983,-1.78735598275139,-1.66019988110448,-1.53304377945757,-1.40588767781066,-1.27873157616375,-1.15157547451685,-1.02441937286994,-0.897263271223032,-0.770107169576123,-0.642951067929211,-0.515794966282305,-0.515794966282305,-0.515794966282305,-0.515794966282305,-0.515794966282305,-0.515794966282305,-0.515794966282305,-0.515794966282305,-0.515794966282305,-0.515794966282305,-0.515794966282305,-0.515794966282305,-0.515794966282305,-0.515794966282305,-0.515794966282305,-0.515794966282305,-0.515794966282305,-0.515794966282305,-0.515794966282305,-0.515794966282305,-0.515794966282305,-33.8886582573033,-24.9630518365455,-17.7000111786097,-11.9424706937336,-7.53336479215502,-4.31562788411177,-2.13219437984155,-0.825998689582207,-0.239975223571456,-0.217058392047081,-0.600182605246848,-1.2322822734086,-1.95629180677004,-2.61514561556888,-3.05177811004309,-3.10912370043029,-2.63011679696829,-1.45769180989485,0.565216850552307,3.5956747741353,3.5956747741353,3.5956747741353,3.5956747741353,3.5956747741353,3.5956747741353,3.5956747741353,3.5956747741353,3.5956747741353,3.5956747741353,3.5956747741353,3.5956747741353,3.5956747741353,3.5956747741353,3.5956747741353,3.5956747741353,3.5956747741353,3.5956747741353,3.5956747741353,3.5956747741353,3.5956747741353,-9.63137862293751,-8.43267573601929,-7.23397284910099,-6.03526996218273,-4.83656707526445,-3.6378641883462,-2.45531516024753,-1.4045810044201,-0.714963534950099,-0.434590010667584,-0.429753327370488,-0.756549201136366,-1.56025707326955,-2.57378534808078,-3.19943492944024,-3.09842550188106,-2.36320555911148,-1.2228801862625,0.14127660090965,1.59578453283127,1.59578453283127,1.59578453283127,1.59578453283127,1.59578453283127,1.59578453283127,1.59578453283127,1.59578453283127,1.59578453283127,1.59578453283127,1.59578453283127,1.59578453283127,1.59578453283127,1.59578453283127,1.59578453283127,1.59578453283127,1.59578453283127,1.59578453283127,1.59578453283127,1.59578453283127,1.59578453283127,1,1,1,1,1,1,1,1,1,1,1,1,1,1,0,0,1,1,1,1,1,1,1,1,1,1,1,1,1,1,1,1,1,1,1,1,1,1,1,1
-0.124080277926951,0.574847234025764,0.73087696496709,1.59368752811882,0.984713262825405,-1.63738686175001,-1.16241361656125,-1.35935249166369,-0.142172385815517,-1.12872430407641,-1.09658896293614,-1.6771139129713,-1.71871703558087,0.173502286197339,-2.30887343230834,0.341987809168291,-2.0172859946479,0.233103779666838,0.258653953412738,-0.972601402670755,-1.37662610311187,0.0589319803888486,0.244333203016565,0.182350235153093,0.693138918269776,3.71646296228971,0.770038535588293,2.50936284507589,0.359629055419393,-0.490464042730439,2.11132001032778,2.69404916547616,1.59172890893018,1.73904978496307,-0.900109152926447,-2.64931156040851,0.989059894351396,-0.184348930332595,1.4711006750234,-2.98990904723179,-2.48241338170903,-2.33175496538329,-2.18109654905755,-2.03043813273181,-1.87977971640607,-1.72912130008034,-1.5784628837546,-1.42780446742886,-1.27714605110313,-1.12648763477739,-0.975829218451651,-0.825170802125912,-0.674512385800178,-0.523853969474436,-0.373195553148699,-0.222537136822961,-0.0718787204972244,0.0787796958285121,0.229438112154252,0.380096528479987,0.380096528479987,0.380096528479987,0.380096528479987,0.380096528479987,0.380096528479987,0.380096528479987,0.380096528479987,0.380096528479987,0.380096528479987,0.380096528479987,0.380096528479987,0.380096528479987,0.380096528479987,0.380096528479987,0.380096528479987,0.380096528479987,0.380096528479987,0.380096528479987,0.380096528479987,0.380096528479987,-38.58734571442,-29.1032954389651,-21.2088442674463,-14.768069738316,-9.64504939002639,-5.70386076102981,-2.80858138977855,-0.823288814724901,0.387939425678843,0.961025792980406,1.03189274872747,0.736462754467745,0.210658271748997,-0.409598237881161,-0.988384312874945,-1.38977749168472,-1.47785531276274,-1.11669531456128,-0.170375035532567,1.49702798587093,1.49702798587093,1.49702798587093,1.49702798587093,1.49702798587093,1.49702798587093,1.49702798587093,1.49702798587093,1.49702798587093,1.49702798587093,1.49702798587093,1.49702798587093,1.49702798587093,1.49702798587093,1.49702798587093,1.49702798587093,1.49702798587093,1.49702798587093,1.49702798587093,1.49702798587093,1.49702798587093,-5.08873236768738,-4.56621273182274,-4.0436930959581,-3.52117346009346,-2.99865382422882,-2.47613418836418,-1.95089440585381,-1.42472772396131,-0.965572586845822,-0.672033385773622,-0.573670100258781,-0.595067688704267,-0.617982383143381,-0.569921751656832,-0.45227599328075,-0.291368247918484,-0.0892427027694183,0.159797840055866,0.436720507186902,0.716987048326663,0.716987048326663,0.716987048326663,0.716987048326663,0.716987048326663,0.716987048326663,0.716987048326663,0.716987048326663,0.716987048326663,0.716987048326663,0.716987048326663,0.716987048326663,0.716987048326663,0.716987048326663,0.716987048326663,0.716987048326663,0.716987048326663,0.716987048326663,0.716987048326663,0.716987048326663,0.716987048326663,1,1,1,1,1,0,0,1,1,1,1,1,1,1,1,1,1,1,1,1,1,1,1,1,1,1,1,1,1,1,1,1,1,1,1,1,1,1,1,1
1.35226869388803,-1.07490969465637,-0.590170866207929,-1.44106454591054,-0.234498011929653,1.57836407755677,-1.59966635629407,-1.19117328172316,1.55498241159844,-0.0373717401057903,1.6166368171449,2.17586654521406,-0.234980073120063,-0.776288866678829,-1.86177990308027,0.31277230015797,1.81683238406435,-1.81952370760151,-0.480918523975824,2.29882734833377,0.472072333727116,0.313335454787339,2.4089449625983,-1.06047123432696,0.748359635586411,-0.497540011079954,0.313529173692181,0.898168404414589,-1.0038856200804,-2.0895666777361,-1.9764560492481,-0.671094902037444,-1.04895592885496,-1.51276492413198,0.0560188435047859,0.0819265099430293,0.167376723180519,3.38171165090344,-1.78910863136646,-0.50642617535744,0.541132753448473,0.645911902341437,0.7506910512344,0.855470200127363,0.960249349020327,1.06502849791329,1.16980764680626,1.27458679569922,1.37936594459218,1.48414509348515,1.58892424237811,1.69370339127107,1.79848254016404,1.903261689057,2.00804083794997,2.11281998684293,2.21759913573589,2.32237828462886,2.42715743352182,2.53193658241478,2.53193658241478,2.53193658241478,2.53193658241478,2.53193658241478,2.53193658241478,2.53193658241478,2.53193658241478,2.53193658241478,2.53193658241478,2.53193658241478,2.53193658241478,2.53193658241478,2.53193658241478,2.53193658241478,2.53193658241478,2.53193658241478,2.53193658241478,2.53193658241478,2.53193658241478,2.53193658241478,15.2959717558577,11.3712378419166,8.17471235063826,5.64055446666696,3.70292337464709,2.29597825922299,1.35387830503906,0.810782696739638,0.600850618969083,0.658241256371767,0.917113793592053,1.31162741527429,1.77594130606285,2.24421465060209,2.65060663353638,2.92927643951007,3.01438325316753,2.84008625915313,2.3405446421112,1.44991758668614,1.44991758668614,1.44991758668614,1.44991758668614,1.44991758668614,1.44991758668614,1.44991758668614,1.44991758668614,1.44991758668614,1.44991758668614,1.44991758668614,1.44991758668614,1.44991758668614,1.44991758668614,1.44991758668614,1.44991758668614,1.44991758668614,1.44991758668614,1.44991758668614,1.44991758668614,1.44991758668614,-0.0470560245337168,0.125559368933198,0.29817476240011,0.470790155867023,0.643405549333934,0.816020942800847,0.99334066001088,1.19557473494269,1.42811711290951,1.66515808281346,1.86678704880865,2.008889775323,2.09275099902666,2.12850681559737,2.11996962607516,2.06928560359748,1.98689378555484,1.88864715494202,1.78604140437188,1.68324142949534,1.68324142949534,1.68324142949534,1.68324142949534,1.68324142949534,1.68324142949534,1.68324142949534,1.68324142949534,1.68324142949534,1.68324142949534,1.68324142949534,1.68324142949534,1.68324142949534,1.68324142949534,1.68324142949534,1.68324142949534,1.68324142949534,1.68324142949534,1.68324142949534,1.68324142949534,1.68324142949534,1,1,1,1,1,1,1,1,1,1,1,1,1,1,1,1,1,1,1,1,1,1,1,1,1,1,1,1,1,1,1,1,1,1,1,1,1,1,1,1
-1.05729721052539,-2.32737526671571,-1.79009291349199,0.353639984699897,1.65994124990359,-1.62568588499004,-0.174134503752072,0.531224682485211,-1.23512026527964,2.73402183735641,0.863239596983071,-0.356495447908111,-1.35725591364086,-1.29783893593747,-0.857581630586996,-0.153781671235075,1.52915771025159,2.27121652036173,1.69189155259113,0.0689594651061203,1.27421953526779,-0.549833291357288,-0.581997652242755,2.99864923875925,1.36912009807935,-1.14607970520512,1.71886245003752,-0.52409478105972,-1.1315503945193,-1.5338177239881,2.23893926175451,-1.14583364517193,-1.58045888509599,-0.654422079922597,2.29462030853383,2.61093427321815,-0.261125090152008,1.51184261120544,0.106163357291191,1.19682465059712,1.77205388673814,1.6028026204576,1.43355135417706,1.26430008789652,1.09504882161598,0.925797555335434,0.756546289054892,0.587295022774349,0.418043756493809,0.248792490213265,0.0795412239327238,-0.0897100423478125,-0.258961308628356,-0.428212574908898,-0.597463841189439,-0.766715107469981,-0.935966373750524,-1.10521764003107,-1.27446890631161,-1.44372017259215,-1.44372017259215,-1.44372017259215,-1.44372017259215,-1.44372017259215,-1.44372017259215,-1.44372017259215,-1.44372017259215,-1.44372017259215,-1.44372017259215,-1.44372017259215,-1.44372017259215,-1.44372017259215,-1.44372017259215,-1.44372017259215,-1.44372017259215,-1.44372017259215,-1.44372017259215,-1.44372017259215,-1.44372017259215,-1.44372017259215,-12.9900079661989,-8.10101333568144,-4.32350478678185,-1.54022796928523,0.366071467023387,1.51264787235896,2.01675559693644,1.9956489909708,1.56658240467698,0.84681018826995,-0.0464133080353211,-0.995833734023902,-1.88419673948084,-2.59424797419108,-3.00873308793979,-3.01039773051195,-2.48198755169264,-1.30624820126689,0.634074670980361,3.45623541526392,3.45623541526392,3.45623541526392,3.45623541526392,3.45623541526392,3.45623541526392,3.45623541526392,3.45623541526392,3.45623541526392,3.45623541526392,3.45623541526392,3.45623541526392,3.45623541526392,3.45623541526392,3.45623541526392,3.45623541526392,3.45623541526392,3.45623541526392,3.45623541526392,3.45623541526392,3.45623541526392,-1.13801875258563,-0.6819734975776,-0.22592824256968,0.230117012438278,0.686162267446237,1.1422075224542,1.55181362293084,1.72549641061259,1.5881587676071,1.06410544479775,0.140223581283406,-0.847196012797559,-1.55183863123813,-2.10456088317899,-2.69883440696137,-3.02585813301996,-2.62145185380302,-1.39201748661656,0.469267802763913,2.67614549065926,2.67614549065926,2.67614549065926,2.67614549065926,2.67614549065926,2.67614549065926,2.67614549065926,2.67614549065926,2.67614549065926,2.67614549065926,2.67614549065926,2.67614549065926,2.67614549065926,2.67614549065926,2.67614549065926,2.67614549065926,2.67614549065926,2.67614549065926,2.67614549065926,2.67614549065926,2.67614549065926,1,1,1,1,1,1,1,1,1,1,1,1,1,1,1,1,1,1,1,1,1,1,1,1,1,1,1,1,1,1,1,1,1,1,1,1,1,1,1,1
0.576377828698897,0.699694910333341,1.31519625778693,-0.332899295677784,-1.39811188933399,-0.11157634953439,1.7345392057976,-0.336082441931387,0.186351524482212,-0.143745910816419,-0.728635191911303,2.85984851927773,0.564057947567809,-1.56653179701209,-0.434240277546161,-1.18000806927399,-0.642642898585759,-1.10684345253641,2.68802364696579,0.194962101753227,0.327439521825832,-1.69002940623052,0.630398154666601,0.853680141050832,-0.408093884302447,-1.11772785976365,-0.891901242677799,3.58573668508283,-0.500978915677296,0.114655374939707,0.259802562435256,3.19116454800023,-0.891680230921088,-0.116028643825812,-1.21970503346837,1.62910001535844,-1.19914061310937,0.285913591542627,0.202355935147983,2.20387838002449,2.46195825487968,2.2561162544062,2.05027425393271,1.84443225345923,1.63859025298575,1.43274825251227,1.22690625203879,1.0210642515653,0.81522225109182,0.60938025061834,0.403538250144855,0.197696249671372,-0.00814575080210744,-0.213987751275592,-0.419829751749074,-0.625671752222555,-0.831513752696038,-1.03735575316952,-1.243197753643,-1.44903975411649,-1.44903975411649,-1.44903975411649,-1.44903975411649,-1.44903975411649,-1.44903975411649,-1.44903975411649,-1.44903975411649,-1.44903975411649,-1.44903975411649,-1.44903975411649,-1.44903975411649,-1.44903975411649,-1.44903975411649,-1.44903975411649,-1.44903975411649,-1.44903975411649,-1.44903975411649,-1.44903975411649,-1.44903975411649,-1.44903975411649,-12.7480562666218,-8.4432542843086,-5.03100032857454,-2.42340805694586,-0.532591126948793,0.729336803890407,1.4502620780455,1.71807103799025,1.62065002619842,1.24588538514375,0.681663457300013,0.015870585140954,-0.663606888859643,-1.26888262222804,-1.71207027249048,-1.90528349717319,-1.76063595380243,-1.19024129990442,-0.106213193005418,1.57933470936835,1.57933470936835,1.57933470936835,1.57933470936835,1.57933470936835,1.57933470936835,1.57933470936835,1.57933470936835,1.57933470936835,1.57933470936835,1.57933470936835,1.57933470936835,1.57933470936835,1.57933470936835,1.57933470936835,1.57933470936835,1.57933470936835,1.57933470936835,1.57933470936835,1.57933470936835,1.57933470936835,3.58043792757661,3.24948046422898,2.91852300088136,2.58756553753374,2.25660807418611,1.92565061083849,1.59049545543356,1.23351341616362,0.852393990258566,0.471937964037702,0.113553317525904,-0.230917202988527,-0.567195066475422,-0.854034061857712,-1.02081676157628,-1.01897574343201,-0.840964104426586,-0.513214192017175,-0.088001880800034,0.377409614217957,0.377409614217957,0.377409614217957,0.377409614217957,0.377409614217957,0.377409614217957,0.377409614217957,0.377409614217957,0.377409614217957,0.377409614217957,0.377409614217957,0.377409614217957,0.377409614217957,0.377409614217957,0.377409614217957,0.377409614217957,0.377409614217957,0.377409614217957,0.377409614217957,0.377409614217957,0.377409614217957,1,1,1,1,1,1,1,1,1,1,1,1,1,1,1,1,1,1,1,1,1,1,1,1,1,1,1,1,1,1,1,1,1,1,1,1,1,1,1,1
0.493321254454268,1.46441232566812,-0.97324911751489,-1.05105454263877,-4.64353534762425,-0.546441390423953,-1.14256484728878,-1.10116322707009,0.509053011044482,-0.840548313603556,3.89980960571375,1.52492785232868,0.151022771951792,0.202545406258375,0.209192987750518,0.109771110388586,-0.415131784212875,0.586985359317952,1.4666443420839,2.06170194191568,-1.52762780741046,0.602395850604935,-0.933085810568375,2.60832259375637,-1.40507204894059,-1.06182251995414,0.899778291250659,0.303915665480185,-3.16167097442949,2.56391255870164,1.69838863412961,-2.35568063140301,0.201036325969861,-3.99331441168369,-1.5294287579722,0.334539435438117,-1.99265595171545,0.350549663024752,-0.230656876496628,-0.440612906280686,-3.98619908606851,-3.72752301902031,-3.46884695197212,-3.21017088492392,-2.95149481787573,-2.69281875082753,-2.43414268377933,-2.17546661673114,-1.91679054968294,-1.65811448263474,-1.39943841558655,-1.14076234853835,-0.882086281490153,-0.623410214441957,-0.364734147393762,-0.106058080345566,0.15261798670263,0.411294053750828,0.669970120799023,0.928646187847221,0.928646187847221,0.928646187847221,0.928646187847221,0.928646187847221,0.928646187847221,0.928646187847221,0.928646187847221,0.928646187847221,0.928646187847221,0.928646187847221,0.928646187847221,0.928646187847221,0.928646187847221,0.928646187847221,0.928646187847221,0.928646187847221,0.928646187847221,0.928646187847221,0.928646187847221,0.928646187847221,-41.9306039309967,-32.3165350507044,-24.2009675327635,-17.4642902310209,-11.9868919993238,-7.64916169151918,-4.33148816145416,-1.91426026297576,-0.277866849931083,0.697303223832856,1.13086110446897,1.14241793813021,0.851584870969466,0.37797304913974,-0.158806381206059,-0.639142273915041,-0.943423482834188,-0.952038861810566,-0.545377264691338,0.396172454676551,0.396172454676551,0.396172454676551,0.396172454676551,0.396172454676551,0.396172454676551,0.396172454676551,0.396172454676551,0.396172454676551,0.396172454676551,0.396172454676551,0.396172454676551,0.396172454676551,0.396172454676551,0.396172454676551,0.396172454676551,0.396172454676551,0.396172454676551,0.396172454676551,0.396172454676551,0.396172454676551,-15.2396774697309,-13.2959681729663,-11.3522588762017,-9.40854957943712,-7.46484028267254,-5.52113098590796,-3.64065927444032,-2.08730626370204,-0.940368182523782,-0.112284004325859,0.33519157652721,0.255759567047177,-0.180022719228498,-0.519200784367898,-0.541323756712014,-0.386996059301786,-0.186616260589,0.0322694758925799,0.15366846852543,0.107741628239577,0.107741628239577,0.107741628239577,0.107741628239577,0.107741628239577,0.107741628239577,0.107741628239577,0.107741628239577,0.107741628239577,0.107741628239577,0.107741628239577,0.107741628239577,0.107741628239577,0.107741628239577,0.107741628239577,0.107741628239577,0.107741628239577,0.107741628239577,0.107741628239577,0.107741628239577,0.107741628239577,1,1,1,1,1,1,1,1,1,1,1,1,1,1,1,1,1,1,1,1,1,1,1,1,1,1,1,1,1,1,1,1,1,1,1,1,1,1,1,1
-0.540126513322855,-0.816776574324503,-0.305164426948751,-0.972721432427114,0.830958930797901,1.61746534767726,-0.985133462418041,1.5332555881192,0.469501953006457,0.407295120423386,1.15359322320051,1.29560050050456,2.40619688046828,-1.42117815186574,-1.76258757313944,-1.5506316578736,0.774937030443878,-2.14569795330386,2.41557733790829,0.646756998255446,0.166521296972755,0.756627600199398,1.08094581938585,-1.17589861838786,-0.631179927671116,0.579611618586691,0.533026514105199,-0.705886653731593,-0.475222835413566,-0.428269931431101,1.52050513202444,1.86704749974557,1.22138489183017,-1.19503391760919,-0.0392225233876839,2.79443278523985,-0.312170092379828,1.57820309766118,1.47379940544406,0.932329445649501,0.105354535467634,0.151937397502166,0.198520259536697,0.245103121571229,0.291685983605761,0.338268845640293,0.384851707674825,0.431434569709356,0.47801743174389,0.524600293778422,0.571183155812953,0.617766017847487,0.664348879882017,0.710931741916548,0.75751460395108,0.804097465985613,0.850680328020147,0.897263190054677,0.94384605208921,0.99042891412374,0.99042891412374,0.99042891412374,0.99042891412374,0.99042891412374,0.99042891412374,0.99042891412374,0.99042891412374,0.99042891412374,0.99042891412374,0.99042891412374,0.99042891412374,0.99042891412374,0.99042891412374,0.99042891412374,0.99042891412374,0.99042891412374,0.99042891412374,0.99042891412374,0.99042891412374,0.99042891412374,-16.260951503273,-11.1163949726625,-7.03489176039741,-3.90624179018253,-1.62024498572274,-0.0667012707229215,0.864589431112051,1.2838271960773,1.30121210046796,1.02694422057914,0.571223632705992,0.0442504131436028,-0.443775361812877,-0.782653615868304,-0.862184272727609,-0.572167256095618,0.19759751032278,1.55731010282267,3.61717059769926,6.48737907124764,6.48737907124764,6.48737907124764,6.48737907124764,6.48737907124764,6.48737907124764,6.48737907124764,6.48737907124764,6.48737907124764,6.48737907124764,6.48737907124764,6.48737907124764,6.48737907124764,6.48737907124764,6.48737907124764,6.48737907124764,6.48737907124764,6.48737907124764,6.48737907124764,6.48737907124764,6.48737907124764,2.6853104692093,2.37874017156707,2.07216987392483,1.7655995762826,1.45902927864036,1.15245898099813,0.857318760376012,0.618514656617059,0.435172919358525,0.265943896278015,0.086690631865272,-0.0888704281805719,-0.206745330497819,-0.17821774873933,0.0738186126398901,0.562200172091062,1.23773390604559,2.02664162678499,2.86128609228484,3.70301709392876,3.70301709392876,3.70301709392876,3.70301709392876,3.70301709392876,3.70301709392876,3.70301709392876,3.70301709392876,3.70301709392876,3.70301709392876,3.70301709392876,3.70301709392876,3.70301709392876,3.70301709392876,3.70301709392876,3.70301709392876,3.70301709392876,3.70301709392876,3.70301709392876,3.70301709392876,3.70301709392876,1,1,1,1,1,1,1,1,1,1,1,1,1,1,1,1,1,1,1,1,1,1,1,1,1,1,1,1,1,1,1,1,1,1,1,1,1,1,1,1
-2.36817980602106,-1.38084643294482,-1.55257213170889,-1.71626450757946,-1.22186278473074,1.79679106912857,-0.724348190227712,1.6662420892016,-2.07639142677634,-0.63145681138351,-1.82953689187336,0.560210164531412,-2.7788832048216,-0.514854127387732,-3.15228252393194,2.21987207850748,-1.02470340839528,-1.42533564500981,0.103335443730398,0.18475285523872,3.23072337029383,-1.99613529288493,5.25883705934002,-0.618603268821754,-1.89628519966008,-1.22045876645741,0.0507470042878513,-0.58230108660781,1.52859986119471,2.88821208236834,-2.19045841420059,-1.33091268200773,-3.32109774830032,-0.273429133902255,-0.216302933593461,0.235666459398868,2.77192602656528,-0.891718073912251,-1.08439228717152,2.34796572001667,-5.12672612424661,-4.89439484761335,-4.6620635709801,-4.42973229434684,-4.19740101771359,-3.96506974108033,-3.73273846444708,-3.50040718781382,-3.26807591118057,-3.03574463454731,-2.80341335791406,-2.5710820812808,-2.33875080464755,-2.10641952801429,-1.87408825138104,-1.64175697474778,-1.40942569811453,-1.17709442148127,-0.944763144848018,-0.712431868214763,-0.712431868214763,-0.712431868214763,-0.712431868214763,-0.712431868214763,-0.712431868214763,-0.712431868214763,-0.712431868214763,-0.712431868214763,-0.712431868214763,-0.712431868214763,-0.712431868214763,-0.712431868214763,-0.712431868214763,-0.712431868214763,-0.712431868214763,-0.712431868214763,-0.712431868214763,-0.712431868214763,-0.712431868214763,-0.712431868214763,4.47280087291981,3.19642688475097,1.97143247809884,0.812290711176948,-0.266525357801215,-1.25054267062212,-2.12528816907226,-2.87628879493815,-3.48907149000625,-3.94916319606306,-4.24209085489506,-4.35338140828876,-4.26856179803064,-3.9731589659072,-3.45269985370491,-2.69271140321028,-1.67872055620978,-0.396254254489916,1.16916056016283,3.03199694596196,3.03199694596196,3.03199694596196,3.03199694596196,3.03199694596196,3.03199694596196,3.03199694596196,3.03199694596196,3.03199694596196,3.03199694596196,3.03199694596196,3.03199694596196,3.03199694596196,3.03199694596196,3.03199694596196,3.03199694596196,3.03199694596196,3.03199694596196,3.03199694596196,3.03199694596196,3.03199694596196,-2.38447704794245,-2.51710935653206,-2.64974166512168,-2.7823739737113,-2.91500628230092,-3.04763859089054,-3.176143016804,-3.28067874793692,-3.34257150197965,-3.35347772101594,-3.31124157270375,-3.21139001693656,-3.04122158263529,-2.7835990363362,-2.42841079628369,-1.97733279561656,-1.43732082937314,-0.817139049249798,-0.13421019073516,0.581835138927552,0.581835138927552,0.581835138927552,0.581835138927552,0.581835138927552,0.581835138927552,0.581835138927552,0.581835138927552,0.581835138927552,0.581835138927552,0.581835138927552,0.581835138927552,0.581835138927552,0.581835138927552,0.581835138927552,0.581835138927552,0.581835138927552,0.581835138927552,0.581835138927552,0.581835138927552,0.581835138927552,1,1,1,1,1,1,1,1,1,0,1,0,1,1,1,1,1,1,1,1,1,1,1,1,1,1,1,1,1,1,1,1,1,1,1,1,1,1,1,1
0.943455290311116,0.730922651069705,0.82059046799935,1.50503443821778,0.791627649375766,1.50445879764555,1.99951631115848,-1.55701193800783,0.963712229640365,-3.31993856679016,0.808297627327439,0.344944632964955,0.349629366318032,-0.0575052368930358,2.33194030772705,2.4024274425208,-0.907611982346703,0.479416191697323,-0.119691633964145,-0.585851558086548,-0.362216239077451,-0.648022359650632,0.304827648091335,-0.768654813346863,0.234215441056122,0.25049278566539,-1.51398856325075,-1.00978025469685,0.896473728191619,1.07886904261805,1.08694605062974,0.257820745703333,0.409637249009148,-0.77264532138604,-0.581022826697831,1.39196734868356,0.328026422991156,-2.2785652236059,-1.04923807193005,-2.73137603778981,-0.102396349551912,-0.18122293493698,-0.260049520322046,-0.338876105707112,-0.41770269109218,-0.496529276477247,-0.575355861862315,-0.654182447247383,-0.733009032632452,-0.811835618017518,-0.890662203402584,-0.969488788787652,-1.04831537417272,-1.12714195955779,-1.20596854494286,-1.28479513032792,-1.36362171571299,-1.44244830109806,-1.52127488648312,-1.60010147186819,-1.60010147186819,-1.60010147186819,-1.60010147186819,-1.60010147186819,-1.60010147186819,-1.60010147186819,-1.60010147186819,-1.60010147186819,-1.60010147186819,-1.60010147186819,-1.60010147186819,-1.60010147186819,-1.60010147186819,-1.60010147186819,-1.60010147186819,-1.60010147186819,-1.60010147186819,-1.60010147186819,-1.60010147186819,-1.60010147186819,11.7670445848338,8.161086062873,5.24453682629362,2.95117449818442,1.21477670163417,-0.0308789402683809,-0.852014804434448,-1.31485326777527,-1.48561670720211,-1.43052749962616,-1.21580802195868,-0.907680651110882,-0.57236776399402,-0.276091737519359,-0.0850749485980806,-0.0655397741414241,-0.283708591060636,-0.805803776266981,-1.69804770667166,-3.02666275918589,-3.02666275918589,-3.02666275918589,-3.02666275918589,-3.02666275918589,-3.02666275918589,-3.02666275918589,-3.02666275918589,-3.02666275918589,-3.02666275918589,-3.02666275918589,-3.02666275918589,-3.02666275918589,-3.02666275918589,-3.02666275918589,-3.02666275918589,-3.02666275918589,-3.02666275918589,-3.02666275918589,-3.02666275918589,-3.02666275918589,0.262975209902578,0.109288505232002,-0.0443981994385743,-0.198084904109149,-0.351771608779724,-0.505458313450299,-0.656509519602049,-0.793986745319797,-0.912758169108162,-1.00517395684211,-1.05473188904526,-1.0586465664701,-1.0439425694343,-1.04316826640061,-1.06401976889329,-1.0961426801248,-1.13301029714719,-1.1705890499853,-1.19928534674342,-1.2159280714203,-1.2159280714203,-1.2159280714203,-1.2159280714203,-1.2159280714203,-1.2159280714203,-1.2159280714203,-1.2159280714203,-1.2159280714203,-1.2159280714203,-1.2159280714203,-1.2159280714203,-1.2159280714203,-1.2159280714203,-1.2159280714203,-1.2159280714203,-1.2159280714203,-1.2159280714203,-1.2159280714203,-1.2159280714203,-1.2159280714203,1,1,1,1,1,1,1,1,1,1,1,1,1,1,1,1,1,1,1,1,1,1,1,1,1,1,1,1,1,1,1,1,1,1,1,1,1,1,1,1
1.31734135683968,1.19271591300259,-0.462287843110111,1.09372900501249,0.958630244109171,-0.381833173875654,-1.31435011197903,0.0806275681107964,0.50044973914501,1.95440188642811,2.20916527771806,-0.579499153228239,1.98512334039014,1.94533408253139,-2.5267899691463,-1.89968364589897,0.208893705872626,-1.17876442277084,1.30128518567635,1.43821207489689,-0.391140590805778,-0.299223280620799,-2.18112466391477,-0.0852999573088375,-2.37149045913671,-0.213082050398988,-0.732532180249498,-0.563891293301573,0.0685554617456532,0.859173098709199,-2.99074088904785,0.310392640502371,0.975622758848209,1.29764743855156,-0.767762629119478,0.896362864583475,-0.500450346979351,0.0761247751007499,1.64213256927142,0.285674346709497,2.2851429242907,2.05381073809928,1.82247855190786,1.59114636571644,1.35981417952502,1.1284819933336,0.897149807142174,0.665817620950754,0.434485434759333,0.203153248567913,-0.0281789376235064,-0.25951112381493,-0.490843310006351,-0.722175496197771,-0.953507682389191,-1.18483986858061,-1.41617205477203,-1.64750424096345,-1.87883642715487,-2.11016861334629,-2.11016861334629,-2.11016861334629,-2.11016861334629,-2.11016861334629,-2.11016861334629,-2.11016861334629,-2.11016861334629,-2.11016861334629,-2.11016861334629,-2.11016861334629,-2.11016861334629,-2.11016861334629,-2.11016861334629,-2.11016861334629,-2.11016861334629,-2.11016861334629,-2.11016861334629,-2.11016861334629,-2.11016861334629,-2.11016861334629,-2.30975322445193,-0.981786227819242,-0.00285185260523058,0.664705887432858,1.05854297853779,1.21631540695232,1.17567915891921,0.974290220681224,0.649804578481113,0.239878218561648,-0.217832872834411,-0.685672709464301,-1.12598530508528,-1.50111467345457,-1.77340482832941,-1.90519978346705,-1.8588435526247,-1.59668014955968,-1.08105358802914,-0.274307881790341,-0.274307881790341,-0.274307881790341,-0.274307881790341,-0.274307881790341,-0.274307881790341,-0.274307881790341,-0.274307881790341,-0.274307881790341,-0.274307881790341,-0.274307881790341,-0.274307881790341,-0.274307881790341,-0.274307881790341,-0.274307881790341,-0.274307881790341,-0.274307881790341,-0.274307881790341,-0.274307881790341,-0.274307881790341,-0.274307881790341,2.7673083798532,2.46230032436422,2.15729226887523,1.85228421338625,1.54727615789726,1.24226810240826,0.940085125597587,0.652288132521802,0.38251372441951,0.129561301360397,-0.113507611548549,-0.369850343597937,-0.656396992383231,-0.944897897246054,-1.178069751006,-1.33103542026701,-1.42969512410675,-1.50776242724149,-1.57508124584663,-1.63257674905432,-1.63257674905432,-1.63257674905432,-1.63257674905432,-1.63257674905432,-1.63257674905432,-1.63257674905432,-1.63257674905432,-1.63257674905432,-1.63257674905432,-1.63257674905432,-1.63257674905432,-1.63257674905432,-1.63257674905432,-1.63257674905432,-1.63257674905432,-1.63257674905432,-1.63257674905432,-1.63257674905432,-1.63257674905432,-1.63257674905432,1,1,1,1,1,1,1,1,1,1,1,1,1,1,1,1,1,1,1,1,1,1,1,1,1,1,1,1,1,1,1,1,1,1,1,1,1,1,1,1
2.00047074888162,1.34164500692053,1.72391903410963,-0.677620439472979,0.0935065528302594,2.4336292906847,0.805406361186838,0.483494054164124,-0.108741532967397,-0.290248624185381,0.314543873808434,1.02959457363714,0.853057157921072,-0.445668024206817,-1.06542235584791,1.76915875372997,-0.931686651707617,-0.301543266196884,-0.933781226388293,-2.20840085055704,0.120770361299096,0.671514259539217,0.115438947809889,0.387354013840888,-2.82046694788299,0.426615043048269,-0.471640420364384,-0.309746601213879,1.6056649282578,-1.13104715487896,-1.14027590743897,-0.467074767732154,-0.677258562363528,1.36755298175961,-0.823265999528699,-1.30709210339357,-2.02422489667389,-0.733215232749423,-0.402241427446524,-2.06608704121436,2.35416625761619,2.14875705876378,1.94334785991136,1.73793866105895,1.53252946220653,1.32712026335412,1.1217110645017,0.91630186564929,0.710892666796873,0.505483467944458,0.300074269092045,0.0946650702396301,-0.110744128612785,-0.3161533274652,-0.521562526317615,-0.72697172517003,-0.932380924022443,-1.13779012287486,-1.34319932172727,-1.54860852057969,-1.54860852057969,-1.54860852057969,-1.54860852057969,-1.54860852057969,-1.54860852057969,-1.54860852057969,-1.54860852057969,-1.54860852057969,-1.54860852057969,-1.54860852057969,-1.54860852057969,-1.54860852057969,-1.54860852057969,-1.54860852057969,-1.54860852057969,-1.54860852057969,-1.54860852057969,-1.54860852057969,-1.54860852057969,-1.54860852057969,1.78650778598887,0.930768534881678,0.34409744696376,-0.0101423888053223,-0.168587883466003,-0.167875948058711,-0.04464349362389,0.164472568798034,0.422835328166629,0.693807873441441,0.940753293582079,1.12703467754806,1.21601511429897,1.17105769279438,0.955525501993854,0.532781630856949,-0.133810831656765,-1.0808887965877,-2.34508917497633,-3.96304887786307,-3.96304887786307,-3.96304887786307,-3.96304887786307,-3.96304887786307,-3.96304887786307,-3.96304887786307,-3.96304887786307,-3.96304887786307,-3.96304887786307,-3.96304887786307,-3.96304887786307,-3.96304887786307,-3.96304887786307,-3.96304887786307,-3.96304887786307,-3.96304887786307,-3.96304887786307,-3.96304887786307,-3.96304887786307,-3.96304887786307,-0.793917692919559,-0.595193335631014,-0.39646897834247,-0.197744621053924,0.000979736234619111,0.19970409352316,0.396876971279658,0.583384166412932,0.741962409655093,0.848788537480642,0.878088232514362,0.811820205218556,0.647885425299394,0.396783189856743,0.0669266232844539,-0.344977887973553,-0.842149056564446,-1.40654160449422,-2.00128060653688,-2.59940366337388,-2.59940366337388,-2.59940366337388,-2.59940366337388,-2.59940366337388,-2.59940366337388,-2.59940366337388,-2.59940366337388,-2.59940366337388,-2.59940366337388,-2.59940366337388,-2.59940366337388,-2.59940366337388,-2.59940366337388,-2.59940366337388,-2.59940366337388,-2.59940366337388,-2.59940366337388,-2.59940366337388,-2.59940366337388,-2.59940366337388,1,1,1,1,1,1,1,1,1,1,1,1,1,1,1,1,1,1,1,1,1,1,1,1,1,1,1,1,1,1,1,1,1,1,1,1,1,1,1,1
-0.513166990531103,-1.4279116664401,-1.57340461619801,-1.00298281127972,-0.627520736138665,-0.0789119444085191,0.393207201566648,1.82210746902623,1.26334363456662,1.31424971604557,1.89308155205853,0.303288742006844,1.41981492842054,0.813942057558911,0.00165013797832891,-0.0351787081613981,-1.78649802776814,1.18703363366729,-1.2105431228963,-1.31332293568778,-1.03894559390507,-3.71356059779078,1.56731126868802,-0.194176014707047,-1.64026157537063,-2.03659281079212,-0.598320135433818,-0.163187566554143,1.35662392685586,0.17127877181434,-1.91877414530904,-2.05846668376167,-1.03551342111049,0.343746874139757,1.54443320958573,-0.723902224123689,-0.498984811441991,1.44970449926544,-0.445958821743037,-0.637894077535035,2.04890359326505,1.95403130512913,1.85915901699321,1.76428672885729,1.66941444072136,1.57454215258544,1.47966986444952,1.3847975763136,1.28992528817768,1.19505300004176,1.10018071190584,1.00530842376992,0.910436135633999,0.815563847498078,0.720691559362157,0.625819271226238,0.530946983090315,0.436074694954396,0.341202406818473,0.246330118682552,0.246330118682552,0.246330118682552,0.246330118682552,0.246330118682552,0.246330118682552,0.246330118682552,0.246330118682552,0.246330118682552,0.246330118682552,0.246330118682552,0.246330118682552,0.246330118682552,0.246330118682552,0.246330118682552,0.246330118682552,0.246330118682552,0.246330118682552,0.246330118682552,0.246330118682552,0.246330118682552,-5.70105380986983,-4.03701984630102,-2.61446796638213,-1.41845464006738,-0.434036337311029,0.353730471932696,0.959789317709561,1.39908373006533,1.68655723904573,1.83715337469657,1.86581566706361,1.78748764619258,1.61711284212928,1.36963478491945,1.05999700460886,0.70314303124324,0.314016394868375,-0.092439374469933,-0.501280746725953,-0.897564191853943,-0.897564191853943,-0.897564191853943,-0.897564191853943,-0.897564191853943,-0.897564191853943,-0.897564191853943,-0.897564191853943,-0.897564191853943,-0.897564191853943,-0.897564191853943,-0.897564191853943,-0.897564191853943,-0.897564191853943,-0.897564191853943,-0.897564191853943,-0.897564191853943,-0.897564191853943,-0.897564191853943,-0.897564191853943,-0.897564191853943,4.49776201683674,3.95315789198878,3.40855376714081,2.86394964229285,2.3193455174449,1.77474139259696,1.27118151977517,0.961359160667014,0.818927464409983,0.77063837194256,0.911537765046681,1.3102309836484,1.78681643948488,2.06793457099073,2.02299251565399,1.65217278046623,0.970695937639665,-0.0113018463881573,-1.24223103403235,-2.60861505554327,-2.60861505554327,-2.60861505554327,-2.60861505554327,-2.60861505554327,-2.60861505554327,-2.60861505554327,-2.60861505554327,-2.60861505554327,-2.60861505554327,-2.60861505554327,-2.60861505554327,-2.60861505554327,-2.60861505554327,-2.60861505554327,-2.60861505554327,-2.60861505554327,-2.60861505554327,-2.60861505554327,-2.60861505554327,-2.60861505554327,1,1,1,1,1,1,1,1,1,1,1,1,1,1,1,1,1,1,1,1,1,1,1,1,1,1,1,1,1,1,1,1,1,1,1,1,1,1,1,1
1.33083685299664,-0.860321843328022,-2.31983086650723,0.517681727677746,1.25997640952747,0.75491813047844,-1.58132565358971,2.41708298384224,0.593274456659151,0.167525637171408,0.552600241036636,-0.842762357153903,2.09283072326176,1.45778203154448,-1.7908667174285,2.21144073926441,0.494116343518902,0.522289641955744,2.38226477419481,0.301691724133713,0.494371174374868,0.801623770318884,0.450030452214824,1.73085837486592,-0.471958777180381,0.845319779212703,0.793830651880185,1.60060791348555,-2.82108134933429,0.657555265003079,-3.97572049647313,-0.364086569059284,-1.65053062082444,1.39294541611486,0.737566353552948,0.282505959439172,1.36023442603542,-1.84350890283511,-2.09701196669392,1.47109398339873,3.54364979776612,3.33671936429601,3.1297889308259,2.92285849735579,2.71592806388568,2.50899763041557,2.30206719694546,2.09513676347535,1.88820633000524,1.68127589653512,1.47434546306501,1.2674150295949,1.06048459612479,0.85355416265468,0.646623729184567,0.439693295714459,0.232762862244346,0.0258324287742351,-0.181098004695876,-0.388028438165987,-0.388028438165987,-0.388028438165987,-0.388028438165987,-0.388028438165987,-0.388028438165987,-0.388028438165987,-0.388028438165987,-0.388028438165987,-0.388028438165987,-0.388028438165987,-0.388028438165987,-0.388028438165987,-0.388028438165987,-0.388028438165987,-0.388028438165987,-0.388028438165987,-0.388028438165987,-0.388028438165987,-0.388028438165987,-0.388028438165987,2.39896889421234,2.88753902677769,3.1631324013545,3.25372346754628,3.18728667495653,2.99179647318877,2.6952273118465,2.32555364053323,1.91074990885247,1.47879056640772,1.0576500628025,0.675302847640296,0.359723370524653,0.138886081059038,0.0407654288469921,0.0933358634920172,0.324571834597592,0.76244779176727,1.4349381846045,2.37001746271288,2.37001746271288,2.37001746271288,2.37001746271288,2.37001746271288,2.37001746271288,2.37001746271288,2.37001746271288,2.37001746271288,2.37001746271288,2.37001746271288,2.37001746271288,2.37001746271288,2.37001746271288,2.37001746271288,2.37001746271288,2.37001746271288,2.37001746271288,2.37001746271288,2.37001746271288,2.37001746271288,4.69450354618861,4.36065475673321,4.02680596727781,3.69295717782242,3.35910838836702,3.02525959891162,2.690336765473,2.34321059732068,1.95404040725446,1.52039695760577,1.09115770718306,0.717225544179625,0.418100969867535,0.214489876697497,0.145949410981105,0.231606362870153,0.44467509531596,0.740128472460627,1.08463514643125,1.45375631856398,1.45375631856398,1.45375631856398,1.45375631856398,1.45375631856398,1.45375631856398,1.45375631856398,1.45375631856398,1.45375631856398,1.45375631856398,1.45375631856398,1.45375631856398,1.45375631856398,1.45375631856398,1.45375631856398,1.45375631856398,1.45375631856398,1.45375631856398,1.45375631856398,1.45375631856398,1.45375631856398,1,1,1,1,1,1,1,1,1,1,1,1,1,1,1,1,1,1,1,1,1,1,1,1,1,1,1,1,1,1,1,1,1,1,1,1,1,1,1,1
-0.215003508101626,0.266279760612937,0.530668325225701,-3.85886557655372,-0.220693586210335,-1.63392494315753,-2.20388231037134,-0.0237579019263858,-0.506454015814157,1.17068213023372,2.08640125821333,0.555160493363573,-0.912269954208902,0.204975629072068,-0.81902330708594,0.134285502614853,2.59983285519942,1.03557784758651,0.85847791769501,0.915099428417061,0.502308596614061,-1.49974539969712,1.56688812826388,0.41204267889864,0.432887374887397,-1.52399909463646,2.54622249049517,1.14261663015414,-0.048410728701608,3.2100572008037,-1.15773599934369,-0.156155747655339,0.356496260102665,-2.04638452522827,-1.71743799994864,1.25784595686788,-0.874317097569564,-0.825778559828223,-1.86581731568938,-0.96838691287309,-0.472393882393736,-0.380139295318484,-0.287884708243228,-0.195630121167977,-0.10337553409272,-0.0111209470174689,0.0811336400577858,0.17338822713304,0.265642814208293,0.357897401283546,0.450151988358803,0.542406575434056,0.63466116250931,0.726915749584563,0.819170336659818,0.911424923735073,1.00367951081033,1.09593409788558,1.18818868496083,1.28044327203609,1.28044327203609,1.28044327203609,1.28044327203609,1.28044327203609,1.28044327203609,1.28044327203609,1.28044327203609,1.28044327203609,1.28044327203609,1.28044327203609,1.28044327203609,1.28044327203609,1.28044327203609,1.28044327203609,1.28044327203609,1.28044327203609,1.28044327203609,1.28044327203609,1.28044327203609,1.28044327203609,-8.72876303263264,-6.37501627269834,-4.43084842589961,-2.85919124221567,-1.62297647162572,-0.68513586410899,-0.00860116964469171,0.443695861787958,0.708823480209743,0.823849935641448,0.825843478103859,0.751872357617755,0.63900482420393,0.524309127883159,0.444853518676235,0.437706246603929,0.539935561687017,0.788609713946332,1.22079695340259,1.87356553007663,1.87356553007663,1.87356553007663,1.87356553007663,1.87356553007663,1.87356553007663,1.87356553007663,1.87356553007663,1.87356553007663,1.87356553007663,1.87356553007663,1.87356553007663,1.87356553007663,1.87356553007663,1.87356553007663,1.87356553007663,1.87356553007663,1.87356553007663,1.87356553007663,1.87356553007663,1.87356553007663,-2.55217799311425,-2.14861433567552,-1.74505067823678,-1.34148702079805,-0.937923363359312,-0.534359705920576,-0.137216173498015,0.221887667097524,0.508798339733978,0.700533412970319,0.792462887656715,0.807191895515137,0.789083066257046,0.780384271895713,0.799480910315213,0.833529113938067,0.841324363156325,0.771093897391291,0.59855057344012,0.355922336776748,0.355922336776748,0.355922336776748,0.355922336776748,0.355922336776748,0.355922336776748,0.355922336776748,0.355922336776748,0.355922336776748,0.355922336776748,0.355922336776748,0.355922336776748,0.355922336776748,0.355922336776748,0.355922336776748,0.355922336776748,0.355922336776748,0.355922336776748,0.355922336776748,0.355922336776748,0.355922336776748,1,1,1,1,1,1,1,1,1,1,1,1,1,1,1,1,1,1,1,1,1,1,1,1,1,1,1,1,1,1,1,1,1,1,1,1,1,1,1,1
-1.01678854715583,-0.400986998746053,-1.83851280803621,-1.46476997612224,2.92826216723206,0.770012770532227,-0.660374080107455,1.79085821596225,0.950595616439511,-0.222916518386581,-1.21150154360842,-0.0606266143768313,-2.20260321280228,0.0237000499248374,-0.328379663922187,0.198403523057337,0.726601713180152,0.578603348975188,0.591781722903573,-1.19641299065603,0.950719584448739,-0.267542924399818,-2.53261790771713,-0.219977929146088,2.27314651676501,2.16656236716108,-0.857572614621819,0.195433007755199,-1.0830680034144,1.01923162939231,1.20324415357901,-0.869225476638546,-0.687334788069609,1.06581759633278,1.27591113822841,0.579631450800054,2.2478963989435,0.867342605619537,0.262954225113136,0.27135558621389,4.23916774174322,3.96078340543145,3.68239906911968,3.40401473280792,3.12563039649615,2.84724606018438,2.56886172387262,2.29047738756085,2.01209305124908,1.73370871493731,1.45532437862555,1.17694004231378,0.898555706002012,0.620171369690246,0.34178703337848,0.0634026970667119,-0.214981639245055,-0.493365975556822,-0.77175031186859,-1.05013464818036,-1.05013464818036,-1.05013464818036,-1.05013464818036,-1.05013464818036,-1.05013464818036,-1.05013464818036,-1.05013464818036,-1.05013464818036,-1.05013464818036,-1.05013464818036,-1.05013464818036,-1.05013464818036,-1.05013464818036,-1.05013464818036,-1.05013464818036,-1.05013464818036,-1.05013464818036,-1.05013464818036,-1.05013464818036,-1.05013464818036,16.4029637315273,13.0213279574737,10.1520231856122,7.75362706265627,5.78471723531936,4.20387135031506,2.9696670543569,2.04068199415839,1.37549381643307,0.932680167894487,0.670818695256179,0.54848704523164,0.524262864534458,0.556723799878123,0.604447497976167,0.626011605542139,0.579993769289587,0.424971635932001,0.119522852182959,-0.377774935244037,-0.377774935244037,-0.377774935244037,-0.377774935244037,-0.377774935244037,-0.377774935244037,-0.377774935244037,-0.377774935244037,-0.377774935244037,-0.377774935244037,-0.377774935244037,-0.377774935244037,-0.377774935244037,-0.377774935244037,-0.377774935244037,-0.377774935244037,-0.377774935244037,-0.377774935244037,-0.377774935244037,-0.377774935244037,-0.377774935244037,7.19770459742044,6.49698775144285,5.79627090546526,5.09555405948768,4.39483721351009,3.6941203675325,2.99237301855622,2.29250685982106,1.63682378589062,1.10240633283128,0.734727214599044,0.506704341069293,0.374796615204438,0.330289400461362,0.359164200235023,0.414559586452087,0.45982939578254,0.478331005758619,0.445541256061684,0.36045749351805,0.36045749351805,0.36045749351805,0.36045749351805,0.36045749351805,0.36045749351805,0.36045749351805,0.36045749351805,0.36045749351805,0.36045749351805,0.36045749351805,0.36045749351805,0.36045749351805,0.36045749351805,0.36045749351805,0.36045749351805,0.36045749351805,0.36045749351805,0.36045749351805,0.36045749351805,0.36045749351805,1,1,1,1,1,1,1,1,1,1,1,1,1,1,1,1,1,1,1,1,1,1,1,1,1,1,1,1,1,1,1,1,1,1,1,1,1,1,1,1
-0.27316821184479,-1.79979014395797,4.33183269784888,-0.609743185922182,2.4415980813637,0.033179788509683,3.05452960497198,-1.75911538708691,-0.902515982433453,-0.967128550551255,-1.94821491331864,0.678357909874457,2.35673434365137,-1.0436844026898,-1.70074529728218,-0.00373978433794342,0.559670966610476,0.646823885407684,-2.45948370582139,-0.38447662255035,0.184880794767366,-1.92131516545462,0.317237788758286,-0.656695054524317,-2.38093506074607,-2.0691133617808,-1.67436610723356,0.146968514235894,-0.414177176411503,1.85919415095197,2.05880023474418,1.20282026361905,-3.60842841287266,0.871316737281363,-1.31844448533143,2.01458803099746,-0.408694879463614,-0.0425639546466048,0.7526651068878,-0.853910768315332,-2.33381970298349,-2.27656543027809,-2.21931115757269,-2.1620568848673,-2.1048026121619,-2.0475483394565,-1.9902940667511,-1.9330397940457,-1.8757855213403,-1.8185312486349,-1.7612769759295,-1.70402270322411,-1.64676843051871,-1.58951415781331,-1.53225988510791,-1.47500561240251,-1.41775133969711,-1.36049706699171,-1.30324279428632,-1.24598852158092,-1.24598852158092,-1.24598852158092,-1.24598852158092,-1.24598852158092,-1.24598852158092,-1.24598852158092,-1.24598852158092,-1.24598852158092,-1.24598852158092,-1.24598852158092,-1.24598852158092,-1.24598852158092,-1.24598852158092,-1.24598852158092,-1.24598852158092,-1.24598852158092,-1.24598852158092,-1.24598852158092,-1.24598852158092,-1.24598852158092,6.985880280099,3.67646406719427,1.14163490749216,-0.703208371945156,-1.94266694405552,-2.66134198177677,-2.94383465804674,-2.87474614580327,-2.53867761798419,-2.02023024752735,-1.40400520737057,-0.774603670451693,-0.21662680970856,0.185324201920986,0.346648191499119,0.182743986088006,-0.390989587250198,-1.45915370145334,-3.10634952945921,-5.41717824420572,-5.41717824420572,-5.41717824420572,-5.41717824420572,-5.41717824420572,-5.41717824420572,-5.41717824420572,-5.41717824420572,-5.41717824420572,-5.41717824420572,-5.41717824420572,-5.41717824420572,-5.41717824420572,-5.41717824420572,-5.41717824420572,-5.41717824420572,-5.41717824420572,-5.41717824420572,-5.41717824420572,-5.41717824420572,-5.41717824420572,-3.77847596271125,-3.53289732258052,-3.2873186824498,-3.04174004231907,-2.79616140218834,-2.55058276205762,-2.30456356470044,-2.0570949531584,-1.81375010227931,-1.59097985427798,-1.40856134074548,-1.27896276008767,-1.20807088212213,-1.19846199241714,-1.2448603870875,-1.33567108582254,-1.46398036022534,-1.62700796579077,-1.81499393324202,-2.01307419202411,-2.01307419202411,-2.01307419202411,-2.01307419202411,-2.01307419202411,-2.01307419202411,-2.01307419202411,-2.01307419202411,-2.01307419202411,-2.01307419202411,-2.01307419202411,-2.01307419202411,-2.01307419202411,-2.01307419202411,-2.01307419202411,-2.01307419202411,-2.01307419202411,-2.01307419202411,-2.01307419202411,-2.01307419202411,-2.01307419202411,1,1,1,1,1,1,1,1,1,1,1,1,1,1,1,1,1,1,1,1,1,1,1,1,1,1,1,1,1,1,1,1,1,1,1,1,1,1,1,1
-2.01464935355111,-0.393907514339347,-0.340534715454763,0.0258633225753488,-1.41977089727697,-0.577846892112619,-1.46110516640596,0.775611340308618,0.0392695599612001,1.18839604604112,2.03690070029573,0.502925145371778,-0.416120985079242,-0.750039533761365,1.61485333939999,-0.803265452504695,1.28026629489218,-1.60905688260118,-0.52855657034921,-1.55929905517434,-0.441535257172966,-1.35196177641915,-3.41384820869093,-1.1096386600722,-0.40682392700349,-1.20519444151964,-0.182605621158018,0.883975468869966,-1.41494564706428,-1.3340610368106,0.870212097083023,-0.242037965204073,0.67000060133117,-1.73579141701449,0.740442800877412,0.11202131743606,0.213874681018575,0.788115308438551,-0.922339170698661,-2.116214892589,1.75826205807034,1.4798279779049,1.20139389773945,0.922959817574009,0.644525737408562,0.366091657243118,0.0876575770776729,-0.190776503087772,-0.469210583253219,-0.747644663418665,-1.02607874358411,-1.30451282374955,-1.582946903915,-1.86138098408044,-2.13981506424589,-2.41824914441134,-2.69668322457678,-2.97511730474223,-3.25355138490767,-3.53198546507312,-3.53198546507312,-3.53198546507312,-3.53198546507312,-3.53198546507312,-3.53198546507312,-3.53198546507312,-3.53198546507312,-3.53198546507312,-3.53198546507312,-3.53198546507312,-3.53198546507312,-3.53198546507312,-3.53198546507312,-3.53198546507312,-3.53198546507312,-3.53198546507312,-3.53198546507312,-3.53198546507312,-3.53198546507312,-3.53198546507312,-29.4501490203298,-22.1334579568371,-16.0040601847305,-10.9708119343787,-6.94256943614999,-3.82818892041307,-1.53652661753642,0.0235612421114197,0.943218428161904,1.31358871024653,1.22581585799673,0.771043641044013,0.0404158290198122,-0.8749238084444,-1.88383150171719,-2.89516348116702,-3.81777597716248,-4.56052522007207,-5.0322674402643,-5.14185886810782,-5.14185886810782,-5.14185886810782,-5.14185886810782,-5.14185886810782,-5.14185886810782,-5.14185886810782,-5.14185886810782,-5.14185886810782,-5.14185886810782,-5.14185886810782,-5.14185886810782,-5.14185886810782,-5.14185886810782,-5.14185886810782,-5.14185886810782,-5.14185886810782,-5.14185886810782,-5.14185886810782,-5.14185886810782,-5.14185886810782,-6.09654445061238,-5.30900802456829,-4.52147159852419,-3.7339351724801,-2.94639874643601,-2.15886232039192,-1.3765750082204,-0.634005985222704,-0.00541512401689026,0.425326935427108,0.598759296660525,0.487313133312638,0.097855744263537,-0.52819114963456,-1.32866302224902,-2.22905294651123,-3.15214518905647,-4.05674524609256,-4.95708848634609,-5.87290504080442,-5.87290504080442,-5.87290504080442,-5.87290504080442,-5.87290504080442,-5.87290504080442,-5.87290504080442,-5.87290504080442,-5.87290504080442,-5.87290504080442,-5.87290504080442,-5.87290504080442,-5.87290504080442,-5.87290504080442,-5.87290504080442,-5.87290504080442,-5.87290504080442,-5.87290504080442,-5.87290504080442,-5.87290504080442,-5.87290504080442,1,1,1,1,1,1,1,1,1,1,1,1,1,1,1,1,1,0,0,0,0,0,0,0,0,0,0,0,0,0,0,0,0,0,0,0,0,0,0,0
1.213321264224,0.461012247210484,1.01165374347025,-0.733717160587361,-0.74863584874301,-0.866049984591632,0.298490513066477,0.259222969333686,-0.032722294863099,1.17233927718244,0.280847471260167,-0.23035918960163,-0.718273542420626,-2.46994498355917,-2.27071849233105,2.46432565189049,-0.481593352560186,1.41342340498364,-1.97067984538915,-2.36439983042035,-0.319677055651276,0.657621605175878,-0.540970477877703,0.731221967346812,-1.09280487352523,-0.292699313672454,-0.468879807424091,0.775165389966569,1.73240467629206,-0.882069122306223,0.952951575621885,-0.301191050619176,-0.106171424041355,-1.73329580253171,1.651119903873,-2.4423894402465,-0.726521352161786,1.46142474423751,0.0938800422992561,-0.0772469122034192,4.6281531712755,4.26793583122137,3.90771849116725,3.54750115111312,3.187283811059,2.82706647100488,2.46684913095075,2.10663179089663,1.7464144508425,1.38619711078838,1.02597977073425,0.665762430680127,0.305545090626005,-0.0546722494281227,-0.414889589482247,-0.775106929536371,-1.13532426959049,-1.49554160964462,-1.85575894969874,-2.21597628975287,-2.21597628975287,-2.21597628975287,-2.21597628975287,-2.21597628975287,-2.21597628975287,-2.21597628975287,-2.21597628975287,-2.21597628975287,-2.21597628975287,-2.21597628975287,-2.21597628975287,-2.21597628975287,-2.21597628975287,-2.21597628975287,-2.21597628975287,-2.21597628975287,-2.21597628975287,-2.21597628975287,-2.21597628975287,-2.21597628975287,-33.031077541035,-23.5297532416621,-15.7353358346172,-9.49932850309495,-4.67323443029011,-1.10855679939741,1.34320120638837,2.83053640387249,3.50194560986024,3.50592564115681,2.99097331456751,2.10558544689759,0.99825885495224,-0.182509644463225,-1.28822323454355,-2.17038509848352,-2.68049841947787,-2.67006638072132,-1.99059216540865,-0.493578956734556,-0.493578956734556,-0.493578956734556,-0.493578956734556,-0.493578956734556,-0.493578956734556,-0.493578956734556,-0.493578956734556,-0.493578956734556,-0.493578956734556,-0.493578956734556,-0.493578956734556,-0.493578956734556,-0.493578956734556,-0.493578956734556,-0.493578956734556,-0.493578956734556,-0.493578956734556,-0.493578956734556,-0.493578956734556,-0.493578956734556,-4.7943912029287,-3.79280783649096,-2.79122447005325,-1.78964110361554,-0.788057737177807,0.213525629259912,1.18582393052739,2.00565195790694,2.6081458768483,2.90790770929362,2.74983455140625,2.10079211708551,1.14298441116222,0.155401101693892,-0.615214051697848,-1.09880895312261,-1.47489557512484,-1.92997158531163,-2.40853225105237,-2.80667678600989,-2.80667678600989,-2.80667678600989,-2.80667678600989,-2.80667678600989,-2.80667678600989,-2.80667678600989,-2.80667678600989,-2.80667678600989,-2.80667678600989,-2.80667678600989,-2.80667678600989,-2.80667678600989,-2.80667678600989,-2.80667678600989,-2.80667678600989,-2.80667678600989,-2.80667678600989,-2.80667678600989,-2.80667678600989,-2.80667678600989,1,1,1,1,1,1,1,1,1,1,1,1,1,1,1,1,1,1,1,1,1,1,1,1,1,1,1,1,1,1,1,1,1,1,1,1,1,1,1,1
0.965640672648272,0.400067107747616,-1.08043023786997,0.185782148898861,-0.457264997404771,-0.878291631133589,-1.5743650714416,-1.37495982160418,1.44313563418516,-1.24098686419034,-1.00034380800489,1.39691824324987,1.65994963776973,2.21151723610525,-1.20282582042239,1.46861249865001,-0.00964986739990081,-0.211284576531751,-0.609412949876228,-0.109002615234749,-0.888781552878516,1.03871479076277,-1.15380239604956,0.565233943205017,3.11084830093888,-0.130215147016713,-1.39055815825045,-0.785998435323224,0.370360065700263,2.2850821067641,1.4440439954346,-0.311454321311491,-0.600106797084672,-0.734620483889008,1.08923877944763,-0.060133342254213,-1.55127128157063,-1.65787832486823,-1.07414875422391,-4.37773835589874,-4.54894522397004,-4.19178013462193,-3.83461504527381,-3.47744995592569,-3.12028486657758,-2.76311977722946,-2.40595468788134,-2.04878959853323,-1.69162450918511,-1.33445941983699,-0.977294330488878,-0.620129241140761,-0.262964151792643,0.094200937555474,0.451366026903589,0.808531116251705,1.16569620559982,1.52286129494794,1.88002638429606,2.23719147364417,2.23719147364417,2.23719147364417,2.23719147364417,2.23719147364417,2.23719147364417,2.23719147364417,2.23719147364417,2.23719147364417,2.23719147364417,2.23719147364417,2.23719147364417,2.23719147364417,2.23719147364417,2.23719147364417,2.23719147364417,2.23719147364417,2.23719147364417,2.23719147364417,2.23719147364417,2.23719147364417,1.53510622264636,-0.478621162214007,-1.9142316832761,-2.83739067141929,-3.31376345752296,-3.40901537246647,-3.18881174712919,-2.71881791239049,-2.06469919912976,-1.29212093822636,-0.466748460559653,0.345752902990982,1.07971782154616,1.66948096422655,2.04937700015274,2.15374059844537,1.91690642822508,1.27320915861247,0.156983458728227,-1.4974360023071,-1.4974360023071,-1.4974360023071,-1.4974360023071,-1.4974360023071,-1.4974360023071,-1.4974360023071,-1.4974360023071,-1.4974360023071,-1.4974360023071,-1.4974360023071,-1.4974360023071,-1.4974360023071,-1.4974360023071,-1.4974360023071,-1.4974360023071,-1.4974360023071,-1.4974360023071,-1.4974360023071,-1.4974360023071,-1.4974360023071,-6.80644475349371,-6.16535999643503,-5.52427523937633,-4.88319048231765,-4.24210572525896,-3.60102096820027,-2.95812962845795,-2.30627410335217,-1.64690228836851,-0.996806455066055,-0.384175720820402,0.155193098704215,0.581906291382586,0.868696192178392,1.01962246658217,1.06623948687456,1.04248617029171,0.970728114650141,0.868295693533026,0.752394182939058,0.752394182939058,0.752394182939058,0.752394182939058,0.752394182939058,0.752394182939058,0.752394182939058,0.752394182939058,0.752394182939058,0.752394182939058,0.752394182939058,0.752394182939058,0.752394182939058,0.752394182939058,0.752394182939058,0.752394182939058,0.752394182939058,0.752394182939058,0.752394182939058,0.752394182939058,0.752394182939058,1,1,1,1,1,1,1,1,1,1,1,1,1,1,1,1,1,1,1,1,1,1,1,1,1,1,1,1,1,1,1,1,1,1,1,1,1,1,1,1
2.06171011773043,3.44306309169587,-2.31041737784063,-1.32273900449811,0.315103674022139,-0.698384756130867,-1.86825997399682,2.3585625935905,-1.42380034824555,-0.754668830117845,1.2437720616486,0.70462873238694,-1.37486517918044,-2.643359057556,-1.11781841743999,2.38932287573684,-2.17586619103089,-0.396835884922442,-0.559310078173816,1.07657694788748,0.630586993841055,-0.861352533620343,-0.557575195407274,-0.284194251247666,1.23046619709409,1.21667690823076,0.387659443159192,-0.772608965029137,-0.999201928635333,-0.70968202142719,-2.54853233689174,-1.84243480077773,-0.948322913635131,-0.297877892772142,-2.61401514715698,-3.23380357416739,-0.878796385456711,-0.543790074343512,-1.14275445014973,1.47996691653731,-1.38231275381593,-1.27925483907748,-1.17619692433903,-1.07313900960059,-0.970081094862147,-0.8670231801237,-0.763965265385254,-0.660907350646813,-0.557849435908365,-0.454791521169922,-0.351733606431477,-0.248675691693032,-0.145617776954587,-0.0425598622161392,0.0604980525223056,0.163555967260752,0.266613881999193,0.369671796737638,0.472729711476086,0.575787626214531,0.575787626214531,0.575787626214531,0.575787626214531,0.575787626214531,0.575787626214531,0.575787626214531,0.575787626214531,0.575787626214531,0.575787626214531,0.575787626214531,0.575787626214531,0.575787626214531,0.575787626214531,0.575787626214531,0.575787626214531,0.575787626214531,0.575787626214531,0.575787626214531,0.575787626214531,0.575787626214531,-13.2753292450047,-9.90852839820011,-7.14065593286228,-4.91634518440878,-3.1802294882572,-1.87694217982512,-0.951116594530117,-0.34738606778979,-0.0103839350217232,0.115256468356504,0.0849018069273146,-0.0460812547268858,-0.222326052023689,-0.388465920380666,-0.489134195215408,-0.468964211945501,-0.272589305988518,0.155357187237938,0.870241932316283,1.92743159382896,1.92743159382896,1.92743159382896,1.92743159382896,1.92743159382896,1.92743159382896,1.92743159382896,1.92743159382896,1.92743159382896,1.92743159382896,1.92743159382896,1.92743159382896,1.92743159382896,1.92743159382896,1.92743159382896,1.92743159382896,1.92743159382896,1.92743159382896,1.92743159382896,1.92743159382896,1.92743159382896,0.194084275990214,0.0700259817412006,-0.0540323125078066,-0.178090606756814,-0.302148901005825,-0.426207195254834,-0.548478896927625,-0.659573911013281,-0.745720924272138,-0.79001858672474,-0.778919568070641,-0.710239845837579,-0.585055497543397,-0.395138340143451,-0.128901326437662,0.214986896487316,0.623642119708265,1.07064644162273,1.52441030900858,1.96974926475619,1.96974926475619,1.96974926475619,1.96974926475619,1.96974926475619,1.96974926475619,1.96974926475619,1.96974926475619,1.96974926475619,1.96974926475619,1.96974926475619,1.96974926475619,1.96974926475619,1.96974926475619,1.96974926475619,1.96974926475619,1.96974926475619,1.96974926475619,1.96974926475619,1.96974926475619,1.96974926475619,1,1,1,1,1,1,1,1,1,1,1,1,1,1,1,1,1,1,1,1,1,1,1,1,1,1,1,1,1,1,1,1,1,1,1,1,1,1,1,1
0.574091289407906,1.37430695510697,-0.378853251955023,-3.88618553973196,-4.0592175569542,-0.393315009026049,-0.0846669999447798,0.244123646865239,1.30624698323104,1.66644130983835,1.20300649224271,0.299003203682362,-1.49015740884869,1.11648163693518,0.0947788721241754,1.08713615643333,0.780427866534264,0.44356369576095,1.15743767785512,0.601629943377015,-0.158863687154666,1.74330667734043,-0.151216792853175,0.603757112681572,-0.233256340755297,1.00820600889521,-1.22320948128189,-0.308820515279647,-0.22907587172439,1.18370566211264,-0.739476969829813,-2.27737005594196,3.87670258365261,-1.85725898272963,-3.3535018262924,-0.825380028323432,0.577717932698404,-1.92070744694535,0.45736229722614,1.50815718735817,0.046050092951603,0.179424466507296,0.31279884006299,0.446173213618684,0.579547587174377,0.712921960730071,0.846296334285764,0.979670707841459,1.11304508139715,1.24641945495285,1.37979382850854,1.51316820206424,1.64654257561993,1.77991694917562,1.91329132273131,2.04666569628701,2.1800400698427,2.3134144433984,2.44678881695409,2.58016319050978,2.58016319050978,2.58016319050978,2.58016319050978,2.58016319050978,2.58016319050978,2.58016319050978,2.58016319050978,2.58016319050978,2.58016319050978,2.58016319050978,2.58016319050978,2.58016319050978,2.58016319050978,2.58016319050978,2.58016319050978,2.58016319050978,2.58016319050978,2.58016319050978,2.58016319050978,2.58016319050978,25.120046661054,19.3795769452113,14.511476832006,10.4528198181125,7.140679400205,4.51212907495761,2.50424233904463,1.05409268914026,0.0987536219187319,-0.424701365945715,-0.579198777778895,-0.42766511690656,-0.0330268866544792,0.541789409651548,1.23385726868576,1.98025018712237,2.7180416616356,3.38430518889968,3.91611426558887,4.25054238837732,4.25054238837732,4.25054238837732,4.25054238837732,4.25054238837732,4.25054238837732,4.25054238837732,4.25054238837732,4.25054238837732,4.25054238837732,4.25054238837732,4.25054238837732,4.25054238837732,4.25054238837732,4.25054238837732,4.25054238837732,4.25054238837732,4.25054238837732,4.25054238837732,4.25054238837732,4.25054238837732,2.97171377909256,2.71756156159871,2.46340934410488,2.20925712661104,1.9551049091172,1.70095269162336,1.45110057697196,1.22602012693935,1.04476621930724,0.918288851604554,0.85321929723197,0.857437101897885,0.948082107968336,1.14438502240172,1.44316397933411,1.81405455240534,2.22150545371783,2.63565536690701,3.03208772884184,3.40685891427511,3.40685891427511,3.40685891427511,3.40685891427511,3.40685891427511,3.40685891427511,3.40685891427511,3.40685891427511,3.40685891427511,3.40685891427511,3.40685891427511,3.40685891427511,3.40685891427511,3.40685891427511,3.40685891427511,3.40685891427511,3.40685891427511,3.40685891427511,3.40685891427511,3.40685891427511,3.40685891427511,1,1,1,1,1,1,1,1,1,1,1,1,1,1,1,1,1,1,1,1,1,1,1,1,1,1,1,1,1,1,1,1,1,1,1,1,1,1,1,1
1.52766605378604,0.517585329863524,-1.565777886707,-0.401877257126669,-1.8246112473031,-0.115552832928911,1.75997664811509,0.277064327479444,1.16731033468854,-0.301631407115487,0.436388103595364,0.264158257778597,-0.834867336820857,0.646181368297537,0.112483279317914,-0.514538821503079,-2.01343277089571,-2.08883975694429,-0.0724347769461673,1.78165906364221,-0.318296734770895,0.153898384314729,-0.278393399850662,0.603564839113666,0.0292906183743202,0.0575777350756894,-0.300547322441259,3.63446301131047,1.9311303364436,1.26604948975144,-1.06371838308265,1.09488947983054,-0.133812751662379,-2.76266162962832,-1.57280264916621,-1.12387925549746,0.778419458706015,0.405125850734773,-1.74487486425026,-0.872483144454755,2.38648892461319,2.15408262940187,1.92167633419054,1.68927003897922,1.45686374376789,1.22445744855657,0.992051153345241,0.759644858133914,0.527238562922587,0.294832267711262,0.0624259724999359,-0.169980322711387,-0.402386617922714,-0.63479291313404,-0.867199208345365,-1.09960550355669,-1.33201179876802,-1.56441809397935,-1.79682438919067,-2.02923068440199,-2.02923068440199,-2.02923068440199,-2.02923068440199,-2.02923068440199,-2.02923068440199,-2.02923068440199,-2.02923068440199,-2.02923068440199,-2.02923068440199,-2.02923068440199,-2.02923068440199,-2.02923068440199,-2.02923068440199,-2.02923068440199,-2.02923068440199,-2.02923068440199,-2.02923068440199,-2.02923068440199,-2.02923068440199,-2.02923068440199,-15.7584897021274,-11.2693647278827,-7.61113867612477,-4.70857810538652,-2.48644957420073,-0.869519641100204,0.217445135382248,0.849678196713814,1.10241298436168,1.05088293979304,0.770321504475094,0.335962119874987,-0.176961772540039,-0.693216731302838,-1.13756931494616,-1.43478608200289,-1.50963359100582,-1.28687840048772,-0.691287068981424,0.352373844980241,0.352373844980241,0.352373844980241,0.352373844980241,0.352373844980241,0.352373844980241,0.352373844980241,0.352373844980241,0.352373844980241,0.352373844980241,0.352373844980241,0.352373844980241,0.352373844980241,0.352373844980241,0.352373844980241,0.352373844980241,0.352373844980241,0.352373844980241,0.352373844980241,0.352373844980241,0.352373844980241,-1.35181448169292,-1.05501575159582,-0.758217021498802,-0.461418291401768,-0.164619561304687,0.132179168792363,0.401637386986101,0.535931736182516,0.530759429192372,0.459843473444185,0.356488464069946,0.210724819650054,-0.0111353255152764,-0.33640045886561,-0.705463501629565,-1.00161564256416,-1.18059975928785,-1.24233161404591,-1.13746001868571,-0.875618820221575,-0.875618820221575,-0.875618820221575,-0.875618820221575,-0.875618820221575,-0.875618820221575,-0.875618820221575,-0.875618820221575,-0.875618820221575,-0.875618820221575,-0.875618820221575,-0.875618820221575,-0.875618820221575,-0.875618820221575,-0.875618820221575,-0.875618820221575,-0.875618820221575,-0.875618820221575,-0.875618820221575,-0.875618820221575,-0.875618820221575,1,1,1,1,1,1,1,1,1,1,1,1,1,1,1,1,1,1,1,1,1,1,1,1,1,1,1,1,1,1,1,1,1,1,1,1,1,1,1,1
2.94506916406526,1.65888145189808,1.03943513937864,-0.575125752618424,-2.62927049652219,-1.34775920397066,-0.194785528139072,-2.65784146304934,0.755262426642094,0.706734228780279,-1.14595369235831,2.37923061409285,-1.36224968061045,-1.05577169934796,-1.25062717639157,-0.836396016955506,-1.06103798094738,0.320744107161049,0.392481465108569,-1.56157782881592,-1.71950293617682,-1.08138477331359,0.169618335359422,-1.06851272729398,2.54707929565648,-1.09351461703968,0.155438178071396,-2.90788213226738,1.06543418107934,-0.286760385034242,0.193219933181275,1.02807281555079,-0.104478688109232,1.2771811137832,-0.705453417009599,0.235032517804381,-3.04886903244648,-1.08696953736675,-0.0859647405610282,-0.458012712825518,-0.249436003921151,-0.318349177986399,-0.387262352051646,-0.456175526116896,-0.525088700182145,-0.594001874247393,-0.662915048312639,-0.731828222377889,-0.80074139644314,-0.869654570508388,-0.938567744573637,-1.00748091863888,-1.07639409270413,-1.14530726676938,-1.21422044083463,-1.28313361489988,-1.35204678896513,-1.42095996303038,-1.48987313709562,-1.55878631116087,-1.55878631116087,-1.55878631116087,-1.55878631116087,-1.55878631116087,-1.55878631116087,-1.55878631116087,-1.55878631116087,-1.55878631116087,-1.55878631116087,-1.55878631116087,-1.55878631116087,-1.55878631116087,-1.55878631116087,-1.55878631116087,-1.55878631116087,-1.55878631116087,-1.55878631116087,-1.55878631116087,-1.55878631116087,-1.55878631116087,-13.469872631101,-10.0963182824316,-7.31917148815762,-5.086049317479,-3.34456883959572,-2.0423471237078,-1.1270012390152,-0.546148254717922,-0.247405240015947,-0.178389264109262,-0.286717396197854,-0.520006705481729,-0.825874261160845,-1.1519371324352,-1.4458123885048,-1.6551170985696,-1.72746833182961,-1.61048315748482,-1.2517786447352,-0.598971862780735,-0.598971862780735,-0.598971862780735,-0.598971862780735,-0.598971862780735,-0.598971862780735,-0.598971862780735,-0.598971862780735,-0.598971862780735,-0.598971862780735,-0.598971862780735,-0.598971862780735,-0.598971862780735,-0.598971862780735,-0.598971862780735,-0.598971862780735,-0.598971862780735,-0.598971862780735,-0.598971862780735,-0.598971862780735,-0.598971862780735,-1.57496847816277,-1.47718470476412,-1.37940093136546,-1.28161715796681,-1.18383338456816,-1.08604961116951,-0.985813518825157,-0.873709988044014,-0.755871299482722,-0.669355638822566,-0.656483135467795,-0.722646796314995,-0.838150745767487,-0.974564112284432,-1.11500943149333,-1.24044907158961,-1.33568632938377,-1.4057670782544,-1.4683668338677,-1.53323160214019,-1.53323160214019,-1.53323160214019,-1.53323160214019,-1.53323160214019,-1.53323160214019,-1.53323160214019,-1.53323160214019,-1.53323160214019,-1.53323160214019,-1.53323160214019,-1.53323160214019,-1.53323160214019,-1.53323160214019,-1.53323160214019,-1.53323160214019,-1.53323160214019,-1.53323160214019,-1.53323160214019,-1.53323160214019,-1.53323160214019,1,1,1,1,1,1,1,1,1,1,1,1,1,1,1,1,1,1,1,1,1,1,1,1,1,1,1,1,1,1,1,1,1,1,1,1,1,1,1,1
-0.827229565918385,-0.0904328678946227,1.58932227499416,2.13494969919062,-1.34919820098965,-0.979179789221627,-0.719237948619489,1.16065176719038,-1.72804906606025,-1.38486312561323,4.02940485723116,-0.933837168367363,1.636385616023,-0.325992306036294,0.146034026179446,-0.567088335641428,1.85470712623057,1.35059521218388,-3.85988858432642,2.04162429187856,-0.345828065771411,-0.84170842114913,-0.685240599732628,-1.22373014506948,-0.0533825883325321,-2.10515985961323,0.856213510401277,-0.84112833877295,2.57195643100763,-3.98105862748595,1.56591686495058,1.2221309836206,-1.6133521181313,0.672080612173128,-1.11624354679525,-0.467342845064342,-0.883108634797034,0.303492925598952,-1.11190685175852,0.441509868601438,2.25033734652629,2.15680984466069,2.06328234279508,1.96975484092948,1.87622733906388,1.78269983719828,1.68917233533268,1.59564483346707,1.50211733160147,1.40858982973587,1.31506232787027,1.22153482600467,1.12800732413907,1.03447982227346,0.940952320407861,0.847424818542262,0.75389731667666,0.660369814811057,0.566842312945456,0.473314811079854,0.473314811079854,0.473314811079854,0.473314811079854,0.473314811079854,0.473314811079854,0.473314811079854,0.473314811079854,0.473314811079854,0.473314811079854,0.473314811079854,0.473314811079854,0.473314811079854,0.473314811079854,0.473314811079854,0.473314811079854,0.473314811079854,0.473314811079854,0.473314811079854,0.473314811079854,0.473314811079854,-8.50387286979966,-5.88616040785393,-3.70918669949143,-1.93771044772502,-0.536490355567532,0.529714873968157,1.2961465378692,1.79804593312275,2.07065435671596,2.14921310563596,2.06896347686991,1.86514676740494,1.57300427422821,1.22777729432687,0.86470712468806,0.51903506229894,0.226002404146627,0.0208504472182884,-0.0611795114989349,0.0151538249821233,0.0151538249821233,0.0151538249821233,0.0151538249821233,0.0151538249821233,0.0151538249821233,0.0151538249821233,0.0151538249821233,0.0151538249821233,0.0151538249821233,0.0151538249821233,0.0151538249821233,0.0151538249821233,0.0151538249821233,0.0151538249821233,0.0151538249821233,0.0151538249821233,0.0151538249821233,0.0151538249821233,0.0151538249821233,0.0151538249821233,1.59993083873259,1.58788528674399,1.57583973475539,1.56379418276679,1.55174863077819,1.53970307878959,1.52718388089378,1.51351204429301,1.50393519231839,1.50139556163172,1.49675453658876,1.47276081639538,1.41291523549732,1.30748615187628,1.15660466762757,0.965280826802688,0.7356496742264,0.471513206095326,0.186226512142799,-0.105293823252328,-0.105293823252328,-0.105293823252328,-0.105293823252328,-0.105293823252328,-0.105293823252328,-0.105293823252328,-0.105293823252328,-0.105293823252328,-0.105293823252328,-0.105293823252328,-0.105293823252328,-0.105293823252328,-0.105293823252328,-0.105293823252328,-0.105293823252328,-0.105293823252328,-0.105293823252328,-0.105293823252328,-0.105293823252328,-0.105293823252328,1,1,1,1,1,1,1,1,1,1,1,1,1,1,1,1,1,1,1,1,1,1,1,1,1,1,1,1,1,1,1,1,1,1,1,1,1,1,1,1
1.60578978245853,-1.69754165170179,0.454795231416688,-0.234325558889659,0.959518847341299,-0.538232237282287,0.0264560547076274,0.781248958821914,-2.03174501430534,0.733022313918873,0.800537945340951,-1.26156747108339,-0.167983835528792,-2.01644840661053,0.930564164497909,-1.21475660756841,-3.06031972594011,-2.49034888781425,3.13608295704871,-1.24626365745006,4.28619395715902,0.207333365576572,2.25408965878835,0.0922131191780391,-0.336498597771129,-1.21997428398588,0.986545094053836,-0.601545200506283,0.304960981715537,0.0385706665268462,1.89809031168178,0.89308233634212,0.339276879447805,0.446584747948048,0.479218213288659,-1.98296858498633,-0.86817778787403,2.43691136428463,-0.853642020312458,-1.15517754645508,0.624560500469883,0.531138965967219,0.437717431464558,0.344295896961894,0.250874362459232,0.157452827956568,0.0640312934539082,-0.0293902410487572,-0.122811775551421,-0.216233310054083,-0.309654844556745,-0.403076379059408,-0.496497913562074,-0.589919448064734,-0.683340982567396,-0.776762517070059,-0.870184051572723,-0.963605586075387,-1.05702712057805,-1.15044865508071,-1.15044865508071,-1.15044865508071,-1.15044865508071,-1.15044865508071,-1.15044865508071,-1.15044865508071,-1.15044865508071,-1.15044865508071,-1.15044865508071,-1.15044865508071,-1.15044865508071,-1.15044865508071,-1.15044865508071,-1.15044865508071,-1.15044865508071,-1.15044865508071,-1.15044865508071,-1.15044865508071,-1.15044865508071,-1.15044865508071,0.456773294217198,1.03578478428853,1.35881649500674,1.46171250759713,1.38031690328497,1.15047376329554,0.808027168854125,0.388821201186003,-0.0713000584835406,-0.536492528929227,-0.970912128925788,-1.33871477724792,-1.60405639267035,-1.73109289396782,-1.68398019991501,-1.42687422928666,-0.923930900857487,-0.139306133402213,0.962844154304436,2.41836404348777,2.41836404348777,2.41836404348777,2.41836404348777,2.41836404348777,2.41836404348777,2.41836404348777,2.41836404348777,2.41836404348777,2.41836404348777,2.41836404348777,2.41836404348777,2.41836404348777,2.41836404348777,2.41836404348777,2.41836404348777,2.41836404348777,2.41836404348777,2.41836404348777,2.41836404348777,2.41836404348777,4.05171871904674,3.48178690364002,2.9118550882333,2.34192327282659,1.77199145741987,1.20205964201315,0.629961330945823,0.061463762471142,-0.436027680606429,-0.806269417716889,-1.06339310974369,-1.21859464905793,-1.23342826467149,-1.09227743347365,-0.844512432633701,-0.544381346331946,-0.210516977099481,0.142817657672962,0.488538739300358,0.815777014331321,0.815777014331321,0.815777014331321,0.815777014331321,0.815777014331321,0.815777014331321,0.815777014331321,0.815777014331321,0.815777014331321,0.815777014331321,0.815777014331321,0.815777014331321,0.815777014331321,0.815777014331321,0.815777014331321,0.815777014331321,0.815777014331321,0.815777014331321,0.815777014331321,0.815777014331321,0.815777014331321,1,1,1,1,1,1,1,1,1,1,1,1,0,1,1,1,1,1,1,1,1,1,1,1,1,1,1,1,1,1,1,1,1,1,1,1,1,1,1,1
-1.97947909932398,-0.93636827801205,-0.0227461749591997,-1.30786983077892,-2.85196348319103,-1.01966886274685,2.54131985897942,-0.409384988007186,1.78647616791124,-0.360208016367647,0.184138188111127,0.849445931459012,-0.145876521974911,-1.15861968607765,1.30801185513574,-0.380907294482817,-1.02455933463971,-4.07618829402909,0.147481729490265,2.57775025637372,1.48209425860708,1.10631067456591,1.94376695763909,1.37735650159495,-0.439641718591192,-1.88208823015167,-0.651917169450206,0.735384469404083,-0.527318733077774,1.45163786822657,-0.0669271654361854,-0.030109521953996,-0.385404547718407,-0.227493546089004,-0.660921517602965,-1.64973366929577,-0.408138891302119,1.47013822751968,-0.594007968176102,0.839794960110037,-2.92497312176109,-2.6989709427491,-2.47296876373711,-2.24696658472512,-2.02096440571312,-1.79496222670113,-1.56896004768914,-1.34295786867715,-1.11695568966515,-0.890953510653162,-0.664951331641172,-0.43894915262918,-0.212946973617189,0.0130552053948048,0.239057384406797,0.465059563418789,0.691061742430779,0.917063921442772,1.14306610045477,1.36906827946676,1.36906827946676,1.36906827946676,1.36906827946676,1.36906827946676,1.36906827946676,1.36906827946676,1.36906827946676,1.36906827946676,1.36906827946676,1.36906827946676,1.36906827946676,1.36906827946676,1.36906827946676,1.36906827946676,1.36906827946676,1.36906827946676,1.36906827946676,1.36906827946676,1.36906827946676,1.36906827946676,-49.8931176762177,-36.3329836725873,-25.2948416169909,-16.5401375499292,-9.83031751190299,-4.92682754341295,-1.59111368495986,0.415378022955506,1.33120153983241,1.39491082517011,0.845059838467867,-0.0797974607751417,-1.1411071130596,-2.10031515888623,-2.7188676387559,-2.75821059316929,-1.97979006262711,-0.145052087630194,2.98455729132077,7.64759203372497,7.64759203372497,7.64759203372497,7.64759203372497,7.64759203372497,7.64759203372497,7.64759203372497,7.64759203372497,7.64759203372497,7.64759203372497,7.64759203372497,7.64759203372497,7.64759203372497,7.64759203372497,7.64759203372497,7.64759203372497,7.64759203372497,7.64759203372497,7.64759203372497,7.64759203372497,7.64759203372497,-0.344177312031623,-0.480945448808369,-0.617713585585134,-0.754481722361891,-0.891249859138644,-1.0280179959154,-1.16257209565789,-1.27321239589918,-1.3001031944712,-1.21682854375117,-1.0741887333134,-0.926615197892328,-0.767635615644719,-0.558249727950809,-0.265317653232264,0.136825460027762,0.666398617327433,1.33214803086796,2.12701556426357,3.00435118221744,3.00435118221744,3.00435118221744,3.00435118221744,3.00435118221744,3.00435118221744,3.00435118221744,3.00435118221744,3.00435118221744,3.00435118221744,3.00435118221744,3.00435118221744,3.00435118221744,3.00435118221744,3.00435118221744,3.00435118221744,3.00435118221744,3.00435118221744,3.00435118221744,3.00435118221744,3.00435118221744,1,1,1,1,1,1,1,1,1,1,1,1,1,1,1,1,1,1,1,1,1,1,1,1,1,1,1,1,1,1,1,1,1,1,1,1,1,1,1,1
-3.51791665804301,1.53644782566657,1.06071633315335,-1.88500607815776,0.403945764774382,2.64879935738567,4.3421463824855,0.57529272599646,1.36190273969009,-1.86730798380071,-0.555671454486255,-0.337209751174788,-0.889188161535843,1.4466510676755,-3.31631797990174,2.42788089845372,-2.45788702313073,-1.65115164569846,0.91186327491663,0.881773191541781,-1.02901686384647,-2.04146208261507,-0.33258804467752,-0.0473114971685575,2.08550780681609,1.71553030160573,0.467535797521675,2.06146053165497,0.169195506964858,-1.10435874854176,1.92465267754558,-0.490769357609567,-1.42275530622253,3.46817578550198,3.0730513916445,-0.854588717276316,-1.88579431036699,-1.73360548777556,-1.0573330210367,1.05726864776776,2.75614456355901,2.58949584394038,2.42284712432175,2.25619840470311,2.08954968508448,1.92290096546585,1.75625224584721,1.58960352622858,1.42295480660995,1.25630608699131,1.08965736737268,0.923008647754047,0.756359928135414,0.58971120851678,0.423062488898147,0.256413769279515,0.0897650496608797,-0.0768836699577538,-0.243532389576385,-0.410181109195019,-0.410181109195019,-0.410181109195019,-0.410181109195019,-0.410181109195019,-0.410181109195019,-0.410181109195019,-0.410181109195019,-0.410181109195019,-0.410181109195019,-0.410181109195019,-0.410181109195019,-0.410181109195019,-0.410181109195019,-0.410181109195019,-0.410181109195019,-0.410181109195019,-0.410181109195019,-0.410181109195019,-0.410181109195019,-0.410181109195019,19.9240558332358,14.6148628250301,10.3179356328489,6.93525481039002,4.36880091135107,2.52055448942976,1.2924960983238,0.586606291730881,0.304865623348674,0.349254646874908,0.621753916007243,1.0243439844434,1.45900540588106,1.82771873401791,2.03246452255164,1.97522332517999,1.55797569560061,0.682702187511181,-0.748616645390561,-2.83400024940692,-2.83400024940692,-2.83400024940692,-2.83400024940692,-2.83400024940692,-2.83400024940692,-2.83400024940692,-2.83400024940692,-2.83400024940692,-2.83400024940692,-2.83400024940692,-2.83400024940692,-2.83400024940692,-2.83400024940692,-2.83400024940692,-2.83400024940692,-2.83400024940692,-2.83400024940692,-2.83400024940692,-2.83400024940692,-2.83400024940692,3.86955406263372,3.51390817616803,3.15826228970234,2.80261640323665,2.44697051677096,2.09132463030527,1.74318021190514,1.43482333050772,1.18406106746591,1.00062915640355,0.893323451434547,0.843480414856066,0.809882459443706,0.764103965303878,0.688645324889817,0.559332722743555,0.363995367964131,0.118356844641646,-0.154424194386429,-0.439104045601637,-0.439104045601637,-0.439104045601637,-0.439104045601637,-0.439104045601637,-0.439104045601637,-0.439104045601637,-0.439104045601637,-0.439104045601637,-0.439104045601637,-0.439104045601637,-0.439104045601637,-0.439104045601637,-0.439104045601637,-0.439104045601637,-0.439104045601637,-0.439104045601637,-0.439104045601637,-0.439104045601637,-0.439104045601637,-0.439104045601637,1,1,1,1,1,1,1,1,1,1,1,1,1,1,1,1,1,1,1,1,1,1,1,1,1,1,1,1,1,1,1,1,1,1,1,1,1,1,1,1
0.741448457796809,1.57642012706164,0.194757115602576,-1.58785290380689,1.0097415401006,0.606745765818206,-0.206804611260342,1.98252634396984,0.14772331073333,-1.04829725515749,0.536451199294183,-1.35090590450188,-1.77414112869337,-0.951924590606831,1.62424754011226,-1.38318737612487,0.17186745037473,-0.179422362233653,-0.129749190105519,2.55668073603066,-0.516392714424086,3.21707818866662,0.586862637241827,3.44311899968293,1.6831416148719,2.07545814044357,0.51173295745143,-2.97339623288847,1.89885987714135,-1.57597059373767,-1.78477669110345,-0.942381573146548,2.16430707218778,1.1514438892485,0.0666381109481282,-3.47847168119444,-0.163129720566021,-2.5608828095019,1.26198558009517,-0.889651290660069,4.33617285533844,3.93822916223681,3.54028546913518,3.14234177603355,2.74439808293192,2.34645438983029,1.94851069672866,1.55056700362703,1.1526233105254,0.754679617423767,0.356735924322136,-0.0412077687794916,-0.439151461881124,-0.837095154982753,-1.23503884808438,-1.63298254118601,-2.03092623428764,-2.42886992738928,-2.82681362049091,-3.22475731359254,-3.22475731359254,-3.22475731359254,-3.22475731359254,-3.22475731359254,-3.22475731359254,-3.22475731359254,-3.22475731359254,-3.22475731359254,-3.22475731359254,-3.22475731359254,-3.22475731359254,-3.22475731359254,-3.22475731359254,-3.22475731359254,-3.22475731359254,-3.22475731359254,-3.22475731359254,-3.22475731359254,-3.22475731359254,-3.22475731359254,-20.5648706372383,-13.5847334049107,-8.05698810168585,-3.83974015521433,-0.791094993146686,1.23084195686651,2.36796526717472,2.76216951012736,2.55534925807388,1.88939908336374,0.906213558346371,-0.252312744628794,-1.44428525321231,-2.52780939505475,-3.36099059780664,-3.80193428911855,-3.70874589664105,-2.93953084802474,-1.35239457092007,1.19455750702234,1.19455750702234,1.19455750702234,1.19455750702234,1.19455750702234,1.19455750702234,1.19455750702234,1.19455750702234,1.19455750702234,1.19455750702234,1.19455750702234,1.19455750702234,1.19455750702234,1.19455750702234,1.19455750702234,1.19455750702234,1.19455750702234,1.19455750702234,1.19455750702234,1.19455750702234,1.19455750702234,2.98306721599532,2.85826102388374,2.73345483177216,2.60864863966057,2.48384244754899,2.35903625543741,2.21742439484255,1.97529186481568,1.5494132845168,0.940712845341066,0.250191381274515,-0.393015904884646,-0.923111335455184,-1.35923973430705,-1.74765722747793,-2.09251542084223,-2.34154602618125,-2.43436751617109,-2.36528754302258,-2.20002156721649,-2.20002156721649,-2.20002156721649,-2.20002156721649,-2.20002156721649,-2.20002156721649,-2.20002156721649,-2.20002156721649,-2.20002156721649,-2.20002156721649,-2.20002156721649,-2.20002156721649,-2.20002156721649,-2.20002156721649,-2.20002156721649,-2.20002156721649,-2.20002156721649,-2.20002156721649,-2.20002156721649,-2.20002156721649,-2.20002156721649,1,1,1,1,1,1,1,0,1,1,1,1,1,1,1,1,1,1,1,1,1,1,1,1,1,1,1,1,1,1,1,1,1,1,1,1,1,1,1,1
-0.604309973015333,0.0877628334919933,-0.590594711596955,-1.81346803131476,0.181938789376067,2.08734887912717,0.300118997175355,-0.471060798837993,-2.86129839501394,2.36352157986351,-1.1423661492697,-3.85201278266745,-0.395060041139645,-0.824062156481649,0.483357509217619,-2.91915715895705,-1.08991743757855,-1.38216338980226,-0.109693114733849,1.09577007849157,-0.913812846028778,1.93828909699144,-0.122744236836976,0.960510297336072,2.01789354084974,-1.68724377918589,-0.591797056993126,0.121714685023921,0.846748913544953,-1.90689314271228,-0.213397136721156,-1.44576134913381,-1.43939942169091,1.96069666377928,-2.70322471856037,2.09935634970397,1.704326188782,-2.1500254790375,0.642163433336194,-1.34114500102866,-1.94101063792513,-1.85853189351643,-1.77605314910773,-1.69357440469902,-1.61109566029032,-1.52861691588162,-1.44613817147291,-1.36365942706421,-1.2811806826555,-1.1987019382468,-1.1162231938381,-1.03374444942939,-0.95126570502069,-0.868786960611985,-0.786308216203285,-0.703829471794579,-0.621350727385874,-0.538871982977172,-0.456393238568468,-0.373914494159767,-0.373914494159767,-0.373914494159767,-0.373914494159767,-0.373914494159767,-0.373914494159767,-0.373914494159767,-0.373914494159767,-0.373914494159767,-0.373914494159767,-0.373914494159767,-0.373914494159767,-0.373914494159767,-0.373914494159767,-0.373914494159767,-0.373914494159767,-0.373914494159767,-0.373914494159767,-0.373914494159767,-0.373914494159767,-0.373914494159767,6.36141095552534,3.79160779384536,1.77042318892445,0.242892422620431,-0.845949223208883,-1.55106646670567,-1.9274240260121,-2.02998661927037,-1.91371896462265,-1.63358578021113,-1.24455178417798,-0.801581694665392,-0.359640229815534,0.0263078922294113,0.301297953327243,0.41036523533581,0.298545020112924,-0.0891274104836128,-0.807616774595965,-1.91188779036633,-1.91188779036633,-1.91188779036633,-1.91188779036633,-1.91188779036633,-1.91188779036633,-1.91188779036633,-1.91188779036633,-1.91188779036633,-1.91188779036633,-1.91188779036633,-1.91188779036633,-1.91188779036633,-1.91188779036633,-1.91188779036633,-1.91188779036633,-1.91188779036633,-1.91188779036633,-1.91188779036633,-1.91188779036633,-1.91188779036633,-3.18906601178973,-2.94529495773573,-2.70152390368173,-2.45775284962773,-2.21398179557372,-1.97021074151973,-1.72778707216395,-1.4942524864417,-1.28100567054302,-1.09538707826447,-0.935052471733618,-0.793563836137412,-0.67077609260539,-0.573290946595186,-0.506798541276281,-0.475423979754307,-0.48791968880419,-0.55456920939978,-0.67290748009342,-0.82128901110117,-0.82128901110117,-0.82128901110117,-0.82128901110117,-0.82128901110117,-0.82128901110117,-0.82128901110117,-0.82128901110117,-0.82128901110117,-0.82128901110117,-0.82128901110117,-0.82128901110117,-0.82128901110117,-0.82128901110117,-0.82128901110117,-0.82128901110117,-0.82128901110117,-0.82128901110117,-0.82128901110117,-0.82128901110117,-0.82128901110117,1,1,1,1,1,1,1,1,1,1,1,1,1,1,1,1,1,1,1,1,1,1,1,1,1,1,1,1,1,1,1,1,1,1,1,1,1,1,1,1
0.566054988974074,2.49152773090717,2.31527764969447,0.518671905611879,1.26687873784904,2.10947499744388,1.38244298928125,0.429083818548716,1.4085227596016,1.96434253774569,-1.12532683215631,-1.62540364959263,-2.81368418297338,1.45317697334702,0.329002117716337,1.34588590108379,4.43647975326831,0.162388650394385,0.342524769952693,-0.498815877491454,-0.671050435902343,1.10127491764797,-0.133755196931929,0.430542705380304,-0.849461241103139,0.362027204971769,-0.103924019547646,0.386886595817648,-0.109561447260102,1.65035129314309,-0.886836162382188,-0.0519547234472117,1.39851344887083,0.452659118462853,1.35969824504905,1.76243310360657,-0.601396568291049,1.03896033710172,-0.455405779190603,1.64732464949909,-2.03822416829615,-1.86064105135567,-1.6830579344152,-1.50547481747472,-1.32789170053425,-1.15030858359377,-0.972725466653295,-0.795142349712821,-0.617559232772345,-0.43997611583187,-0.262392998891395,-0.0848098819509193,0.0927732349895543,0.270356351930031,0.447939468870507,0.625522585810982,0.803105702751457,0.980688819691933,1.15827193663241,1.33585505357288,1.33585505357288,1.33585505357288,1.33585505357288,1.33585505357288,1.33585505357288,1.33585505357288,1.33585505357288,1.33585505357288,1.33585505357288,1.33585505357288,1.33585505357288,1.33585505357288,1.33585505357288,1.33585505357288,1.33585505357288,1.33585505357288,1.33585505357288,1.33585505357288,1.33585505357288,1.33585505357288,-9.36582576227186,-6.5224111063297,-4.29519650809132,-2.61676262217048,-1.41969010318093,-0.63655960573643,-0.199951784450725,-0.0424472939375633,-0.0966267888107044,-0.295070923683889,-0.570360353170877,-0.855075731885433,-1.0817977144413,-1.18310695545218,-1.09158410953193,-0.739809831294215,-0.0603647753528005,1.01417040367853,2.55121505118604,4.61818851255596,4.61818851255596,4.61818851255596,4.61818851255596,4.61818851255596,4.61818851255596,4.61818851255596,4.61818851255596,4.61818851255596,4.61818851255596,4.61818851255596,4.61818851255596,4.61818851255596,4.61818851255596,4.61818851255596,4.61818851255596,4.61818851255596,4.61818851255596,4.61818851255596,4.61818851255596,4.61818851255596,-2.15854374415962,-1.87512588213405,-1.5917080201085,-1.30829015808291,-1.02487229605735,-0.741454434031785,-0.445424106225778,-0.122861624709473,0.0541631904609972,-0.0926522385038115,-0.515008322591088,-1.01845567036655,-1.38843701029132,-1.39782442496142,-0.911788936688778,-0.0321985930110458,0.988792590885669,1.96064541508884,2.82924099329548,3.63054949810026,3.63054949810026,3.63054949810026,3.63054949810026,3.63054949810026,3.63054949810026,3.63054949810026,3.63054949810026,3.63054949810026,3.63054949810026,3.63054949810026,3.63054949810026,3.63054949810026,3.63054949810026,3.63054949810026,3.63054949810026,3.63054949810026,3.63054949810026,3.63054949810026,3.63054949810026,3.63054949810026,1,1,1,1,1,1,1,1,1,1,1,1,1,1,1,1,1,1,1,1,1,1,1,1,1,1,1,1,1,1,1,1,1,1,1,1,1,1,1,1
0.629434685833249,-0.950873993978617,1.03722664499054,-1.2697622375856,1.55234386272117,-0.912587968514865,-0.56371043590235,-1.53405910652902,1.18255712179729,-1.60770891379087,1.12875733487572,-1.82315926701755,0.586520922080398,-0.169421623990193,1.82302750232909,1.84706069020694,2.22577207692684,-0.841425599505458,1.26325564686844,0.261707654548884,-1.11636847499358,0.611729940386864,1.65108371326248,-0.607584577941873,-0.391949012723529,-1.7876415614007,1.19872019854159,0.402929544586664,0.826588697223141,2.08263021856548,-0.212241761129727,-2.4419012439275,-0.430867686650567,-0.417154217281334,-0.216508291806184,1.22127807070491,1.60909871735338,0.807204065241168,0.462434878102748,-1.98384695059285,1.96449756160293,1.86112774198286,1.7577579223628,1.65438810274273,1.55101828312267,1.44764846350261,1.34427864388254,1.24090882426248,1.13753900464241,1.03416918502235,0.930799365402283,0.827429545782223,0.724059726162158,0.620689906542092,0.51732008692203,0.413950267301963,0.3105804476819,0.207210628061837,0.10384080844177,0.000470988821707152,0.000470988821707152,0.000470988821707152,0.000470988821707152,0.000470988821707152,0.000470988821707152,0.000470988821707152,0.000470988821707152,0.000470988821707152,0.000470988821707152,0.000470988821707152,0.000470988821707152,0.000470988821707152,0.000470988821707152,0.000470988821707152,0.000470988821707152,0.000470988821707152,0.000470988821707152,0.000470988821707152,0.000470988821707152,0.000470988821707152,11.3629165293439,8.47129153109232,6.1304314322625,4.28631517529255,2.8849217026206,1.8722299566848,1.19421887992329,0.796867414774201,0.626154503675686,0.628059089065863,0.748560113382892,0.933636519064887,1.12926724855003,1.2814312442764,1.33610744868219,1.23927480420551,0.936912253284509,0.37499873835732,-0.500486798137903,-1.74356541376305,-1.74356541376305,-1.74356541376305,-1.74356541376305,-1.74356541376305,-1.74356541376305,-1.74356541376305,-1.74356541376305,-1.74356541376305,-1.74356541376305,-1.74356541376305,-1.74356541376305,-1.74356541376305,-1.74356541376305,-1.74356541376305,-1.74356541376305,-1.74356541376305,-1.74356541376305,-1.74356541376305,-1.74356541376305,-1.74356541376305,1.96389898351154,1.8606015729769,1.75730416244227,1.65400675190763,1.55070934137299,1.44741193083836,1.34411678479773,1.24083296322542,1.13755998920747,1.03428395962268,0.930989535362789,0.827670097262716,0.724324140280785,0.620944970601656,0.5175191386338,0.414037241554384,0.310505632247839,0.206946077567963,0.103381785408997,-0.000177751955662941,-0.000177751955662941,-0.000177751955662941,-0.000177751955662941,-0.000177751955662941,-0.000177751955662941,-0.000177751955662941,-0.000177751955662941,-0.000177751955662941,-0.000177751955662941,-0.000177751955662941,-0.000177751955662941,-0.000177751955662941,-0.000177751955662941,-0.000177751955662941,-0.000177751955662941,-0.000177751955662941,-0.000177751955662941,-0.000177751955662941,-0.000177751955662941,-0.000177751955662941,1,1,1,1,1,1,1,1,1,1,1,1,1,1,1,1,1,1,1,1,1,1,1,1,1,1,1,1,1,1,1,1,1,1,1,1,1,1,1,1
0.323474658800983,2.08200753824495,-0.780132520649957,-1.46065097077925,0.452002927317952,-1.60569734840099,1.00133704426361,-0.546600486882567,0.311790632719593,-0.11100440774371,-2.79261842378409,-1.68519141479811,0.933630529742778,1.32659502676032,0.829121738047069,-0.0737713120833234,1.61276838432798,1.13182758588907,-0.449425836023922,1.18485474753837,-0.336425380746359,-0.69663168170637,0.70116629410286,-1.35340521584162,-0.503604094739709,0.707215560367711,-1.45564988195966,-1.86652354782979,0.531511127601123,1.01780749613775,-2.75425267123904,2.06919417094833,1.08231642872967,-1.44980986305366,1.01907616040107,-0.952253804528484,-0.0613006563939056,3.71269296807833,-0.374725593146673,0.100021634021056,-1.20721371583244,-1.08236658664361,-0.957519457454779,-0.832672328265947,-0.707825199077115,-0.582978069888285,-0.458130940699455,-0.333283811510624,-0.208436682321791,-0.083589553132958,0.0412575760558713,0.166104705244702,0.290951834433534,0.415798963622365,0.540646092811198,0.665493222000029,0.790340351188854,0.915187480377691,1.04003460956652,1.16488173875535,1.16488173875535,1.16488173875535,1.16488173875535,1.16488173875535,1.16488173875535,1.16488173875535,1.16488173875535,1.16488173875535,1.16488173875535,1.16488173875535,1.16488173875535,1.16488173875535,1.16488173875535,1.16488173875535,1.16488173875535,1.16488173875535,1.16488173875535,1.16488173875535,1.16488173875535,1.16488173875535,-3.18541128380382,-3.2162423616609,-3.0879879968827,-2.82573155157943,-2.45455638786131,-1.99954586783853,-1.48578335362129,-0.938352207319813,-0.382335791044277,0.157182533095089,0.655119402988092,1.08639145652453,1.42591533159418,1.64860766608687,1.72938509789237,1.64316426490048,1.36486180500103,0.86939435608374,0.131678556038484,-0.873368957244988,-0.873368957244988,-0.873368957244988,-0.873368957244988,-0.873368957244988,-0.873368957244988,-0.873368957244988,-0.873368957244988,-0.873368957244988,-0.873368957244988,-0.873368957244988,-0.873368957244988,-0.873368957244988,-0.873368957244988,-0.873368957244988,-0.873368957244988,-0.873368957244988,-0.873368957244988,-0.873368957244988,-0.873368957244988,-0.873368957244988,-4.798591450946,-4.19022917584948,-3.58186690075295,-2.97350462565643,-2.36514235055992,-1.75678007546339,-1.1565059123252,-0.602576182625514,-0.128307440183994,0.255755300449716,0.559122403092831,0.801009114308902,0.990088349555116,1.11407788180549,1.1577626228758,1.1202497293419,1.00162558274501,0.788966396669387,0.478405588442939,0.104797873836622,0.104797873836622,0.104797873836622,0.104797873836622,0.104797873836622,0.104797873836622,0.104797873836622,0.104797873836622,0.104797873836622,0.104797873836622,0.104797873836622,0.104797873836622,0.104797873836622,0.104797873836622,0.104797873836622,0.104797873836622,0.104797873836622,0.104797873836622,0.104797873836622,0.104797873836622,0.104797873836622,1,1,1,1,1,1,1,1,1,1,1,1,1,1,1,1,1,1,1,1,1,1,1,1,1,1,1,1,1,1,1,1,1,1,1,1,1,1,1,1
2.79667494363178,1.66899130958566,-2.46217966939973,0.126603641544325,-0.993737872443123,-1.36085410330503,0.0368067002927681,3.20050786887574,1.57785142340284,-1.31035410764561,1.33384706050152,0.439624834736007,-0.0419780843311752,0.0573008721130801,-0.0388301776433995,-0.39135519999318,0.41605696259516,0.392505306377181,0.0785136711512937,0.770180758381461,1.39136574753236,-0.0043855832258366,-3.34727703061962,-1.43912267150118,-0.119015959656721,-1.01367469433357,-1.41002093619194,-0.585136346812337,1.26090564768158,0.143664789615501,0.47656554172751,-0.966386686401068,-0.665662777134585,-1.48685337649832,-1.81359893541014,0.015760488503366,1.69995276519918,-0.959136828592568,-2.26004336212793,0.98598742397904,-0.212833367066606,-0.208535424537025,-0.204237482007445,-0.199939539477864,-0.195641596948283,-0.191343654418703,-0.187045711889122,-0.182747769359542,-0.178449826829961,-0.174151884300381,-0.1698539417708,-0.165555999241221,-0.161258056711642,-0.156960114182059,-0.15266217165248,-0.148364229122899,-0.144066286593318,-0.139768344063738,-0.135470401534157,-0.131172459004578,-0.131172459004578,-0.131172459004578,-0.131172459004578,-0.131172459004578,-0.131172459004578,-0.131172459004578,-0.131172459004578,-0.131172459004578,-0.131172459004578,-0.131172459004578,-0.131172459004578,-0.131172459004578,-0.131172459004578,-0.131172459004578,-0.131172459004578,-0.131172459004578,-0.131172459004578,-0.131172459004578,-0.131172459004578,-0.131172459004578,-30.6714058419483,-22.5934583563192,-15.9351396430146,-10.5705324577829,-6.37371955637238,-3.21878369453166,-0.97980762800912,0.469125887446795,1.25393409608762,1.50053424216498,1.33484356993035,0.882779323635347,0.270258747531471,-0.376800914129658,-0.932482417096541,-1.27086851711757,-1.26604196994118,-0.792085531315891,0.276918043009976,2.06688599728787,2.06688599728787,2.06688599728787,2.06688599728787,2.06688599728787,2.06688599728787,2.06688599728787,2.06688599728787,2.06688599728787,2.06688599728787,2.06688599728787,2.06688599728787,2.06688599728787,2.06688599728787,2.06688599728787,2.06688599728787,2.06688599728787,2.06688599728787,2.06688599728787,2.06688599728787,2.06688599728787,-5.10977212510331,-4.39426556327063,-3.67875900143795,-2.96325243960529,-2.24774587777262,-1.53223931593994,-0.831114747651897,-0.213751222745808,0.252590103396741,0.532806530948969,0.618798765143922,0.527889092623226,0.305932236710635,0.0292929919699887,-0.208025501814296,-0.33928846696122,-0.360746065510069,-0.303216135575699,-0.187347263546743,-0.0332453405136111,-0.0332453405136111,-0.0332453405136111,-0.0332453405136111,-0.0332453405136111,-0.0332453405136111,-0.0332453405136111,-0.0332453405136111,-0.0332453405136111,-0.0332453405136111,-0.0332453405136111,-0.0332453405136111,-0.0332453405136111,-0.0332453405136111,-0.0332453405136111,-0.0332453405136111,-0.0332453405136111,-0.0332453405136111,-0.0332453405136111,-0.0332453405136111,-0.0332453405136111,1,1,1,1,1,1,1,1,1,1,1,1,1,1,1,1,1,1,1,1,1,1,1,1,1,1,1,1,1,1,1,1,1,1,1,1,1,1,1,1
2.50288203683944,-0.87251118783449,-1.97974515243475,1.71315683673301,1.11943577874975,3.415937068371,-1.37176721294708,-0.0489822040556955,-0.720712106227001,2.15113742191737,0.996147734911865,0.243105296596624,-1.28165014058572,1.18155532436097,-1.28078355671263,0.626143443020684,-1.21864114284688,-2.13777052031908,-0.529594201060723,0.820106229277735,1.8792734944262,0.656326418445255,-2.77242562082904,0.176708922948109,-0.930725507352989,-3.41568194738956,0.273109663912466,-1.34626682984144,-1.25092660295631,0.119917827658147,1.04213232855499,-0.101063556397863,0.168111575240754,-1.92498772030247,0.732676349944155,-0.411704088087836,1.07764262143059,1.09318686139777,-0.571955697573697,1.11697056693223,2.44094282108193,2.262143236849,2.08334365261607,1.90454406838314,1.72574448415021,1.54694489991728,1.36814531568435,1.18934573145142,1.01054614721849,0.831746562985559,0.652946978752631,0.474147394519701,0.295347810286771,0.11654822605384,-0.062251358179088,-0.241050942412018,-0.419850526644947,-0.598650110877879,-0.777449695110809,-0.956249279343737,-0.956249279343737,-0.956249279343737,-0.956249279343737,-0.956249279343737,-0.956249279343737,-0.956249279343737,-0.956249279343737,-0.956249279343737,-0.956249279343737,-0.956249279343737,-0.956249279343737,-0.956249279343737,-0.956249279343737,-0.956249279343737,-0.956249279343737,-0.956249279343737,-0.956249279343737,-0.956249279343737,-0.956249279343737,-0.956249279343737,-0.503744799635646,-0.0237234758042795,0.368283519216385,0.67745391469029,0.908965439881366,1.06799582405356,1.1597227964708,1.18932408639703,1.16197742309619,1.08286053583221,0.957151153869049,0.790027006470623,0.586665822900864,0.352245332423744,0.0919432643031755,-0.189062652196892,-0.485594687812535,-0.792475113279796,-1.10452619933476,-1.41657021671345,-1.41657021671345,-1.41657021671345,-1.41657021671345,-1.41657021671345,-1.41657021671345,-1.41657021671345,-1.41657021671345,-1.41657021671345,-1.41657021671345,-1.41657021671345,-1.41657021671345,-1.41657021671345,-1.41657021671345,-1.41657021671345,-1.41657021671345,-1.41657021671345,-1.41657021671345,-1.41657021671345,-1.41657021671345,-1.41657021671345,1.0702260658765,1.07679523601983,1.08336440616316,1.08993357630649,1.09650274644982,1.10307191659315,1.10683061723612,1.0946592549235,1.05715564273394,0.99890051412126,0.9328002087914,0.860869773829601,0.76014894782452,0.594581649288175,0.343116902596922,0.0107919504658778,-0.385005857261703,-0.827669221245824,-1.30097541336022,-1.78809556523542,-1.78809556523542,-1.78809556523542,-1.78809556523542,-1.78809556523542,-1.78809556523542,-1.78809556523542,-1.78809556523542,-1.78809556523542,-1.78809556523542,-1.78809556523542,-1.78809556523542,-1.78809556523542,-1.78809556523542,-1.78809556523542,-1.78809556523542,-1.78809556523542,-1.78809556523542,-1.78809556523542,-1.78809556523542,-1.78809556523542,1,1,1,1,1,1,1,1,1,1,1,1,1,1,1,1,1,1,1,1,1,1,1,1,1,1,1,1,1,1,1,1,1,1,1,1,1,1,1,1
-2.17266494001199,2.04822763720047,-0.77580129399048,1.42047776740148,-0.228190738748729,-1.20051310467756,-2.29324144549567,-0.284108140346383,1.02947803644432,3.06976268381337,-2.00263881672417,0.0932485673897823,0.387973334927254,-0.580744202799281,-1.06095704137073,-0.382036361356187,-1.42680862853377,-2.39166549686181,2.54769293008826,-0.119048885497758,2.09233903779226,-0.902363294936038,-1.02611551070136,1.4653445830606,0.370006377035239,-1.40046137508492,-1.24745371124199,-3.32682415991794,-1.75103212277181,-0.155782507109512,-1.69243004452676,0.483347073620699,-0.15906030428175,1.7060631269807,-0.421521857022908,-1.76337782985122,-0.194985607975013,-1.49326121838277,0.791508104398739,0.903572630501609,-4.97818707020476,-4.62214752256956,-4.26610797493435,-3.91006842729915,-3.55402887966394,-3.19798933202874,-2.84194978439354,-2.48591023675833,-2.12987068912313,-1.77383114148793,-1.41779159385272,-1.06175204621752,-0.705712498582317,-0.349672950947111,0.00636659668809081,0.362406144323296,0.7184456919585,1.07448523959371,1.43052478722891,1.78656433486411,1.78656433486411,1.78656433486411,1.78656433486411,1.78656433486411,1.78656433486411,1.78656433486411,1.78656433486411,1.78656433486411,1.78656433486411,1.78656433486411,1.78656433486411,1.78656433486411,1.78656433486411,1.78656433486411,1.78656433486411,1.78656433486411,1.78656433486411,1.78656433486411,1.78656433486411,1.78656433486411,-43.5831633817859,-33.4039386475164,-24.8710851563983,-17.8459328227489,-12.1898115608856,-7.76405128512594,-4.42998190978722,-2.04893334918686,-0.482235517642264,0.408781670529141,0.762788301009993,0.718454459482853,0.414450231630349,-0.0105542968649672,-0.41788904032046,-0.668883913053543,-0.624868829381642,-0.147173703622098,0.902871549907587,2.66393701689006,2.66393701689006,2.66393701689006,2.66393701689006,2.66393701689006,2.66393701689006,2.66393701689006,2.66393701689006,2.66393701689006,2.66393701689006,2.66393701689006,2.66393701689006,2.66393701689006,2.66393701689006,2.66393701689006,2.66393701689006,2.66393701689006,2.66393701689006,2.66393701689006,2.66393701689006,2.66393701689006,-5.42245977611443,-5.20413713846493,-4.98581450081517,-4.76749186316558,-4.549169225516,-4.33084658786637,-4.01165647057813,-3.18071232370831,-1.80708414799549,-0.400303654510749,0.408770641405429,0.334462888773588,-0.304074930580207,-0.857536006242997,-0.948902364072906,-0.561447043903573,0.260818325550979,1.26011333078235,1.86263512777094,1.88590234871552,1.88590234871552,1.88590234871552,1.88590234871552,1.88590234871552,1.88590234871552,1.88590234871552,1.88590234871552,1.88590234871552,1.88590234871552,1.88590234871552,1.88590234871552,1.88590234871552,1.88590234871552,1.88590234871552,1.88590234871552,1.88590234871552,1.88590234871552,1.88590234871552,1.88590234871552,1.88590234871552,1,1,1,1,1,1,1,1,1,1,1,1,1,1,1,1,1,1,1,1,1,1,1,1,1,1,1,1,1,1,1,1,1,1,1,1,1,1,1,1
-0.456790262155065,2.56569161090625,1.59507935271471,-0.302608987141177,-0.388840549811947,-3.02866567403331,0.25265581516854,0.9117825237366,-1.11306357183312,1.52088626220436,-0.0317796183121715,2.29904564870808,0.111439726931355,0.406295916730002,1.34133125352434,0.695461649828866,-0.533035433526459,1.42501415377393,-0.492197677158963,-0.488500233134662,1.25027864939027,2.63784773011404,2.70768340801009,0.484830040427768,2.870480575047,-0.343392466771784,-0.277683673983978,-2.34931016004974,-3.8290218352189,-0.183309627030834,0.453372955576896,2.23746206091008,-1.27444291288926,2.59062461185518,1.72495579668412,-2.36056840528801,0.686756873805539,-0.566836747939929,0.0813760098307821,-0.385479565336597,-1.33727747607746,-1.15091120943681,-0.964544942796159,-0.778178676155509,-0.591812409514857,-0.405446142874206,-0.219079876233552,-0.0327136095929035,0.153652657047751,0.340018923688399,0.526385190329053,0.712751456969707,0.899117723610356,1.085483990251,1.27185025689166,1.45821652353231,1.64458279017296,1.83094905681361,2.01731532345426,2.20368159009492,2.20368159009492,2.20368159009492,2.20368159009492,2.20368159009492,2.20368159009492,2.20368159009492,2.20368159009492,2.20368159009492,2.20368159009492,2.20368159009492,2.20368159009492,2.20368159009492,2.20368159009492,2.20368159009492,2.20368159009492,2.20368159009492,2.20368159009492,2.20368159009492,2.20368159009492,2.20368159009492,3.76842472396543,1.74951332343384,0.295812693542437,-0.658748066575297,-1.18023985778588,-1.33473358095583,-1.18830013695166,-0.8070104266399,-0.256935350887058,0.395854189440344,1.08528729347578,1.74529306035274,2.30980058920472,2.71273897916517,2.88803732936759,2.76962473894545,2.29143030703226,1.38738313276149,-0.00858768473341698,-1.96255304631894,-1.96255304631894,-1.96255304631894,-1.96255304631894,-1.96255304631894,-1.96255304631894,-1.96255304631894,-1.96255304631894,-1.96255304631894,-1.96255304631894,-1.96255304631894,-1.96255304631894,-1.96255304631894,-1.96255304631894,-1.96255304631894,-1.96255304631894,-1.96255304631894,-1.96255304631894,-1.96255304631894,-1.96255304631894,-1.96255304631894,-3.83141088768163,-3.31191103985832,-2.79241119203502,-2.27291134421171,-1.7534114963884,-1.2339116485651,-0.717578389028514,-0.218058177560204,0.256823785781389,0.699271357181287,1.0878623698925,1.39460792422192,1.60104711157672,1.70375544483604,1.71002813267851,1.63035456744994,1.47555682069793,1.26374243461428,1.02256801946204,0.774388827938152,0.774388827938152,0.774388827938152,0.774388827938152,0.774388827938152,0.774388827938152,0.774388827938152,0.774388827938152,0.774388827938152,0.774388827938152,0.774388827938152,0.774388827938152,0.774388827938152,0.774388827938152,0.774388827938152,0.774388827938152,0.774388827938152,0.774388827938152,0.774388827938152,0.774388827938152,0.774388827938152,1,1,1,1,1,1,1,1,1,1,1,1,1,1,1,1,1,1,1,1,1,1,1,1,1,1,1,1,1,1,1,1,1,1,1,1,1,1,1,1
1.72122016924027,-0.654957000577062,-0.1231794380106,0.461251249778937,-0.0390860355766121,0.891102280214019,1.38091470621548,1.74499369593829,-0.789214249289694,0.523781302305945,2.69626319611091,-1.68393146038258,-0.21982429317776,-2.48678638642721,-0.682002416664906,2.5451842769382,-0.469922174840802,-1.09567598284559,0.246412427414318,0.653919554871633,0.719567924979934,-2.47337901439232,0.988051042728067,1.01242994536087,-1.19388807370922,1.13204937914123,0.784152848108542,-2.82111370938842,0.623220938300701,-0.250191991166048,0.971421781279391,0.934581898082667,0.170786351448074,-1.3991606195734,0.893227265154612,-1.07382772319574,-0.424558686976765,-1.66998050970005,0.734684887221412,1.73738771144833,0.608660170411669,0.473983807022437,0.339307443633206,0.204631080243974,0.0699547168547436,-0.0647216465344886,-0.199398009923719,-0.334074373312951,-0.468750736702182,-0.603427100091414,-0.738103463480646,-0.872779826869875,-1.00745619025911,-1.14213255364834,-1.27680891703757,-1.4114852804268,-1.54616164381603,-1.68083800720527,-1.81551437059449,-1.95019073398372,-1.95019073398372,-1.95019073398372,-1.95019073398372,-1.95019073398372,-1.95019073398372,-1.95019073398372,-1.95019073398372,-1.95019073398372,-1.95019073398372,-1.95019073398372,-1.95019073398372,-1.95019073398372,-1.95019073398372,-1.95019073398372,-1.95019073398372,-1.95019073398372,-1.95019073398372,-1.95019073398372,-1.95019073398372,-1.95019073398372,-32.8560195001647,-24.0710201319846,-16.8641065308943,-11.0947989472686,-6.62261763148216,-3.30708283390982,-1.0077148049263,0.415966205093612,1.10443994577516,1.1981861667436,0.837684617624136,0.163415048042022,-0.684142792377486,-1.56450915400917,-2.33720428722779,-2.86174844240812,-2.9976618699249,-2.60446482015293,-1.54167754346687,0.331179709758391,0.331179709758391,0.331179709758391,0.331179709758391,0.331179709758391,0.331179709758391,0.331179709758391,0.331179709758391,0.331179709758391,0.331179709758391,0.331179709758391,0.331179709758391,0.331179709758391,0.331179709758391,0.331179709758391,0.331179709758391,0.331179709758391,0.331179709758391,0.331179709758391,0.331179709758391,0.331179709758391,-11.0803211895309,-9.20530532796043,-7.33028946638972,-5.45527360481908,-3.58025774324855,-1.70524188167792,-0.10454205352276,0.263217356092278,-0.0574834908256587,0.0394845657321081,0.22792655014295,-0.470799155993634,-1.8719740713953,-2.76718789505065,-2.34418824031154,-0.943604485164471,0.287323564892885,0.380284794406238,-0.72593650534294,-2.44319742853817,-2.44319742853817,-2.44319742853817,-2.44319742853817,-2.44319742853817,-2.44319742853817,-2.44319742853817,-2.44319742853817,-2.44319742853817,-2.44319742853817,-2.44319742853817,-2.44319742853817,-2.44319742853817,-2.44319742853817,-2.44319742853817,-2.44319742853817,-2.44319742853817,-2.44319742853817,-2.44319742853817,-2.44319742853817,-2.44319742853817,1,1,1,1,1,1,1,1,1,1,1,1,1,1,1,1,1,1,1,1,1,1,1,1,1,1,1,1,1,1,1,1,1,1,1,1,1,1,1,1
0.250705663622782,1.37800337816551,0.371981293463661,0.0318464645915588,0.761102272445227,0.287736719360499,1.7707819064028,0.391863361426227,0.576461699144959,-1.27566689921378,-0.0247359599745067,0.143247961860986,-0.207160114189644,2.14326432065669,-0.389568525840483,1.24779750374615,-0.676633390329572,-0.373400651943211,-0.179542605185377,0.0161051518503097,-0.591806584136522,-0.748814857920907,0.34888042300855,0.0729301945618346,-3.90504526498808,0.91124643815521,-0.0548585997240192,1.09562723394795,-2.30334350901163,1.93322421271296,1.40306331976468,0.459789295860682,0.144458816890314,0.248794154640647,-1.95284998835752,-0.625227579127239,0.532770237106002,0.534497095787181,0.356371784939912,-0.0821217511024415,1.12001089629458,1.01708942116146,0.91416794602834,0.811246470895219,0.708324995762101,0.60540352062898,0.502482045495859,0.399560570362739,0.296639095229619,0.1937176200965,0.0907961449633792,-0.0121253301697397,-0.11504680530286,-0.217968280435983,-0.320889755569102,-0.423811230702221,-0.526732705835339,-0.62965418096846,-0.732575656101579,-0.835497131234698,-0.835497131234698,-0.835497131234698,-0.835497131234698,-0.835497131234698,-0.835497131234698,-0.835497131234698,-0.835497131234698,-0.835497131234698,-0.835497131234698,-0.835497131234698,-0.835497131234698,-0.835497131234698,-0.835497131234698,-0.835497131234698,-0.835497131234698,-0.835497131234698,-0.835497131234698,-0.835497131234698,-0.835497131234698,-0.835497131234698,1.90429446361404,1.70590337313177,1.49871331591437,1.28607452834556,1.07133724680905,0.857851707688579,0.648968147367856,0.448036802230609,0.25840790866056,0.0834317030414287,-0.0735415782430522,-0.209161698809174,-0.320078422273209,-0.402941512251433,-0.454400732360121,-0.471105846215574,-0.449706617434021,-0.386852809631781,-0.279194186425137,-0.123380511430334,-0.123380511430334,-0.123380511430334,-0.123380511430334,-0.123380511430334,-0.123380511430334,-0.123380511430334,-0.123380511430334,-0.123380511430334,-0.123380511430334,-0.123380511430334,-0.123380511430334,-0.123380511430334,-0.123380511430334,-0.123380511430334,-0.123380511430334,-0.123380511430334,-0.123380511430334,-0.123380511430334,-0.123380511430334,-0.123380511430334,1.12551795866293,1.02185262960079,0.918187300538644,0.8145219714765,0.710856642414356,0.607191313352215,0.503524023233565,0.39985628319128,0.29623457529234,0.192718283181582,0.0893520790314444,-0.013806526685384,-0.11669853210732,-0.219315395933609,-0.321690738683978,-0.423855469862882,-0.525839725013359,-0.627688258022046,-0.729447377226409,-0.831160591823297,-0.831160591823297,-0.831160591823297,-0.831160591823297,-0.831160591823297,-0.831160591823297,-0.831160591823297,-0.831160591823297,-0.831160591823297,-0.831160591823297,-0.831160591823297,-0.831160591823297,-0.831160591823297,-0.831160591823297,-0.831160591823297,-0.831160591823297,-0.831160591823297,-0.831160591823297,-0.831160591823297,-0.831160591823297,-0.831160591823297,1,1,1,1,1,1,1,1,1,1,1,1,1,1,1,1,1,1,1,1,1,1,1,1,1,1,1,1,1,1,1,1,1,1,1,1,1,1,1,1
0.468757063160432,-1.84186593544085,3.12647225582139,-0.56942955558779,-0.682324779058991,-1.12300866866887,2.09071071075217,0.0302941013998081,-0.445914911893151,1.29927006709278,1.08895546162509,0.903019469495412,2.50470956724186,1.5807648622502,1.66516468483579,-0.0498344081207645,0.141919510434606,-0.331412741297228,-1.41830068118085,0.396318303573839,1.12752225386535,-0.639477095494586,0.378635881247202,0.937360904156721,-2.15403558666332,1.69252078154218,0.367791203630752,-0.58798564969117,-1.98699657031946,0.224852061915541,0.901226932201867,0.128307918047916,0.912260534742179,-2.31301236836881,-0.150600060888083,-1.7202321667026,-1.16869613267489,0.275372580654102,1.74754669754422,-1.67054177374707,-3.08920063010111,-2.87913655922331,-2.66907248834552,-2.45900841746772,-2.24894434658992,-2.03888027571213,-1.82881620483433,-1.61875213395654,-1.40868806307874,-1.19862399220094,-0.988559921323148,-0.778495850445353,-0.568431779567556,-0.358367708689761,-0.148303637811964,0.0617604330658299,0.271824503943627,0.481888574821422,0.691952645699221,0.902016716577016,0.902016716577016,0.902016716577016,0.902016716577016,0.902016716577016,0.902016716577016,0.902016716577016,0.902016716577016,0.902016716577016,0.902016716577016,0.902016716577016,0.902016716577016,0.902016716577016,0.902016716577016,0.902016716577016,0.902016716577016,0.902016716577016,0.902016716577016,0.902016716577016,0.902016716577016,0.902016716577016,-8.53267590153758,-6.66753854368937,-5.1438392409191,-3.92651316394875,-2.9804954835003,-2.2707213702957,-1.76212599505694,-1.41964452850599,-1.20821214136481,-1.0927640043554,-1.03823528819972,-1.00956116361974,-0.971676801337429,-0.889517372074758,-0.728018046553732,-0.452113995496294,-0.0267403896244343,0.583167600339884,1.4126748036747,2.49684604965798,2.49684604965798,2.49684604965798,2.49684604965798,2.49684604965798,2.49684604965798,2.49684604965798,2.49684604965798,2.49684604965798,2.49684604965798,2.49684604965798,2.49684604965798,2.49684604965798,2.49684604965798,2.49684604965798,2.49684604965798,2.49684604965798,2.49684604965798,2.49684604965798,2.49684604965798,2.49684604965798,-2.43172627948779,-2.29782588381758,-2.16392548814737,-2.03002509247717,-1.89612469680696,-1.76222430113675,-1.63151312946445,-1.51750888307821,-1.42335698572921,-1.33286457141211,-1.22149560590459,-1.07190908962331,-0.878676604132529,-0.641060271201368,-0.356597897699551,-0.0251109194834651,0.343415747519863,0.730056635184322,1.11805253149593,1.50195656825929,1.50195656825929,1.50195656825929,1.50195656825929,1.50195656825929,1.50195656825929,1.50195656825929,1.50195656825929,1.50195656825929,1.50195656825929,1.50195656825929,1.50195656825929,1.50195656825929,1.50195656825929,1.50195656825929,1.50195656825929,1.50195656825929,1.50195656825929,1.50195656825929,1.50195656825929,1.50195656825929,1,1,1,1,1,1,1,1,1,1,1,1,1,1,1,1,1,1,1,1,1,1,1,1,1,1,1,1,1,1,1,1,1,1,1,1,1,1,1,1
1.40199910490104,-1.83881144470181,0.123096785760191,-0.868308170868084,0.391087687108689,0.716073061973605,0.666739315397678,-3.495874285936,-0.186133021112171,0.0967656791882838,-1.92511940929861,1.80925234699102,-3.1005445097394,1.11969808260785,1.19521986135079,1.11110612809421,-3.47097995089324,2.25011266452625,1.01268031183841,-0.80843456496574,0.651651210630121,-0.173899418087723,0.349813613011648,0.0199699949523726,-0.720053640881265,-0.226613951693921,1.31686302589478,1.38750835485432,-0.5384907477507,1.27280864689152,1.09582664181191,0.737877030948832,1.43691760869279,-0.0258605946721548,-0.450527581368258,0.602867536010342,1.25543892191321,0.463120695773512,-1.11626738108307,2.11492200476338,-2.08260625251912,-1.9683981092704,-1.85418996602168,-1.73998182277296,-1.62577367952424,-1.51156553627552,-1.39735739302681,-1.28314924977809,-1.16894110652937,-1.05473296328065,-0.940524820031934,-0.826316676783216,-0.712108533534499,-0.59790039028578,-0.483692247037061,-0.369484103788343,-0.255275960539624,-0.141067817290905,-0.0268596740421874,0.0873484692065301,0.0873484692065301,0.0873484692065301,0.0873484692065301,0.0873484692065301,0.0873484692065301,0.0873484692065301,0.0873484692065301,0.0873484692065301,0.0873484692065301,0.0873484692065301,0.0873484692065301,0.0873484692065301,0.0873484692065301,0.0873484692065301,0.0873484692065301,0.0873484692065301,0.0873484692065301,0.0873484692065301,0.0873484692065301,0.0873484692065301,5.15487704683578,3.4657043140557,2.06849912163339,0.939923369322899,0.0566389568783112,-0.604692215946316,-1.06740824939691,-1.35484724371942,-1.49034729915976,-1.49724651596387,-1.3988829943777,-1.21859483464718,-0.979720137018226,-0.705597001736779,-0.419563529048782,-0.144957819200169,0.0948820275631324,0.276617910995181,0.376911730850066,0.372425386881837,0.372425386881837,0.372425386881837,0.372425386881837,0.372425386881837,0.372425386881837,0.372425386881837,0.372425386881837,0.372425386881837,0.372425386881837,0.372425386881837,0.372425386881837,0.372425386881837,0.372425386881837,0.372425386881837,0.372425386881837,0.372425386881837,0.372425386881837,0.372425386881837,0.372425386881837,0.372425386881837,-0.0792420996877858,-0.237235002198259,-0.395227904708734,-0.553220807219208,-0.711213709729684,-0.869206612240156,-1.02740418491512,-1.18385376463801,-1.32291112263489,-1.41809127687277,-1.44275385611351,-1.37916296502935,-1.22604349532372,-0.994035477655219,-0.687852244122944,-0.302460195955511,0.158030608854732,0.670821888642635,1.20885103974932,1.75488313891652,1.75488313891652,1.75488313891652,1.75488313891652,1.75488313891652,1.75488313891652,1.75488313891652,1.75488313891652,1.75488313891652,1.75488313891652,1.75488313891652,1.75488313891652,1.75488313891652,1.75488313891652,1.75488313891652,1.75488313891652,1.75488313891652,1.75488313891652,1.75488313891652,1.75488313891652,1.75488313891652,1,1,1,1,1,1,1,1,1,1,1,1,1,1,1,1,1,1,1,1,1,1,1,1,1,1,1,1,1,1,1,1,1,1,1,1,1,1,1,1
1.41482880694713,1.60484353443791,-0.814135023976539,-1.64546273953883,0.82844238270586,0.304622661259563,1.93011816019922,3.52108997016586,0.85792035676338,-0.481346390199521,0.67842373803931,-2.20338199897436,0.177572393958753,2.72505483168596,2.95293236601892,-0.835358535691466,0.204422731513327,-0.566940948906877,0.785054973588251,3.05877850752931,-0.591206497269946,2.00502592655989,-0.772167224121034,-0.718403925797121,0.543700953201581,-0.463794771612607,0.385436973402447,0.468467801116182,-0.233886000277773,-0.553619844740622,0.391562540477336,0.753139546599099,-0.709385928968501,-1.4442857126533,-0.940663984715515,-0.867381842733694,0.471211319372957,0.13463354624573,-1.85480926284816,-1.72034499802148,2.13027697780061,2.02405105621156,1.9178251346225,1.81159921303345,1.70537329144439,1.59914736985533,1.49292144826628,1.38669552667722,1.28046960508817,1.17424368349911,1.06801776191006,0.961791840321004,0.85556591873195,0.749339997142894,0.643114075553839,0.536888153964785,0.430662232375727,0.324436310786673,0.218210389197619,0.111984467608563,0.111984467608563,0.111984467608563,0.111984467608563,0.111984467608563,0.111984467608563,0.111984467608563,0.111984467608563,0.111984467608563,0.111984467608563,0.111984467608563,0.111984467608563,0.111984467608563,0.111984467608563,0.111984467608563,0.111984467608563,0.111984467608563,0.111984467608563,0.111984467608563,0.111984467608563,0.111984467608563,-16.1406849521079,-11.6111818843803,-7.84220580208887,-4.77202831753051,-2.33892104300211,-0.481155590800584,0.862996426777135,1.75526339743418,2.25737370887362,2.43105574879852,2.33803790491206,2.04004856491724,1.59881611651716,1.07606894741497,0.533535445313708,0.0329439979164601,-0.363977007073609,-0.595499181953517,-0.599894139020048,-0.315433490570175,-0.315433490570175,-0.315433490570175,-0.315433490570175,-0.315433490570175,-0.315433490570175,-0.315433490570175,-0.315433490570175,-0.315433490570175,-0.315433490570175,-0.315433490570175,-0.315433490570175,-0.315433490570175,-0.315433490570175,-0.315433490570175,-0.315433490570175,-0.315433490570175,-0.315433490570175,-0.315433490570175,-0.315433490570175,-0.315433490570175,-5.32281353871134,-4.26421171745686,-3.20560989620246,-2.14700807494802,-1.08840625369356,-0.0298044324391222,0.987975823638741,1.78152313087742,2.22592436682219,2.28945136179222,2.00719665769854,1.53207994378948,1.06340124327793,0.683827746316416,0.359078384800817,0.0474768016227696,-0.245344207382464,-0.429012299283798,-0.369578018476277,-0.0846671354513191,-0.0846671354513191,-0.0846671354513191,-0.0846671354513191,-0.0846671354513191,-0.0846671354513191,-0.0846671354513191,-0.0846671354513191,-0.0846671354513191,-0.0846671354513191,-0.0846671354513191,-0.0846671354513191,-0.0846671354513191,-0.0846671354513191,-0.0846671354513191,-0.0846671354513191,-0.0846671354513191,-0.0846671354513191,-0.0846671354513191,-0.0846671354513191,-0.0846671354513191,1,1,1,1,1,1,1,1,1,1,1,1,1,1,1,1,1,1,1,1,1,1,1,1,1,1,1,1,1,1,1,1,1,1,1,1,1,1,1,1
-0.385872424794085,-0.251474347537881,-0.704713966740175,-1.92848426888994,1.46198695172765,1.59619155099246,-0.509927252005106,-0.042431042668337,-0.307887260822641,0.504387581033066,-0.889807373565313,1.10612828890985,-0.873733786031073,-1.85712457109344,-0.387536656730459,0.408607685157971,-0.0122958073928885,-0.627809808382455,0.467755262689465,1.38572720643129,1.95495637008892,0.538392639850334,0.58443943836201,0.61596586939244,-1.36568810999573,-0.223506550583835,0.94591353384874,2.98147939225051,-1.56381127346553,-0.269404700555201,5.48205177379668,-0.747386647549984,0.0775679972451115,-1.96305960187331,2.47531325433049,2.38396460895702,1.06342500073568,1.98915059094946,0.4292331077275,1.12001053931001,2.6143895950891,2.53471511060468,2.45504062612026,2.37536614163583,2.29569165715141,2.21601717266699,2.13634268818257,2.05666820369815,1.97699371921373,1.89731923472931,1.81764475024488,1.73797026576046,1.65829578127604,1.57862129679162,1.4989468123072,1.41927232782277,1.33959784333835,1.25992335885393,1.18024887436951,1.10057438988509,1.10057438988509,1.10057438988509,1.10057438988509,1.10057438988509,1.10057438988509,1.10057438988509,1.10057438988509,1.10057438988509,1.10057438988509,1.10057438988509,1.10057438988509,1.10057438988509,1.10057438988509,1.10057438988509,1.10057438988509,1.10057438988509,1.10057438988509,1.10057438988509,1.10057438988509,1.10057438988509,-33.1097073405787,-23.0799527720269,-14.969559357374,-8.5946604263303,-3.77138930860588,-0.315879333910954,1.9557361680443,3.22732386754968,3.682750434895,3.50588254037007,2.88058685426474,1.99073004686875,1.02017878847196,0.152799749364187,-0.427540400164752,-0.536974989825064,0.0083626506730532,1.39233919161941,3.79882130330384,7.41167565601614,7.41167565601614,7.41167565601614,7.41167565601614,7.41167565601614,7.41167565601614,7.41167565601614,7.41167565601614,7.41167565601614,7.41167565601614,7.41167565601614,7.41167565601614,7.41167565601614,7.41167565601614,7.41167565601614,7.41167565601614,7.41167565601614,7.41167565601614,7.41167565601614,7.41167565601614,7.41167565601614,4.5260414921794,4.20892693650581,3.89181238083224,3.57469782515866,3.25758326948508,2.9404687138115,2.62844041651114,2.33742422158528,2.04608434255297,1.7134259640019,1.33217406018991,0.947526539440696,0.647766317170129,0.536519644037114,0.685964831022213,1.11047893967878,1.77681847497261,2.61370450958885,3.52768873779844,4.45348846207743,4.45348846207743,4.45348846207743,4.45348846207743,4.45348846207743,4.45348846207743,4.45348846207743,4.45348846207743,4.45348846207743,4.45348846207743,4.45348846207743,4.45348846207743,4.45348846207743,4.45348846207743,4.45348846207743,4.45348846207743,4.45348846207743,4.45348846207743,4.45348846207743,4.45348846207743,4.45348846207743,1,1,1,1,1,1,1,1,1,1,1,1,1,1,1,1,1,1,1,1,1,1,1,1,1,1,1,1,1,1,1,1,1,1,1,1,1,1,1,1
-0.379608885951666,0.447497974539634,-2.61692195384241,-0.0305768197829588,-0.20409414713494,0.0526833858754845,1.23565048310356,1.72439360518286,1.38841082991738,-0.995209808796044,2.12001531101582,1.27489218736504,-0.648651622595333,-0.692888834792495,0.346413202117912,-1.84691573493284,0.254535414694107,1.12355886428066,-1.71613384191622,0.0452762783726808,-0.181046923418231,0.28029701583702,-0.854500254483217,-0.956193806966949,0.980665606353631,-0.0973171104635746,0.311844604730068,1.10593897591466,1.49042378628127,-0.63008588435825,-0.984046083652322,-0.313921664550628,-1.45908357107046,-1.29020348212438,-1.04853534540975,-1.27203130583015,0.0298357962752007,-1.17100208860682,3.5675744414163,-0.639976019073956,5.09706545807078,4.58462429243404,4.0721831267973,3.55974196116055,3.04730079552381,2.53485962988707,2.02241846425033,1.50997729861359,0.997536132976844,0.485094967340101,-0.027346198296641,-0.539787363933382,-1.05222852957012,-1.56466969520687,-2.07711086084361,-2.58955202648035,-3.10199319211709,-3.61443435775383,-4.12687552339058,-4.63931668902732,-4.63931668902732,-4.63931668902732,-4.63931668902732,-4.63931668902732,-4.63931668902732,-4.63931668902732,-4.63931668902732,-4.63931668902732,-4.63931668902732,-4.63931668902732,-4.63931668902732,-4.63931668902732,-4.63931668902732,-4.63931668902732,-4.63931668902732,-4.63931668902732,-4.63931668902732,-4.63931668902732,-4.63931668902732,-4.63931668902732,-25.3214363362904,-18.6917666542628,-13.1319641809442,-8.56347481861215,-4.9077444695441,-2.08621903601756,-0.02034442031007,1.36843347530086,2.15866874853773,2.42891549712302,2.25772781877923,1.72365981122884,0.905265572194338,-0.118900800601773,-1.27028520943704,-2.47033355658893,-3.64049174433502,-4.70220567495273,-5.57692125071965,-6.18608437391326,-6.18608437391326,-6.18608437391326,-6.18608437391326,-6.18608437391326,-6.18608437391326,-6.18608437391326,-6.18608437391326,-6.18608437391326,-6.18608437391326,-6.18608437391326,-6.18608437391326,-6.18608437391326,-6.18608437391326,-6.18608437391326,-6.18608437391326,-6.18608437391326,-6.18608437391326,-6.18608437391326,-6.18608437391326,-6.18608437391326,-4.5390693543355,-3.74125577795898,-2.94344220158246,-2.14562862520595,-1.34781504882944,-0.550001472452904,0.235717728402016,0.952898027792372,1.53814435116852,1.87985075034018,1.84552137544672,1.41410444466355,0.685494729813186,-0.241431151526429,-1.2960563762481,-2.38680989854741,-3.45186619244372,-4.53239171846197,-5.70540249969273,-6.96598394319326,-6.96598394319326,-6.96598394319326,-6.96598394319326,-6.96598394319326,-6.96598394319326,-6.96598394319326,-6.96598394319326,-6.96598394319326,-6.96598394319326,-6.96598394319326,-6.96598394319326,-6.96598394319326,-6.96598394319326,-6.96598394319326,-6.96598394319326,-6.96598394319326,-6.96598394319326,-6.96598394319326,-6.96598394319326,-6.96598394319326,1,1,1,1,1,1,1,1,1,1,1,1,1,1,1,1,1,1,1,0,0,0,0,0,0,0,0,0,0,0,0,0,0,0,0,0,0,0,0,0
-0.709097409351779,-0.481992658003256,-0.122208356780041,-1.85148647516151,0.20575579509903,1.45671922299892,-1.7468450504823,0.898729736251363,0.547594438733839,0.615850515843848,-2.11412767561101,-2.30206437880383,1.38660937888186,-1.4944832252621,1.8849077210064,0.928977700055396,0.641502751966151,3.21531777916224,0.430582613312147,-0.195664651382973,0.736646692579802,-1.80818938745238,1.3566646854847,2.41800901695296,0.187694570815966,-1.19971381950719,-1.01275160963071,1.31269050366238,0.148175241416666,0.530976090782559,1.53167361087909,-3.67454386368853,-1.79376174675371,2.96130839914495,0.189630184600315,0.829744427078603,-2.1911437804389,-0.496815959002028,-0.841707739392932,-1.80491922176743,-2.77892353223381,-2.47743210157863,-2.17594067092345,-1.87444924026827,-1.5729578096131,-1.27146637895792,-0.96997494830274,-0.668483517647562,-0.366992086992386,-0.0655006563372087,0.235990774317969,0.537482204973147,0.838973635628324,1.1404650662835,1.44195649693868,1.74344792759385,2.04493935824903,2.34643078890421,2.64792221955939,2.94941365021457,2.94941365021457,2.94941365021457,2.94941365021457,2.94941365021457,2.94941365021457,2.94941365021457,2.94941365021457,2.94941365021457,2.94941365021457,2.94941365021457,2.94941365021457,2.94941365021457,2.94941365021457,2.94941365021457,2.94941365021457,2.94941365021457,2.94941365021457,2.94941365021457,2.94941365021457,2.94941365021457,27.3200265891519,19.5291163419155,13.1610637513065,8.09193300281374,4.19778828192612,1.3546937741325,-0.561286335078222,-1.67408786021718,-2.10764661579551,-1.98589841632432,-1.43277907631472,-0.572224410277856,0.471829767275155,1.5754476418332,2.61469339888515,3.46563122391989,4.00432530242628,4.10683981989316,3.64923896180951,2.5075869136641,2.5075869136641,2.5075869136641,2.5075869136641,2.5075869136641,2.5075869136641,2.5075869136641,2.5075869136641,2.5075869136641,2.5075869136641,2.5075869136641,2.5075869136641,2.5075869136641,2.5075869136641,2.5075869136641,2.5075869136641,2.5075869136641,2.5075869136641,2.5075869136641,2.5075869136641,2.5075869136641,1.95163304424305,1.53327147310795,1.11490990197282,0.696548330837712,0.2781867597026,-0.140174811432524,-0.532813004439204,-0.799489382940886,-0.929420945785859,-0.92506299582476,-0.717794472906252,-0.302685921556044,0.213002136376904,0.770050491973018,1.40895394121698,2.13483255075304,2.86086390079143,3.4931159432835,4.00302005368459,4.43392592696283,4.43392592696283,4.43392592696283,4.43392592696283,4.43392592696283,4.43392592696283,4.43392592696283,4.43392592696283,4.43392592696283,4.43392592696283,4.43392592696283,4.43392592696283,4.43392592696283,4.43392592696283,4.43392592696283,4.43392592696283,4.43392592696283,4.43392592696283,4.43392592696283,4.43392592696283,4.43392592696283,1,1,1,1,1,1,1,1,1,1,1,1,1,1,1,1,0,0,1,1,1,1,1,1,1,1,1,1,1,1,1,1,1,1,1,1,1,1,1,1
-0.322501052251654,-3.13985864107684,-0.525457039947119,1.05915228058431,0.174624088085768,2.30741119128849,0.565394348383929,-1.05547584994214,-1.45258782971104,-1.51063014841146,-2.06149803823327,1.54110965846357,2.36452998733356,-1.7063324566098,-0.662439393656788,1.22071369080183,-1.45942433088223,-0.445546178394206,1.40311608204727,0.335300872494672,0.905323943090126,-2.27225162691852,1.45163477452271,0.729443770103172,-0.509884894520942,0.437336215794607,-2.76038099852006,0.187324120769597,-1.06100836139524,1.15424691834415,1.08644475524563,-2.36958247346302,-0.244007983553956,0.801692752830299,-2.47006496123687,0.320011759263426,-1.19695592807714,-0.846019747167031,0.299211350047312,-1.36971001684349,-1.83137033385301,-1.6871511510548,-1.5429319682566,-1.3987127854584,-1.2544936026602,-1.11027441986199,-0.966055237063791,-0.821836054265588,-0.677616871467384,-0.533397688669183,-0.38917850587098,-0.244959323072777,-0.100740140274576,0.0434790425236269,0.187698225321828,0.331917408120031,0.476136590918232,0.620355773716433,0.764574956514636,0.908794139312837,0.908794139312837,0.908794139312837,0.908794139312837,0.908794139312837,0.908794139312837,0.908794139312837,0.908794139312837,0.908794139312837,0.908794139312837,0.908794139312837,0.908794139312837,0.908794139312837,0.908794139312837,0.908794139312837,0.908794139312837,0.908794139312837,0.908794139312837,0.908794139312837,0.908794139312837,0.908794139312837,16.5774350702094,12.2790881946039,8.66514327512369,5.68414864189842,3.28465262505777,1.41520355473143,0.0243497610490566,-0.939360425859673,-1.52737867586509,-1.79115665883751,-1.78214604464726,-1.55179850316467,-1.15156570426008,-0.632899317803798,-0.0472510136661803,0.553927538282498,1.11918466817187,1.59706870613161,1.93612798229142,2.08491082678096,2.08491082678096,2.08491082678096,2.08491082678096,2.08491082678096,2.08491082678096,2.08491082678096,2.08491082678096,2.08491082678096,2.08491082678096,2.08491082678096,2.08491082678096,2.08491082678096,2.08491082678096,2.08491082678096,2.08491082678096,2.08491082678096,2.08491082678096,2.08491082678096,2.08491082678096,2.08491082678096,-0.86622114912495,-0.852153827088207,-0.838086505051456,-0.824019183014706,-0.809951860977963,-0.795884538941213,-0.775937184637201,-0.725566656134995,-0.639807819486418,-0.545530850618855,-0.485003522742304,-0.484736586323478,-0.51673667479516,-0.500015217171867,-0.358357822861766,-0.0621971443528953,0.380986413155048,0.936377813283002,1.54548534115928,2.16235753720447,2.16235753720447,2.16235753720447,2.16235753720447,2.16235753720447,2.16235753720447,2.16235753720447,2.16235753720447,2.16235753720447,2.16235753720447,2.16235753720447,2.16235753720447,2.16235753720447,2.16235753720447,2.16235753720447,2.16235753720447,2.16235753720447,2.16235753720447,2.16235753720447,2.16235753720447,2.16235753720447,1,1,1,1,1,1,1,1,1,1,1,1,1,1,1,1,1,1,1,1,1,1,1,1,1,1,1,1,1,1,1,1,1,1,1,1,1,1,1,1
-1.60102843723824,-1.10842359420028,-0.769566518491928,-0.0415576743379837,1.51770058512616,0.219785683798825,0.906169602101223,-2.02048051845302,2.16400272442034,0.354646661586317,2.13373149909874,1.08184637106807,1.5578371155863,-1.26972812350839,0.525715480481628,1.20625235451196,0.733787895410707,-0.011226488696753,2.30203538993514,-2.33653486468526,-1.93242675023555,-2.57231961037134,-0.80014355615398,0.864023511818347,1.88721495124114,-0.878640964551233,-0.465165219949306,-1.90328008743194,-1.82004747082186,2.7023137514845,1.83204987288661,-1.87971823308483,0.102342428144857,-1.93342900225109,-2.15806019213413,0.514801618787034,-0.540371216058285,3.21829816419647,-0.652089085681434,-1.22448991624775,-2.25431906271569,-2.0515359114802,-1.84875276024471,-1.64596960900921,-1.44318645777372,-1.24040330653823,-1.03762015530273,-0.834837004067239,-0.632053852831746,-0.429270701596252,-0.226487550360758,-0.0237043991252666,0.179078752110227,0.381861903345722,0.584645054581213,0.787428205816706,0.990211357052202,1.19299450828769,1.39577765952319,1.59856081075868,1.59856081075868,1.59856081075868,1.59856081075868,1.59856081075868,1.59856081075868,1.59856081075868,1.59856081075868,1.59856081075868,1.59856081075868,1.59856081075868,1.59856081075868,1.59856081075868,1.59856081075868,1.59856081075868,1.59856081075868,1.59856081075868,1.59856081075868,1.59856081075868,1.59856081075868,1.59856081075868,0.82379883955348,-0.73280560941737,-1.8046089569938,-2.44856403201716,-2.7216236633288,-2.68074067977006,-2.38286791018229,-1.88495818340684,-1.24396432828504,-0.516839173658251,0.239464451632186,0.967993718744927,1.61179579883862,2.11391786307193,2.4174070826035,2.46531062859198,2.20067567219604,1.56654938457432,0.505978936885489,-1.03798849971182,-1.03798849971182,-1.03798849971182,-1.03798849971182,-1.03798849971182,-1.03798849971182,-1.03798849971182,-1.03798849971182,-1.03798849971182,-1.03798849971182,-1.03798849971182,-1.03798849971182,-1.03798849971182,-1.03798849971182,-1.03798849971182,-1.03798849971182,-1.03798849971182,-1.03798849971182,-1.03798849971182,-1.03798849971182,-1.03798849971182,-3.74821999085621,-3.52072802126818,-3.29323605168013,-3.06574408209208,-2.83825211250406,-2.61076014291601,-2.35361576619826,-1.94030280010802,-1.32036095715523,-0.544431307494836,0.296261302472143,1.09804208622092,1.7919311907458,2.31972388679303,2.53734591737543,2.31070367779226,1.72482165166286,0.991636325844954,0.194210129236138,-0.67140577145808,-0.67140577145808,-0.67140577145808,-0.67140577145808,-0.67140577145808,-0.67140577145808,-0.67140577145808,-0.67140577145808,-0.67140577145808,-0.67140577145808,-0.67140577145808,-0.67140577145808,-0.67140577145808,-0.67140577145808,-0.67140577145808,-0.67140577145808,-0.67140577145808,-0.67140577145808,-0.67140577145808,-0.67140577145808,-0.67140577145808,1,1,1,1,1,1,1,1,1,1,1,1,1,1,1,1,1,1,1,1,1,1,1,1,1,1,1,1,1,1,1,1,1,1,1,1,1,1,1,1
-1.53410263776743,-0.156833540556456,1.76355005094678,1.73156711928663,0.506939072517275,1.15986201208011,0.0628939811527864,-1.84150859674493,0.816433577037897,0.343767641532493,-2.29857152113518,-1.00785167267657,-0.738713478395917,-0.70716985145139,0.32147545117726,0.985735138552949,-1.83133466430102,0.985207446138258,-0.357155278091506,-1.2994470986366,1.15875513511595,0.436266461902365,-0.237496861679368,0.202680786583393,2.32871479953731,0.472615155314868,2.20581991510209,1.13090988119241,2.52336624757333,-0.745559801704221,-1.50771799258172,1.08857460089317,-0.515898282365834,0.598851844713129,-2.23326318067718,1.85161973245042,-1.59438732370993,-0.497575154187063,2.37497617385926,2.05554935893011,2.64980878486587,2.52182106360129,2.39383334233672,2.26584562107214,2.13785789980756,2.00987017854299,1.88188245727841,1.75389473601384,1.62590701474926,1.49791929348468,1.36993157222011,1.24194385095553,1.11395612969095,0.985968408426373,0.857980687161799,0.729992965897221,0.602005244632643,0.474017523368069,0.346029802103493,0.218042080838915,0.218042080838915,0.218042080838915,0.218042080838915,0.218042080838915,0.218042080838915,0.218042080838915,0.218042080838915,0.218042080838915,0.218042080838915,0.218042080838915,0.218042080838915,0.218042080838915,0.218042080838915,0.218042080838915,0.218042080838915,0.218042080838915,0.218042080838915,0.218042080838915,0.218042080838915,0.218042080838915,-9.69882847767706,-6.53295148742518,-3.95589069629294,-1.9140854876676,-0.35397524493643,0.778000648513309,1.53540280929437,1.97179185401949,2.1407283993014,2.09577306175286,1.89048645798659,1.57842920461534,1.21316191825187,0.848245215508884,0.537239712999156,0.33370602733541,0.291204775130392,0.463296572996843,0.903542037547492,1.66550178539511,1.66550178539511,1.66550178539511,1.66550178539511,1.66550178539511,1.66550178539511,1.66550178539511,1.66550178539511,1.66550178539511,1.66550178539511,1.66550178539511,1.66550178539511,1.66550178539511,1.66550178539511,1.66550178539511,1.66550178539511,1.66550178539511,1.66550178539511,1.66550178539511,1.66550178539511,1.66550178539511,2.1809137309189,2.11565595285641,2.05039817479393,1.98514039673144,1.91988261866895,1.85462484060647,1.78981536827144,1.72717356691801,1.66500328704373,1.59339976057936,1.50038803452232,1.38292703583851,1.24389553024506,1.08068950432383,0.886156299155667,0.657738503178045,0.398648843208125,0.114577059042286,-0.186127379952939,-0.493905672934032,-0.493905672934032,-0.493905672934032,-0.493905672934032,-0.493905672934032,-0.493905672934032,-0.493905672934032,-0.493905672934032,-0.493905672934032,-0.493905672934032,-0.493905672934032,-0.493905672934032,-0.493905672934032,-0.493905672934032,-0.493905672934032,-0.493905672934032,-0.493905672934032,-0.493905672934032,-0.493905672934032,-0.493905672934032,-0.493905672934032,1,1,1,1,1,1,1,1,1,1,1,1,1,1,1,1,1,1,1,1,1,1,1,1,1,1,1,1,1,1,1,1,1,1,1,1,1,1,1,1
-1.58547185662241,0.6183887303777,-1.77908050787417,-0.523723740963709,2.51603001185085,-0.776848689253741,2.87888713743099,0.593209649439812,3.3748328121793,-0.47965026042923,-0.926899830451632,0.695753358007769,1.92321449644376,0.123618321482109,1.62321059463401,-3.07093050489808,-0.043429934097782,-0.254926457509136,0.933808738442803,2.28420896292236,1.96548194210206,-0.0772030635123464,-0.895980961410562,-0.0288955537884057,0.268922467869199,-1.77314274871651,0.747301092921784,-0.397905002949367,1.75188445523488,-0.585953146953397,-0.529246743324698,-3.0239218101266,0.810413531139238,-1.47032637095937,0.242682886805651,0.355420150210339,0.839736316524101,0.105629295735856,0.284079170098765,0.492384241288537,0.814822171309348,0.741011187392172,0.667200203474998,0.593389219557822,0.519578235640647,0.445767251723472,0.371956267806297,0.298145283889122,0.224334299971948,0.150523316054771,0.0767123321375962,0.00290134822042099,-0.0709096356967525,-0.144720619613928,-0.218531603531103,-0.292342587448278,-0.366153571365453,-0.439964555282629,-0.513775539199806,-0.587586523116977,-0.587586523116977,-0.587586523116977,-0.587586523116977,-0.587586523116977,-0.587586523116977,-0.587586523116977,-0.587586523116977,-0.587586523116977,-0.587586523116977,-0.587586523116977,-0.587586523116977,-0.587586523116977,-0.587586523116977,-0.587586523116977,-0.587586523116977,-0.587586523116977,-0.587586523116977,-0.587586523116977,-0.587586523116977,-0.587586523116977,-16.3553818857607,-11.3375332770265,-7.3382157591545,-4.25534941872886,-1.98685434233374,-0.430650616553262,0.515341672028401,0.953202436827114,0.98501159125871,0.71284904873905,0.238794722683989,-0.335071473490649,-0.906669626368995,-1.37391982253519,-1.63474214857341,-1.58705669106781,-1.12878353660252,-0.157842771761672,1.42784551687055,3.73036124270999,3.73036124270999,3.73036124270999,3.73036124270999,3.73036124270999,3.73036124270999,3.73036124270999,3.73036124270999,3.73036124270999,3.73036124270999,3.73036124270999,3.73036124270999,3.73036124270999,3.73036124270999,3.73036124270999,3.73036124270999,3.73036124270999,3.73036124270999,3.73036124270999,3.73036124270999,3.73036124270999,2.90756360886207,2.56206741736134,2.2165712258606,1.87107503435987,1.52557884285913,1.18008265135839,0.832787453957065,0.476408175846808,0.111634921133211,-0.244969348427,-0.563043765585123,-0.805800295437978,-0.939895832604117,-0.942654388963025,-0.8024837719007,-0.517068354686257,-0.0956008237616217,0.437741003466771,1.04580565786556,1.68787602917464,1.68787602917464,1.68787602917464,1.68787602917464,1.68787602917464,1.68787602917464,1.68787602917464,1.68787602917464,1.68787602917464,1.68787602917464,1.68787602917464,1.68787602917464,1.68787602917464,1.68787602917464,1.68787602917464,1.68787602917464,1.68787602917464,1.68787602917464,1.68787602917464,1.68787602917464,1.68787602917464,1,1,1,1,1,1,1,1,1,1,1,1,1,1,1,1,1,1,1,1,1,1,1,1,1,1,1,1,1,1,1,1,1,1,1,1,1,1,1,1
-0.0292645780637848,-3.07865211214886,1.83276885118813,-1.28655933799318,-0.470655474045766,-1.28421058514283,1.21869097599684,0.318829713970491,-0.866132391051895,-0.729265700788421,0.526443058316623,2.28496483650765,-0.0197543942722351,-0.428067173202216,0.439139033643992,0.430524797867088,0.907071955966568,-0.957515051287229,-2.52137821899214,-0.0681193120355381,0.0154919143501289,-0.531723047239272,-1.1083606072985,1.08808067008465,0.323895463692697,-1.14642320696196,-0.469454246004554,-0.46787498881451,-1.23863850480686,0.853957309224446,1.02213292844379,1.74327119873026,-1.1177714980798,-1.09095500281138,0.953512716650842,2.65604574557195,2.48715448395224,3.28059819685081,-0.0540698940854654,-0.164783567239601,-0.14268053669824,-0.0902212013527386,-0.0377618660072372,0.0146974693382642,0.0671568046837638,0.119616140029263,0.172075475374768,0.224534810720268,0.276994146065768,0.329453481411267,0.381912816756772,0.43437215210227,0.486831487447771,0.539290822793273,0.591750158138776,0.644209493484276,0.696668828829774,0.749128164175278,0.801587499520776,0.854046834866276,0.854046834866276,0.854046834866276,0.854046834866276,0.854046834866276,0.854046834866276,0.854046834866276,0.854046834866276,0.854046834866276,0.854046834866276,0.854046834866276,0.854046834866276,0.854046834866276,0.854046834866276,0.854046834866276,0.854046834866276,0.854046834866276,0.854046834866276,0.854046834866276,0.854046834866276,0.854046834866276,25.9988699784152,19.1847485022269,13.557235857317,9.0138126452503,5.45195946759179,2.76915692590628,0.862885621758629,-0.369373843286276,-1.03014086766358,-1.22193484980842,-1.04727518815591,-0.608681281141198,-0.00867252719939948,0.650231675234314,1.26551192772486,1.73464883183709,1.95512298913586,1.82441500118606,1.24000546955251,0.0993749958001349,0.0993749958001349,0.0993749958001349,0.0993749958001349,0.0993749958001349,0.0993749958001349,0.0993749958001349,0.0993749958001349,0.0993749958001349,0.0993749958001349,0.0993749958001349,0.0993749958001349,0.0993749958001349,0.0993749958001349,0.0993749958001349,0.0993749958001349,0.0993749958001349,0.0993749958001349,0.0993749958001349,0.0993749958001349,0.0993749958001349,2.89604365699335,2.46700710698996,2.03797055698654,1.60893400698314,1.17989745697973,0.750860906976321,0.337287393432394,0.0120555194120104,-0.161729154666089,-0.159583751685522,0.0110656387284802,0.298535987255793,0.606270883110135,0.85218833759869,1.01518986593116,1.08538588506861,1.02040469124767,0.817544550980912,0.563698861234309,0.331870228539712,0.331870228539712,0.331870228539712,0.331870228539712,0.331870228539712,0.331870228539712,0.331870228539712,0.331870228539712,0.331870228539712,0.331870228539712,0.331870228539712,0.331870228539712,0.331870228539712,0.331870228539712,0.331870228539712,0.331870228539712,0.331870228539712,0.331870228539712,0.331870228539712,0.331870228539712,0.331870228539712,1,1,1,1,1,1,1,1,1,1,1,1,1,1,1,1,1,1,1,1,1,1,1,1,1,1,1,1,1,1,1,1,1,1,1,1,1,1,1,1
-1.16045193638558,-2.86924069861083,2.60122882978894,0.438609819267195,2.30908328577788,-0.52432049988348,0.672927404453236,-2.27813311639819,1.45941477008857,-0.117087026112488,-0.188897449763461,2.52460607228956,-0.768606758171527,-2.67142722226748,-2.05641281777497,1.30018864723139,-0.381052846751581,0.0867185231106831,-1.03813838154369,-1.93806267289837,1.64550863566601,1.77805539094266,2.36203288267643,-3.26964423985155,1.9119805881297,0.992840948004741,1.62515683525227,-0.307093880209553,2.26500419268645,0.676431720935359,-1.1651041912069,-2.70629801640375,1.75366974312408,-0.0105363605552533,1.31850331505987,-0.883995049764167,-1.13848754346252,0.517454624994969,-0.956909894318326,-2.27343505102863,-1.98376106039368,-1.87788233391461,-1.77200360743554,-1.66612488095647,-1.5602461544774,-1.45436742799833,-1.34848870151926,-1.24260997504019,-1.13673124856112,-1.03085252208205,-0.924973795602984,-0.819095069123918,-0.713216342644845,-0.607337616165777,-0.50145888968671,-0.39558016320764,-0.289701436728571,-0.183822710249501,-0.0779439837704334,0.0279347427086378,0.0279347427086378,0.0279347427086378,0.0279347427086378,0.0279347427086378,0.0279347427086378,0.0279347427086378,0.0279347427086378,0.0279347427086378,0.0279347427086378,0.0279347427086378,0.0279347427086378,0.0279347427086378,0.0279347427086378,0.0279347427086378,0.0279347427086378,0.0279347427086378,0.0279347427086378,0.0279347427086378,0.0279347427086378,0.0279347427086378,-17.0795521524967,-12.5598043992889,-8.91005384847611,-6.04423768883679,-3.8762931091495,-2.32015729819281,-1.28976744474524,-0.699060737585318,-0.461974365491605,-0.492445517242647,-0.70441138161698,-1.01180914739313,-1.32857600334965,-1.56864913826511,-1.64596574091799,-1.47446300008687,-0.968078104550289,-0.0407482430867869,1.39358939552511,3.42099762250682,3.42099762250682,3.42099762250682,3.42099762250682,3.42099762250682,3.42099762250682,3.42099762250682,3.42099762250682,3.42099762250682,3.42099762250682,3.42099762250682,3.42099762250682,3.42099762250682,3.42099762250682,3.42099762250682,3.42099762250682,3.42099762250682,3.42099762250682,3.42099762250682,3.42099762250682,3.42099762250682,-2.3379753344009,-2.21967906332616,-2.10138279225155,-1.98308652117696,-1.86479025010226,-1.74649397902763,-1.57789129774079,-1.13185594875185,-0.361423816513353,0.185264836665239,-0.145289693812124,-1.17429508625496,-2.10325914035533,-2.47611683595043,-2.28685982161956,-1.57108963946014,-0.477046252841118,0.722693571273787,1.9724793273124,3.34292246227903,3.34292246227903,3.34292246227903,3.34292246227903,3.34292246227903,3.34292246227903,3.34292246227903,3.34292246227903,3.34292246227903,3.34292246227903,3.34292246227903,3.34292246227903,3.34292246227903,3.34292246227903,3.34292246227903,3.34292246227903,3.34292246227903,3.34292246227903,3.34292246227903,3.34292246227903,3.34292246227903,1,1,1,1,1,1,1,1,1,1,1,1,1,1,1,1,1,1,1,1,1,1,1,1,1,1,1,1,1,1,1,1,1,1,1,1,1,1,1,1
-1.20409130336796,1.77906860603431,-0.618450062370157,-0.55360872180309,2.77910138589118,1.4576093445656,-1.85728648952538,2.02223146718569,-0.0697769585546926,-1.25722705261234,0.990468132956778,-0.0966726506941882,-0.817806903271965,-0.864633404293791,-0.911850548045178,1.71759456429552,-0.870984279685898,-0.326746864890259,-1.32631841410834,-0.28904826614469,-2.6516705963464,-1.01000619330559,0.471257442584514,0.371257124820982,-0.974689886538728,-0.694790585085324,-0.791416721205879,-0.126447812965552,1.19135609303582,-2.23945964944196,0.998681046213544,-1.63748147252844,-1.2261589607986,-1.71842039487046,-0.655194963249766,-2.43023200140229,-0.688187193120962,-0.709907719372326,0.395643460453829,-2.83969527478349,-0.757248823801261,-0.732306198653124,-0.707363573504988,-0.682420948356853,-0.657478323208718,-0.632535698060581,-0.607593072912445,-0.582650447764314,-0.557707822616175,-0.53276519746804,-0.507822572319904,-0.482879947171769,-0.457937322023634,-0.432994696875499,-0.408052071727365,-0.383109446579228,-0.358166821431093,-0.333224196282957,-0.308281571134819,-0.283338945986682,-0.283338945986682,-0.283338945986682,-0.283338945986682,-0.283338945986682,-0.283338945986682,-0.283338945986682,-0.283338945986682,-0.283338945986682,-0.283338945986682,-0.283338945986682,-0.283338945986682,-0.283338945986682,-0.283338945986682,-0.283338945986682,-0.283338945986682,-0.283338945986682,-0.283338945986682,-0.283338945986682,-0.283338945986682,-0.283338945986682,10.6704265509124,7.35457024152014,4.6911805809573,2.61684779285167,1.0681621008311,-0.0182862714765495,-0.705907100443426,-1.05811016244168,-1.13830523384345,-1.00990209102091,-0.736310510346195,-0.380940268191447,-0.0072011409288244,0.321497095069532,0.541744663431473,0.590131787784854,0.403248691757526,-0.0823144010226748,-0.92996726692791,-2.20311968233026,-2.20311968233026,-2.20311968233026,-2.20311968233026,-2.20311968233026,-2.20311968233026,-2.20311968233026,-2.20311968233026,-2.20311968233026,-2.20311968233026,-2.20311968233026,-2.20311968233026,-2.20311968233026,-2.20311968233026,-2.20311968233026,-2.20311968233026,-2.20311968233026,-2.20311968233026,-2.20311968233026,-2.20311968233026,-2.20311968233026,1.38631844717904,1.11801363712206,0.849708827065058,0.581404017008062,0.313099206951065,0.0447943968940709,-0.216033080597686,-0.43947692895583,-0.620682342819471,-0.766764278061093,-0.862748979936031,-0.890674731814203,-0.861112434925774,-0.797740022754041,-0.706758169006505,-0.57987907398968,-0.410994294780014,-0.195753780706479,0.0681763106320528,0.36595567566283,0.36595567566283,0.36595567566283,0.36595567566283,0.36595567566283,0.36595567566283,0.36595567566283,0.36595567566283,0.36595567566283,0.36595567566283,0.36595567566283,0.36595567566283,0.36595567566283,0.36595567566283,0.36595567566283,0.36595567566283,0.36595567566283,0.36595567566283,0.36595567566283,0.36595567566283,0.36595567566283,1,1,1,1,1,1,1,1,1,1,1,1,1,1,1,1,1,1,1,1,1,1,1,1,1,1,1,1,1,1,1,1,1,1,1,1,1,1,1,1
1.755488191613,-0.0969474982709668,0.44379005377558,0.823775884109851,1.92074262601719,0.429098503221897,1.74137137627478,-1.42508134523486,-1.44004146361162,-0.972413592141702,0.521651032400898,-0.485297756570642,-1.18731726932205,-0.184953761343627,0.009315199087915,0.560282389264749,1.26685029102667,-1.31834679883694,0.465423095778283,-0.370564813973667,-0.824066467194433,1.0579914479363,-2.22635753017528,-0.432625060415983,-1.74626195707096,1.27559629044841,0.456220864359537,-1.11268664963663,1.12713365865543,1.2019946661304,0.824126698364697,-0.106965498010126,-0.970872275648674,-0.66198274203691,0.126336983370896,-0.238147242226649,-0.184896500135332,-0.580773996388773,-1.60196296567984,1.20001589469176,5.60567832009539,5.10502141967364,4.60436451925188,4.10370761883013,3.60305071840837,3.10239381798661,2.60173691756486,2.1010800171431,1.60042311672134,1.09976621629959,0.599109315877831,0.0984524154560749,-0.402204484965683,-0.902861385387437,-1.4035182858092,-1.90417518623095,-2.40483208665271,-2.90548898707446,-3.40614588749622,-3.90680278791797,-3.90680278791797,-3.90680278791797,-3.90680278791797,-3.90680278791797,-3.90680278791797,-3.90680278791797,-3.90680278791797,-3.90680278791797,-3.90680278791797,-3.90680278791797,-3.90680278791797,-3.90680278791797,-3.90680278791797,-3.90680278791797,-3.90680278791797,-3.90680278791797,-3.90680278791797,-3.90680278791797,-3.90680278791797,-3.90680278791797,11.182305432707,9.065870485931,7.25193477515448,5.71305615091592,4.42179246375385,3.35070156420679,2.47234130281323,1.75926953011169,1.18404409664067,0.719222852938707,0.337363649544315,0.0110243369959715,-0.287237234167813,-0.584863213408481,-0.909295750187574,-1.28797699396653,-1.74834909420687,-2.31785420037005,-3.02393446191761,-3.89403202831102,-3.89403202831102,-3.89403202831102,-3.89403202831102,-3.89403202831102,-3.89403202831102,-3.89403202831102,-3.89403202831102,-3.89403202831102,-3.89403202831102,-3.89403202831102,-3.89403202831102,-3.89403202831102,-3.89403202831102,-3.89403202831102,-3.89403202831102,-3.89403202831102,-3.89403202831102,-3.89403202831102,-3.89403202831102,-3.89403202831102,9.63559400716173,8.54212899953836,7.44866399191497,6.35519898429158,5.2617339766682,4.16826896904482,3.07568343741104,2.01121157513159,1.08735311134496,0.383629059527946,-0.142007914044655,-0.558862915063715,-0.893887787925092,-1.16785854632763,-1.3982212104445,-1.5923529465447,-1.79204294110709,-2.05109650533437,-2.35728656145369,-2.66605713138708,-2.66605713138708,-2.66605713138708,-2.66605713138708,-2.66605713138708,-2.66605713138708,-2.66605713138708,-2.66605713138708,-2.66605713138708,-2.66605713138708,-2.66605713138708,-2.66605713138708,-2.66605713138708,-2.66605713138708,-2.66605713138708,-2.66605713138708,-2.66605713138708,-2.66605713138708,-2.66605713138708,-2.66605713138708,-2.66605713138708,1,1,1,1,1,1,1,1,1,1,1,1,1,1,1,1,1,1,1,1,1,1,1,1,1,1,1,1,1,1,1,1,1,1,1,1,1,1,1,1
-1.17663701264554,-0.222391658514439,-1.86052423890628,0.0293314044418658,-1.82677623169087,-0.432734789719919,0.762170704168808,1.03345654288946,-1.28352154483485,0.404516870987822,-0.265084679703071,-0.803228851957561,0.500441962307747,-1.47699747362149,-1.83311221593806,3.59296258258596,0.089987640823189,2.20212276449682,0.507108795379622,0.877233242162776,-1.76439265788269,-0.751772452860738,1.0362437346402,-2.17861830397223,1.6222170945702,0.544297659998096,0.944217052224124,0.038186055487218,-1.3349005560701,0.0581492408415816,-0.672593224478398,0.658511738103771,1.08889389368746,0.00586317299235795,1.86679121441573,2.74088289806533,1.69280172977324,1.44586808748465,1.14783184788526,-0.220538259917021,-4.43038891279061,-4.09643262800865,-3.76247634322668,-3.42852005844471,-3.09456377366274,-2.76060748888078,-2.42665120409881,-2.09269491931684,-1.75873863453488,-1.42478234975291,-1.09082606497094,-0.756869780188977,-0.422913495407007,-0.0889572106250451,0.244999074156924,0.578955358938892,0.912911643720861,1.24686792850282,1.5808242132848,1.91478049806676,1.91478049806676,1.91478049806676,1.91478049806676,1.91478049806676,1.91478049806676,1.91478049806676,1.91478049806676,1.91478049806676,1.91478049806676,1.91478049806676,1.91478049806676,1.91478049806676,1.91478049806676,1.91478049806676,1.91478049806676,1.91478049806676,1.91478049806676,1.91478049806676,1.91478049806676,1.91478049806676,-2.26091632170923,-2.56901114724094,-2.76005924851559,-2.8440234571677,-2.8308666048318,-2.73055152314244,-2.55304104373413,-2.30829799824141,-2.0062852182988,-1.65696553554085,-1.27030178160208,-0.856256788117017,-0.424793386720191,0.0141255909538547,0.450537313270608,0.874478948595515,1.27598766529406,1.64510063173172,1.97185501627393,2.24628798728621,2.24628798728621,2.24628798728621,2.24628798728621,2.24628798728621,2.24628798728621,2.24628798728621,2.24628798728621,2.24628798728621,2.24628798728621,2.24628798728621,2.24628798728621,2.24628798728621,2.24628798728621,2.24628798728621,2.24628798728621,2.24628798728621,2.24628798728621,2.24628798728621,2.24628798728621,2.24628798728621,-2.9458366447543,-2.8226436349053,-2.69945062505629,-2.57625761520729,-2.45306460535828,-2.32987159550927,-2.20453079559477,-2.06537395715116,-1.89554474775915,-1.68144131127146,-1.41691099780341,-1.1011864725789,-0.736953975538755,-0.33133894542385,0.105345876786965,0.564428066095699,1.04168880322985,1.53535817164719,2.04234435462547,2.55661059868135,2.55661059868135,2.55661059868135,2.55661059868135,2.55661059868135,2.55661059868135,2.55661059868135,2.55661059868135,2.55661059868135,2.55661059868135,2.55661059868135,2.55661059868135,2.55661059868135,2.55661059868135,2.55661059868135,2.55661059868135,2.55661059868135,2.55661059868135,2.55661059868135,2.55661059868135,2.55661059868135,1,1,1,1,1,1,1,1,1,1,1,1,1,1,1,1,1,1,1,1,1,1,1,1,1,1,1,1,1,1,1,1,1,1,1,1,1,1,1,1
1.22537657952329,0.50664805665461,-0.527993960077765,-0.741908768198654,-0.744305397168689,-0.163978387245904,-1.39786357106145,-1.51365471198711,1.28210696675321,-1.2622512640802,0.147064852599744,-2.48965346205561,0.886481192753878,-0.324159472061007,-1.01491712007344,1.27529576897776,1.66132257113154,0.220579498489167,0.690990569688255,0.613076236690727,0.412680498671804,0.47920522133057,2.80552035121887,-2.19636999386166,-0.931410601957147,-1.45247048828019,0.572866295334164,0.579630285060706,-0.594958293263579,0.177397008574161,1.91467243497168,2.62694471446715,-0.37764522580677,0.203701358867797,-1.6765629963931,-0.968597874826363,-2.47320329277914,-0.222962464558737,1.12004416849554,-1.70106975687359,-0.349852492974864,-0.34995148203982,-0.350050471104776,-0.350149460169732,-0.350248449234687,-0.350347438299641,-0.350446427364597,-0.350545416429554,-0.35064440549451,-0.350743394559466,-0.350842383624421,-0.350941372689375,-0.351040361754333,-0.351139350819286,-0.351238339884242,-0.351337328949199,-0.351436318014153,-0.351535307079109,-0.351634296144066,-0.351733285209022,-0.351733285209022,-0.351733285209022,-0.351733285209022,-0.351733285209022,-0.351733285209022,-0.351733285209022,-0.351733285209022,-0.351733285209022,-0.351733285209022,-0.351733285209022,-0.351733285209022,-0.351733285209022,-0.351733285209022,-0.351733285209022,-0.351733285209022,-0.351733285209022,-0.351733285209022,-0.351733285209022,-0.351733285209022,-0.351733285209022,11.606448539863,8.72036647549482,6.27199607474349,4.22990540965855,2.56266255228959,1.23883557468618,0.226992548897895,-0.504298453025692,-0.986469359034997,-1.25095209708045,-1.32917859511246,-1.25258078108149,-1.05259058293792,-0.760639928632191,-0.408160746114737,-0.0265849633359689,0.35265549175368,0.698128691203788,0.978402707063939,1.16204561138371,1.16204561138371,1.16204561138371,1.16204561138371,1.16204561138371,1.16204561138371,1.16204561138371,1.16204561138371,1.16204561138371,1.16204561138371,1.16204561138371,1.16204561138371,1.16204561138371,1.16204561138371,1.16204561138371,1.16204561138371,1.16204561138371,1.16204561138371,1.16204561138371,1.16204561138371,1.16204561138371,3.40743618247534,2.85685020902855,2.30626423558175,1.75567826213495,1.20509228868816,0.654506315241367,0.121640524580116,-0.31616413663466,-0.622517987773962,-0.82580411811036,-0.95613841356448,-1.01053584797413,-0.979626648920993,-0.86951793117985,-0.681565652049651,-0.395970983019138,0.00528396688466692,0.510499015789268,1.08302812825043,1.68436534246798,1.68436534246798,1.68436534246798,1.68436534246798,1.68436534246798,1.68436534246798,1.68436534246798,1.68436534246798,1.68436534246798,1.68436534246798,1.68436534246798,1.68436534246798,1.68436534246798,1.68436534246798,1.68436534246798,1.68436534246798,1.68436534246798,1.68436534246798,1.68436534246798,1.68436534246798,1.68436534246798,1,1,1,1,1,1,1,1,1,1,1,1,1,1,1,1,1,1,1,1,1,1,1,1,1,1,1,1,1,1,1,1,1,1,1,1,1,1,1,1
0.716142036065058,1.47700018027137,0.321443280336363,3.01984355748866,0.57889223005201,0.407726747826597,-1.27085853063858,2.16125742975765,0.310729632306371,-1.04031473128535,2.8202443640766,-1.32799174057712,2.27739893512263,0.972158502323877,2.10481227148902,0.200516841027898,-0.209261404678095,-2.40736559362437,-0.578571890874144,0.429475141861232,-1.46476635427394,-0.734002754641084,0.212309916728257,-2.60622055199138,0.259006936355032,3.25882619495164,1.42199555753207,2.07783232134862,1.94866970802134,0.667230901493118,0.196944598136218,-0.0745516264653379,-1.31895293891251,1.6694642228975,-3.02251333140141,-2.03781203882924,-1.06251965289485,-0.820204603339254,-0.390977526397007,1.13490947183852,0.85344940890359,0.912987110048534,0.97252481119348,1.03206251233842,1.09160021348337,1.15113791462831,1.21067561577326,1.2702133169182,1.32975101806315,1.38928871920809,1.44882642035304,1.50836412149798,1.56790182264293,1.62743952378787,1.68697722493282,1.74651492607776,1.80605262722271,1.86559032836765,1.9251280295126,1.98466573065754,1.98466573065754,1.98466573065754,1.98466573065754,1.98466573065754,1.98466573065754,1.98466573065754,1.98466573065754,1.98466573065754,1.98466573065754,1.98466573065754,1.98466573065754,1.98466573065754,1.98466573065754,1.98466573065754,1.98466573065754,1.98466573065754,1.98466573065754,1.98466573065754,1.98466573065754,1.98466573065754,11.5395017302987,8.22560031873931,5.61143221654142,3.62603032468733,2.19842754415935,1.25765677593976,0.732750921010828,0.552742880354858,0.646665554954135,0.943551845790944,1.37243465384757,1.8623468801063,2.34232142554941,2.7413911911592,2.98858907791795,3.01294798680797,2.7435008188115,2.10928047491086,1.03931985608833,-0.537348136673799,-0.537348136673799,-0.537348136673799,-0.537348136673799,-0.537348136673799,-0.537348136673799,-0.537348136673799,-0.537348136673799,-0.537348136673799,-0.537348136673799,-0.537348136673799,-0.537348136673799,-0.537348136673799,-0.537348136673799,-0.537348136673799,-0.537348136673799,-0.537348136673799,-0.537348136673799,-0.537348136673799,-0.537348136673799,-0.537348136673799,0.0875940292265556,0.235939936983228,0.38428584473991,0.532631752496589,0.680977660253267,0.829323568009948,0.970284102022323,1.07846740730312,1.17486756268433,1.31474424733561,1.51860345529833,1.75230667057591,1.96440769407995,2.10931464261434,2.14848657781828,2.07668388543154,1.94635990905426,1.82772404744565,1.74655357471689,1.6856280016215,1.6856280016215,1.6856280016215,1.6856280016215,1.6856280016215,1.6856280016215,1.6856280016215,1.6856280016215,1.6856280016215,1.6856280016215,1.6856280016215,1.6856280016215,1.6856280016215,1.6856280016215,1.6856280016215,1.6856280016215,1.6856280016215,1.6856280016215,1.6856280016215,1.6856280016215,1.6856280016215,1,1,1,1,1,1,1,1,1,1,1,1,1,0,0,0,1,1,1,1,1,1,1,1,1,1,1,1,1,1,1,1,1,1,1,1,1,1,1,1
-1.24158034000985,0.0742513119491091,-1.3847058509183,1.56146300225069,0.890194216049803,4.03710222615136,-0.185293698241563,-1.95869656285045,-0.856045758345756,-0.677584195657813,-1.92779845543305,1.27659568984029,0.749087600144644,-1.92310944687827,1.20917189938594,1.77164499034711,0.684574111757543,0.387607634848546,0.134975668214681,-2.5265810153154,-0.531582145290677,-1.64299140487345,-1.90987633456973,-1.22689441480451,0.733455815168616,0.941527874432133,-1.75409273637113,0.264159066793921,-0.469108823152339,-0.704896179471875,0.992477080118325,1.61547353281295,-1.66282192974417,-0.14567261026864,-1.13321634486673,-3.46253334621623,0.913539264192153,1.17852428425988,-0.403859823751457,0.475648165155613,-1.80863961254425,-1.70764808360042,-1.60665655465659,-1.50566502571276,-1.40467349676894,-1.30368196782511,-1.20269043888128,-1.10169890993745,-1.00070738099363,-0.899715852049797,-0.79872432310597,-0.697732794162143,-0.596741265218315,-0.495749736274487,-0.394758207330659,-0.293766678386829,-0.192775149443005,-0.0917836204991751,0.00920790844465458,0.110199437388481,0.110199437388481,0.110199437388481,0.110199437388481,0.110199437388481,0.110199437388481,0.110199437388481,0.110199437388481,0.110199437388481,0.110199437388481,0.110199437388481,0.110199437388481,0.110199437388481,0.110199437388481,0.110199437388481,0.110199437388481,0.110199437388481,0.110199437388481,0.110199437388481,0.110199437388481,0.110199437388481,-6.13427882235709,-4.64401625418085,-3.45989677927637,-2.54787022847523,-1.87388643260903,-1.4038952225094,-1.10384642900791,-0.939689882936175,-0.877375415125798,-0.882852856408379,-0.922072037615523,-0.96098278957883,-0.965534943129891,-0.90167832910033,-0.735362778321738,-0.43253812162571,0.0408458101561404,0.718839186192236,1.63549217565094,2.82485494770066,2.82485494770066,2.82485494770066,2.82485494770066,2.82485494770066,2.82485494770066,2.82485494770066,2.82485494770066,2.82485494770066,2.82485494770066,2.82485494770066,2.82485494770066,2.82485494770066,2.82485494770066,2.82485494770066,2.82485494770066,2.82485494770066,2.82485494770066,2.82485494770066,2.82485494770066,2.82485494770066,1.74288534493774,1.33480063126103,0.926715917584323,0.518631203907623,0.110546490230921,-0.297538223445788,-0.687890335465754,-0.989639287450375,-1.19383136828454,-1.33461435440045,-1.41779203434078,-1.43211255595397,-1.36174787620427,-1.16556876955177,-0.807599485249225,-0.306433062317348,0.286805891239784,0.932551589286318,1.60325736316829,2.27944881555001,2.27944881555001,2.27944881555001,2.27944881555001,2.27944881555001,2.27944881555001,2.27944881555001,2.27944881555001,2.27944881555001,2.27944881555001,2.27944881555001,2.27944881555001,2.27944881555001,2.27944881555001,2.27944881555001,2.27944881555001,2.27944881555001,2.27944881555001,2.27944881555001,2.27944881555001,2.27944881555001,1,1,1,1,1,1,1,1,1,1,1,1,1,1,1,1,1,1,1,1,1,1,1,1,1,1,1,1,1,1,1,1,1,1,1,1,1,1,1,1
-2.02281739698603,0.759952862570992,0.554004769642633,-0.683286069597031,-0.604305537405003,-1.44016037159914,0.423136497284712,-0.512853999171012,-0.363565341904593,1.74526334126686,-0.555693506924744,0.999932589067662,-1.01278139043984,-3.05111406238658,-0.778644772519549,-0.342459699359535,1.24835810252816,-1.05481036127853,-1.98539052021781,-1.04811782693323,0.762377725030317,-1.80166455758582,0.0228245406780729,-1.11179012209586,-2.43928964899631,-0.186659797518352,0.773680975307119,-1.01619439798347,1.92879436367448,-0.368609328370557,-0.65690929530437,-0.127230703007156,0.116027386518097,-1.97522642047985,0.129649189067539,1.40458906245989,1.3032760199146,0.607184380938801,-1.75927841150599,-0.270397507700089,1.6323641582526,1.42976694991073,1.22716974156887,1.02457253322701,0.821975324885141,0.619378116543277,0.416780908201414,0.21418369985955,0.0115864915176864,-0.191010716824177,-0.393607925166043,-0.596205133507906,-0.79880234184977,-1.00139955019163,-1.2039967585335,-1.40659396687536,-1.60919117521722,-1.81178838355909,-2.01438559190095,-2.21698280024282,-2.21698280024282,-2.21698280024282,-2.21698280024282,-2.21698280024282,-2.21698280024282,-2.21698280024282,-2.21698280024282,-2.21698280024282,-2.21698280024282,-2.21698280024282,-2.21698280024282,-2.21698280024282,-2.21698280024282,-2.21698280024282,-2.21698280024282,-2.21698280024282,-2.21698280024282,-2.21698280024282,-2.21698280024282,-2.21698280024282,-3.5877201719885,-2.79405086014888,-2.09711556787962,-1.49509303728151,-0.986162010455311,-0.568501229501827,-0.240289436521815,0.000294626383928076,0.155072217114631,0.225864593569504,0.214493013647788,0.122778735248675,-0.0474569837285852,-0.294392885384797,-0.616207711820703,-1.01108020513714,-1.47718910743485,-2.01271316081458,-2.61583110737721,-3.28472168922344,-3.28472168922344,-3.28472168922344,-3.28472168922344,-3.28472168922344,-3.28472168922344,-3.28472168922344,-3.28472168922344,-3.28472168922344,-3.28472168922344,-3.28472168922344,-3.28472168922344,-3.28472168922344,-3.28472168922344,-3.28472168922344,-3.28472168922344,-3.28472168922344,-3.28472168922344,-3.28472168922344,-3.28472168922344,-3.28472168922344,0.776276139276308,0.62515169194354,0.474027244610767,0.322902797277993,0.171778349945223,0.0206539026124481,-0.117046919090214,-0.17946447297612,-0.128043280532358,-0.00194360333875565,0.111342947813156,0.149077138380971,0.095193230863531,-0.0603534516988873,-0.348940337480773,-0.805448117187048,-1.43740205687766,-2.20835565380598,-3.05147608400573,-3.91259546419654,-3.91259546419654,-3.91259546419654,-3.91259546419654,-3.91259546419654,-3.91259546419654,-3.91259546419654,-3.91259546419654,-3.91259546419654,-3.91259546419654,-3.91259546419654,-3.91259546419654,-3.91259546419654,-3.91259546419654,-3.91259546419654,-3.91259546419654,-3.91259546419654,-3.91259546419654,-3.91259546419654,-3.91259546419654,-3.91259546419654,1,1,1,1,1,1,1,1,1,1,1,1,1,1,1,1,1,1,1,1,1,1,1,1,1,1,1,1,1,1,1,1,1,1,1,1,1,1,1,1
0.954767308782152,0.865718602151938,-1.41836269431818,-0.00162182911681352,2.72316581877139,1.82721634147502,-0.430862545803074,2.04569024496531,-1.39415831577318,-1.77327459122213,1.0332218072005,-0.290920521340164,0.00336846683827119,2.8577237842656,0.723146339882986,-0.89538457099575,-3.41553783346285,-0.872327029774171,2.69244637700101,1.01667809921597,-1.09809843630476,-1.34118981089606,1.35063814592305,-1.59397541625721,1.63080910022017,0.869720286268274,-0.126926971768478,-1.25992634508622,-2.46756338165819,0.288627498083367,-0.143984184132258,-2.49833540574704,0.801114080291585,-0.14596346210452,2.6779287167181,1.84965613308126,-0.243273704701878,-1.48052122078313,-0.881069260068269,0.0381552919602903,2.95428279081348,2.63532528278323,2.31636777475297,1.99741026672272,1.67845275869246,1.3594952506622,1.04053774263195,0.721580234601692,0.402622726571439,0.0836652185411833,-0.235292289489074,-0.554249797519329,-0.873207305549585,-1.19216481357984,-1.5111223216101,-1.83007982964035,-2.14903733767061,-2.46799484570086,-2.78695235373112,-3.10590986176137,-3.10590986176137,-3.10590986176137,-3.10590986176137,-3.10590986176137,-3.10590986176137,-3.10590986176137,-3.10590986176137,-3.10590986176137,-3.10590986176137,-3.10590986176137,-3.10590986176137,-3.10590986176137,-3.10590986176137,-3.10590986176137,-3.10590986176137,-3.10590986176137,-3.10590986176137,-3.10590986176137,-3.10590986176137,-3.10590986176137,-0.763192603137689,0.678150290296639,1.6512432643657,2.21175827926335,2.41536729518348,2.31774227231994,1.97455517086662,1.44147795101735,0.774182572966051,0.0283409969065485,-0.74037481696727,-1.47629290846154,-2.12374131738238,-2.62704808353596,-2.93054124672834,-2.97854884676572,-2.71539892345421,-2.08541951659993,-1.03293866600905,0.497715588512325,0.497715588512325,0.497715588512325,0.497715588512325,0.497715588512325,0.497715588512325,0.497715588512325,0.497715588512325,0.497715588512325,0.497715588512325,0.497715588512325,0.497715588512325,0.497715588512325,0.497715588512325,0.497715588512325,0.497715588512325,0.497715588512325,0.497715588512325,0.497715588512325,0.497715588512325,0.497715588512325,11.3301095139966,9.76609414537677,8.20207877675695,6.63806340813716,5.07404803951736,3.51003267089755,1.97884923006056,0.63512714748471,-0.381312623043378,-0.9900161644461,-1.19930390317013,-1.18002508269397,-1.20343790367602,-1.44804530048048,-1.89672538364943,-2.36972072068093,-2.60705121563334,-2.4091969520032,-1.78139409715956,-0.917292857216069,-0.917292857216069,-0.917292857216069,-0.917292857216069,-0.917292857216069,-0.917292857216069,-0.917292857216069,-0.917292857216069,-0.917292857216069,-0.917292857216069,-0.917292857216069,-0.917292857216069,-0.917292857216069,-0.917292857216069,-0.917292857216069,-0.917292857216069,-0.917292857216069,-0.917292857216069,-0.917292857216069,-0.917292857216069,-0.917292857216069,1,1,1,1,1,1,1,1,1,1,1,1,1,1,1,1,0,1,1,1,1,1,1,1,1,1,1,1,1,1,1,1,1,1,1,1,1,1,1,1
1.23558379979222,0.666217299684722,-0.158085233035103,1.94690214722858,-0.771226392108328,1.75033049313184,-2.55978933171836,0.924964691725881,0.73043974219101,1.68103744981616,1.07998088852516,0.628608560208745,-0.324284310927466,0.979443555784936,-0.528012534542398,1.46562091413587,-2.38394199206451,-2.37651509996696,-0.132582803984006,1.51678712608901,1.16608746328946,-0.0831758339146678,1.79522765917516,-0.0239533946749244,-0.61885888889044,-1.19128068561703,-0.712127924413991,0.172664844900922,4.93453243285284,0.254153915618456,-1.65014727534233,-0.421398270824637,0.0827543312177959,0.176097515906383,0.149895975887764,-0.745164851122627,0.331100287189489,2.30020730530938,-0.00819413685035286,2.12949849397232,4.14665222232467,3.90299451480731,3.65933680728995,3.41567909977259,3.17202139225523,2.92836368473787,2.68470597722051,2.44104826970315,2.19739056218579,1.95373285466843,1.71007514715107,1.46641743963371,1.22275973211635,0.979102024598989,0.73544431708163,0.49178660956427,0.24812890204691,0.00447119452954858,-0.239186512987811,-0.48284422050517,-0.48284422050517,-0.48284422050517,-0.48284422050517,-0.48284422050517,-0.48284422050517,-0.48284422050517,-0.48284422050517,-0.48284422050517,-0.48284422050517,-0.48284422050517,-0.48284422050517,-0.48284422050517,-0.48284422050517,-0.48284422050517,-0.48284422050517,-0.48284422050517,-0.48284422050517,-0.48284422050517,-0.48284422050517,-0.48284422050517,-4.89703253451164,-2.76027661523061,-1.03763793068275,0.307180633057203,1.31047618991449,2.00854585381436,2.43768673868208,2.6341959584429,2.63437062702205,2.47450785834482,2.19090476633642,1.81985846492215,1.39766606802723,0.960624689576916,0.545031443496466,0.187183443711117,-0.0766221958538313,-0.210088361273195,-0.176917938621687,0.0591861860259968,0.0591861860259968,0.0591861860259968,0.0591861860259968,0.0591861860259968,0.0591861860259968,0.0591861860259968,0.0591861860259968,0.0591861860259968,0.0591861860259968,0.0591861860259968,0.0591861860259968,0.0591861860259968,0.0591861860259968,0.0591861860259968,0.0591861860259968,0.0591861860259968,0.0591861860259968,0.0591861860259968,0.0591861860259968,0.0591861860259968,8.06319421351427,7.23342958962146,6.40366496572865,5.57390034183585,4.74413571794304,3.91437109405023,3.10263673959745,2.37468198241913,1.72679612999514,1.20020079777726,0.937648680697819,0.966825539577677,1.10271331874896,1.15594008237058,1.08435936781316,0.912295367994028,0.646900946166786,0.295144448577549,-0.119648644923478,-0.566127531481049,-0.566127531481049,-0.566127531481049,-0.566127531481049,-0.566127531481049,-0.566127531481049,-0.566127531481049,-0.566127531481049,-0.566127531481049,-0.566127531481049,-0.566127531481049,-0.566127531481049,-0.566127531481049,-0.566127531481049,-0.566127531481049,-0.566127531481049,-0.566127531481049,-0.566127531481049,-0.566127531481049,-0.566127531481049,-0.566127531481049,1,1,1,1,1,1,1,1,0,1,1,1,1,1,1,1,1,1,1,1,1,1,1,1,1,1,1,1,1,1,1,1,1,1,1,1,1,1,1,1
0.636985554558863,1.96175364624484,0.79130040416215,1.50907779326293,0.155849294043197,-0.460790175583501,0.379400864510003,-0.711192773017359,0.111577964241647,-0.105434755662513,2.5739868419095,-2.77848224083636,-2.63495397620628,-2.5141083196156,-2.66733487467527,0.392855029434937,0.550216722850097,3.05026131202808,-0.665625962769102,0.513400188530893,-1.52650777622558,0.268312865704008,-1.27430352484724,-0.0726822450202569,-0.541253472401234,0.557858413142156,-1.05452619876785,-0.289808745691586,0.302003224915861,-1.0873566442208,-0.496875522611399,-0.642809196826349,-1.43709551239458,-0.43357926459643,-0.198456511913809,1.32234925808713,-1.02819559035543,-0.46954562902545,-0.370471811170738,2.44594389102505,-1.38941983249412,-1.33268809664497,-1.27595636079583,-1.21922462494668,-1.16249288909754,-1.10576115324839,-1.04902941739925,-0.992297681550104,-0.935565945700956,-0.878834209851812,-0.822102474002667,-0.76537073815352,-0.708639002304375,-0.651907266455231,-0.595175530606086,-0.538443794756938,-0.481712058907796,-0.424980323058648,-0.368248587209504,-0.311516851360359,-0.311516851360359,-0.311516851360359,-0.311516851360359,-0.311516851360359,-0.311516851360359,-0.311516851360359,-0.311516851360359,-0.311516851360359,-0.311516851360359,-0.311516851360359,-0.311516851360359,-0.311516851360359,-0.311516851360359,-0.311516851360359,-0.311516851360359,-0.311516851360359,-0.311516851360359,-0.311516851360359,-0.311516851360359,-0.311516851360359,-8.06987993699486,-5.53578188255459,-3.58994623006747,-2.16585608464536,-1.19699455140015,-0.616844735443724,-0.358889741887964,-0.356612675844751,-0.543496642425964,-0.85302474674349,-1.21868009390919,-1.57394578903497,-1.85230493723271,-1.98724064361428,-1.91223601329156,-1.56077415137644,-0.86633816298079,0.237588846783487,1.81752377280454,3.93998350997046,3.93998350997046,3.93998350997046,3.93998350997046,3.93998350997046,3.93998350997046,3.93998350997046,3.93998350997046,3.93998350997046,3.93998350997046,3.93998350997046,3.93998350997046,3.93998350997046,3.93998350997046,3.93998350997046,3.93998350997046,3.93998350997046,3.93998350997046,3.93998350997046,3.93998350997046,3.93998350997046,-0.807238082696245,-0.824592063926413,-0.841946045156585,-0.859300026386756,-0.876654007616925,-0.894007988847096,-0.912984920230542,-0.939181506917979,-0.968471542539405,-0.989692496903317,-0.9925178024577,-0.966688634117403,-0.904893221967965,-0.809068478971064,-0.684995292839648,-0.533052260882801,-0.351833746547749,-0.145899051910494,0.0756527540268443,0.304034155550305,0.304034155550305,0.304034155550305,0.304034155550305,0.304034155550305,0.304034155550305,0.304034155550305,0.304034155550305,0.304034155550305,0.304034155550305,0.304034155550305,0.304034155550305,0.304034155550305,0.304034155550305,0.304034155550305,0.304034155550305,0.304034155550305,0.304034155550305,0.304034155550305,0.304034155550305,0.304034155550305,1,1,1,1,1,1,1,1,1,1,1,1,1,1,1,1,1,1,1,1,1,1,1,1,1,1,1,1,1,1,1,1,1,1,1,1,1,1,1,1
-0.568045736254144,-0.53614282035023,-1.00968539274489,-0.536228963377815,1.45003874128493,-1.52285465158734,-1.89442687144118,-0.710765372316139,0.710490183951952,1.30769679266843,-0.631010216608734,2.192895314925,-0.692680399014163,-0.0347502054285336,0.692326220492625,1.51332132974297,-0.113464406484821,0.371849825667629,-0.585591443415504,1.2706573613718,0.72631827480596,-0.289554525695397,0.489462082858346,0.433068999792869,-0.26156547933679,0.780370901025611,0.0337124063098919,-1.16427873182833,3.48203488305526,-1.08323070948958,-0.99401409043997,-0.740387171073396,-0.356010801668276,-1.54411966236149,0.172628452334601,-2.05829576287483,-1.89023369518011,-0.546284786742451,2.42983891014158,-2.36862235413015,-3.16410304429936,-2.93666596109035,-2.70922887788135,-2.48179179467234,-2.25435471146333,-2.02691762825433,-1.79948054504532,-1.57204346183631,-1.34460637862731,-1.1171692954183,-0.889732212209292,-0.662295129000288,-0.43485804579128,-0.207420962582274,0.0200161206267317,0.247453203835738,0.474890287044746,0.70232737025375,0.929764453462758,1.15720153667176,1.15720153667176,1.15720153667176,1.15720153667176,1.15720153667176,1.15720153667176,1.15720153667176,1.15720153667176,1.15720153667176,1.15720153667176,1.15720153667176,1.15720153667176,1.15720153667176,1.15720153667176,1.15720153667176,1.15720153667176,1.15720153667176,1.15720153667176,1.15720153667176,1.15720153667176,1.15720153667176,-14.3165146342071,-11.8820270889499,-9.68693625814226,-7.72286492059417,-5.98143585511572,-4.45427184051698,-3.13299565560801,-2.00923007919886,-1.07459789009962,-0.320721867120344,0.260775210928912,0.678270565238073,0.940141416997081,1.05476498739587,1.03051849762438,0.875779168872535,0.598924222330279,0.208330879187553,-0.287623639365725,-0.880562112139604,-0.880562112139604,-0.880562112139604,-0.880562112139604,-0.880562112139604,-0.880562112139604,-0.880562112139604,-0.880562112139604,-0.880562112139604,-0.880562112139604,-0.880562112139604,-0.880562112139604,-0.880562112139604,-0.880562112139604,-0.880562112139604,-0.880562112139604,-0.880562112139604,-0.880562112139604,-0.880562112139604,-0.880562112139604,-0.880562112139604,-7.80899682985944,-6.97440473842764,-6.13981264699585,-5.30522055556405,-4.47062846413225,-3.63603637270045,-2.80711752054544,-2.01185580749037,-1.28045081759124,-0.633878470773798,-0.0856436785419774,0.356408933822685,0.685945581850719,0.890951334796535,0.952683606885049,0.856218475509314,0.609722551904012,0.257264953644516,-0.138748972302482,-0.538476927509617,-0.538476927509617,-0.538476927509617,-0.538476927509617,-0.538476927509617,-0.538476927509617,-0.538476927509617,-0.538476927509617,-0.538476927509617,-0.538476927509617,-0.538476927509617,-0.538476927509617,-0.538476927509617,-0.538476927509617,-0.538476927509617,-0.538476927509617,-0.538476927509617,-0.538476927509617,-0.538476927509617,-0.538476927509617,-0.538476927509617,1,1,1,1,1,1,1,1,1,1,1,1,1,1,1,1,1,1,1,1,1,1,1,1,1,1,1,1,1,1,1,1,1,1,1,1,1,1,1,1
-2.41252859219485,-0.339897958434063,1.92107178593725,-0.147426048825687,-0.0607603598983824,-0.541681603619134,1.44931309805759,-0.65687771839305,-1.40628660320265,0.969358426862966,0.694465034165814,0.0682380236302702,1.98463505755748,-2.29528718223076,-1.9937861449128,0.0236767084711076,0.875350335369504,1.82073990095119,1.074957846281,-1.4947866187261,-1.1232367028788,-0.639475577903763,0.158526684170779,1.61257812909803,3.00806044829788,-1.00485831207821,-1.20326326448989,-0.393220745429515,1.00258159589672,2.23097534804474,-0.454711592867543,0.617960875272502,0.342049150214551,1.21388239704024,-1.12071397387632,1.1797972750853,0.660442482886582,-1.3131363386388,1.02739967159422,-3.75836163591397,2.89862707119238,2.56213543577561,2.22564380035883,1.88915216494206,1.55266052952529,1.21616889410852,0.879677258691746,0.543185623274974,0.206693987858202,-0.12979764755857,-0.466289282975341,-0.802780918392115,-1.13927255380888,-1.47576418922566,-1.81225582464243,-2.1487474600592,-2.48523909547598,-2.82173073089275,-3.15822236630952,-3.49471400172629,-3.49471400172629,-3.49471400172629,-3.49471400172629,-3.49471400172629,-3.49471400172629,-3.49471400172629,-3.49471400172629,-3.49471400172629,-3.49471400172629,-3.49471400172629,-3.49471400172629,-3.49471400172629,-3.49471400172629,-3.49471400172629,-3.49471400172629,-3.49471400172629,-3.49471400172629,-3.49471400172629,-3.49471400172629,-3.49471400172629,16.4623391173737,12.1090827729208,8.54478785383948,5.69263062211972,3.47578733975153,1.8174342687249,0.640747671029846,-0.131096191343635,-0.574921056405545,-0.767550662165876,-0.785808746634624,-0.706519047821786,-0.606505303737356,-0.562591252391334,-0.651600631793702,-0.950357179954487,-1.53568463488366,-2.48440673459123,-3.87334721708718,-5.77932982038152,-5.77932982038152,-5.77932982038152,-5.77932982038152,-5.77932982038152,-5.77932982038152,-5.77932982038152,-5.77932982038152,-5.77932982038152,-5.77932982038152,-5.77932982038152,-5.77932982038152,-5.77932982038152,-5.77932982038152,-5.77932982038152,-5.77932982038152,-5.77932982038152,-5.77932982038152,-5.77932982038152,-5.77932982038152,-5.77932982038152,9.96274491075645,8.32604663863867,6.68934836652106,5.05265009440336,3.41595182228575,1.77925355016807,0.27998358983181,-0.505071935036293,-0.428264563536683,0.0655593931322933,0.534516871045456,0.727021347944564,0.259694338109352,-1.13355617553628,-2.88228274772505,-3.89085869689917,-3.80950926767584,-3.34783065619874,-3.23841757204156,-3.51241590113213,-3.51241590113213,-3.51241590113213,-3.51241590113213,-3.51241590113213,-3.51241590113213,-3.51241590113213,-3.51241590113213,-3.51241590113213,-3.51241590113213,-3.51241590113213,-3.51241590113213,-3.51241590113213,-3.51241590113213,-3.51241590113213,-3.51241590113213,-3.51241590113213,-3.51241590113213,-3.51241590113213,-3.51241590113213,-3.51241590113213,1,1,1,1,1,1,1,1,1,1,1,1,1,1,1,1,1,1,1,1,1,1,1,1,1,1,1,1,1,1,1,1,1,1,1,1,1,1,1,1
-0.550186416957385,-2.28498376625905,1.29085517680905,-3.42920544167518,0.911745088350274,3.71527547574246,1.6929734518023,0.165332185238579,-0.384844273103921,-0.0927393753836334,2.95852056618949,-0.42948149438643,-1.49910546164572,-1.01611050227357,-1.74287028416669,-1.49304428556027,-1.95570676743064,-3.08498126822101,-0.424355515228143,2.76123349721287,2.33720679712175,-0.391080988211872,2.88613755224481,4.47805598976405,-0.755488664250203,0.0856100386567675,-0.35942558790334,-2.74503667779628,-1.91876732117984,-0.382907552920557,1.38084342688223,-1.53496293066508,-1.21947078982556,1.95363598039134,-1.50272447960301,-0.596641850456191,-1.47376230489625,0.72492829482001,-0.180477165237809,-0.65604424429357,3.26879940745168,2.98558194029514,2.7023644731386,2.41914700598205,2.13592953882551,1.85271207166897,1.56949460451243,1.28627713735589,1.00305967019934,0.719842203042802,0.436624735886259,0.153407268729717,-0.129810198426824,-0.413027665583366,-0.696245132739911,-0.979462599896451,-1.26268006705299,-1.54589753420954,-1.82911500136608,-2.11233246852262,-2.11233246852262,-2.11233246852262,-2.11233246852262,-2.11233246852262,-2.11233246852262,-2.11233246852262,-2.11233246852262,-2.11233246852262,-2.11233246852262,-2.11233246852262,-2.11233246852262,-2.11233246852262,-2.11233246852262,-2.11233246852262,-2.11233246852262,-2.11233246852262,-2.11233246852262,-2.11233246852262,-2.11233246852262,-2.11233246852262,-3.57068785071485,-1.84762148675692,-0.520905517664332,0.44873232204303,1.1005642978453,1.47386267522258,1.607899719655,1.54194769662269,1.31527887160577,0.967165510084357,0.536879877538569,0.0636942394485391,-0.413119138705623,-0.854287991443776,-1.22054005328581,-1.47260305875162,-1.57120474236105,-1.47707283863402,-1.15093508209036,-0.553519207249968,-0.553519207249968,-0.553519207249968,-0.553519207249968,-0.553519207249968,-0.553519207249968,-0.553519207249968,-0.553519207249968,-0.553519207249968,-0.553519207249968,-0.553519207249968,-0.553519207249968,-0.553519207249968,-0.553519207249968,-0.553519207249968,-0.553519207249968,-0.553519207249968,-0.553519207249968,-0.553519207249968,-0.553519207249968,-0.553519207249968,2.3098272793984,2.14501562203009,1.98020396466178,1.81539230729348,1.65058064992517,1.48576899255686,1.3230102999809,1.1678600908676,1.00761174994198,0.821692079872431,0.600436508914481,0.343299636535139,0.056350139323218,-0.247743512579687,-0.560997730205163,-0.883142072371834,-1.20812299914579,-1.52605773300231,-1.83872587703011,-2.15315432639816,-2.15315432639816,-2.15315432639816,-2.15315432639816,-2.15315432639816,-2.15315432639816,-2.15315432639816,-2.15315432639816,-2.15315432639816,-2.15315432639816,-2.15315432639816,-2.15315432639816,-2.15315432639816,-2.15315432639816,-2.15315432639816,-2.15315432639816,-2.15315432639816,-2.15315432639816,-2.15315432639816,-2.15315432639816,-2.15315432639816,1,1,1,1,1,1,1,1,1,1,1,1,1,1,1,1,1,1,1,1,1,1,1,1,1,1,1,1,1,1,1,1,1,1,1,1,1,1,1,1
1.23505003856606,-0.916622770352503,-0.191210400355748,-0.157852482623845,-0.600114603235572,-0.812352570835962,-1.09532622846593,-0.430201706616229,0.475677031176861,-0.815248159796267,1.62684845727552,-1.16135482405166,0.296150941012506,-0.765255238642654,0.90786327690965,-0.447607816210835,0.415858447993623,0.48685940320396,1.19999443843457,2.22998309957648,1.08814669517041,1.03833250344851,-0.208678432103751,-0.61094425518251,0.710776401915259,0.285105053934572,-1.47990861113759,-2.24265029164727,0.256721850708383,1.01817932142139,-0.0970669614320006,0.659864067951617,-1.45342460338678,-0.33237400362543,2.18572397646774,0.990883871293196,-2.72810034304813,0.996145777135181,0.437806675045708,-1.05989041307411,3.80201337759791,3.47105951587547,3.14010565415304,2.8091517924306,2.47819793070816,2.14724406898572,1.81629020726328,1.48533634554085,1.15438248381841,0.823428622095969,0.492474760373531,0.161520898651093,-0.169432963071346,-0.500386824793782,-0.831340686516221,-1.16229454823866,-1.4932484099611,-1.82420227168354,-2.15515613340597,-2.48610999512841,-2.48610999512841,-2.48610999512841,-2.48610999512841,-2.48610999512841,-2.48610999512841,-2.48610999512841,-2.48610999512841,-2.48610999512841,-2.48610999512841,-2.48610999512841,-2.48610999512841,-2.48610999512841,-2.48610999512841,-2.48610999512841,-2.48610999512841,-2.48610999512841,-2.48610999512841,-2.48610999512841,-2.48610999512841,-2.48610999512841,5.0499226442268,3.63806502564468,2.56794413818608,1.79611477349315,1.27913172320805,0.973549778972922,0.835923732429913,0.822808375221181,0.890758498988875,0.996328895375136,1.09607435602211,1.14654967257197,1.10430963666685,0.925909039948891,0.567902674060266,-0.0131546693568954,-0.860708198660436,-2.01820312220821,-3.52908464835807,-5.43679798546784,-5.43679798546784,-5.43679798546784,-5.43679798546784,-5.43679798546784,-5.43679798546784,-5.43679798546784,-5.43679798546784,-5.43679798546784,-5.43679798546784,-5.43679798546784,-5.43679798546784,-5.43679798546784,-5.43679798546784,-5.43679798546784,-5.43679798546784,-5.43679798546784,-5.43679798546784,-5.43679798546784,-5.43679798546784,-5.43679798546784,6.54422997195796,5.72150200280095,4.89877403364397,4.07604606448698,3.25331809532999,2.43059012617301,1.64642405958199,1.05490884215557,0.675336563115671,0.435019404382565,0.326412173445721,0.34259706438815,0.371600698134321,0.251114511365161,-0.120354160702339,-0.714982499428743,-1.38536314156146,-1.99925410490737,-2.55704495570148,-3.11380822731172,-3.11380822731172,-3.11380822731172,-3.11380822731172,-3.11380822731172,-3.11380822731172,-3.11380822731172,-3.11380822731172,-3.11380822731172,-3.11380822731172,-3.11380822731172,-3.11380822731172,-3.11380822731172,-3.11380822731172,-3.11380822731172,-3.11380822731172,-3.11380822731172,-3.11380822731172,-3.11380822731172,-3.11380822731172,-3.11380822731172,1,1,1,1,1,1,1,1,1,1,1,1,1,1,1,1,1,1,1,1,1,1,1,1,1,1,1,1,1,1,1,1,1,1,1,1,1,1,1,1
-0.813195572302376,2.196629055569,0.112413625404303,1.52851230860854,0.0693155189579819,1.10775066940219,-1.40972113875009,-1.07826163455606,-0.258169990995851,-0.986518138444699,0.720205471935335,-0.952664457354127,1.26994015097014,0.0599358297857471,-0.56992169042981,0.862682075907149,-0.955102364236744,0.364049723915159,-1.32130621658975,0.362432640325387,-0.509631980407043,-0.214431804928791,-0.934936088820487,0.258926697059218,-0.103837366169351,1.2142011190855,0.0234223905709499,0.315909968431603,2.11245153404419,0.111966693801685,-1.60963402578585,0.692912284752277,-2.26240426591816,-3.24218605547286,1.5307516759244,-2.45058215832961,-0.40415406494367,-0.516659811939595,-0.499425580737087,0.111590768594493,5.47411158684171,5.00074569363099,4.52737980042026,4.05401390720953,3.58064801399881,3.10728212078808,2.63391622757735,2.16055033436662,1.6871844411559,1.21381854794517,0.740452654734439,0.267086761523714,-0.206279131687017,-0.679645024897738,-1.15301091810846,-1.6263768113192,-2.09974270452992,-2.57310859774065,-3.04647449095137,-3.5198403841621,-3.5198403841621,-3.5198403841621,-3.5198403841621,-3.5198403841621,-3.5198403841621,-3.5198403841621,-3.5198403841621,-3.5198403841621,-3.5198403841621,-3.5198403841621,-3.5198403841621,-3.5198403841621,-3.5198403841621,-3.5198403841621,-3.5198403841621,-3.5198403841621,-3.5198403841621,-3.5198403841621,-3.5198403841621,-3.5198403841621,-0.72507623011747,-0.137434023770016,0.376097310399823,0.812787618149849,1.16990674523786,1.44472453742168,1.6345108404591,1.73653550010792,1.74806836212599,1.66637927227108,1.48873807630103,1.2124146199736,0.834678749046626,0.352800309277939,-0.235950853574716,-0.934304893753438,-1.74499196550047,-2.67074222305806,-3.71428582066828,-4.87835291257341,-4.87835291257341,-4.87835291257341,-4.87835291257341,-4.87835291257341,-4.87835291257341,-4.87835291257341,-4.87835291257341,-4.87835291257341,-4.87835291257341,-4.87835291257341,-4.87835291257341,-4.87835291257341,-4.87835291257341,-4.87835291257341,-4.87835291257341,-4.87835291257341,-4.87835291257341,-4.87835291257341,-4.87835291257341,-4.87835291257341,4.26415864251151,3.93328984111908,3.60242103972665,3.27155223833422,2.94068343694179,2.60981463554936,2.27982064727315,1.95375531689219,1.62978121608765,1.30239184474633,0.961914565311064,0.589129611799667,0.161885766294606,-0.327685419986391,-0.869187681197744,-1.44594142057709,-2.0412326307279,-2.63544300240277,-3.21207406487995,-3.77174078329491,-3.77174078329491,-3.77174078329491,-3.77174078329491,-3.77174078329491,-3.77174078329491,-3.77174078329491,-3.77174078329491,-3.77174078329491,-3.77174078329491,-3.77174078329491,-3.77174078329491,-3.77174078329491,-3.77174078329491,-3.77174078329491,-3.77174078329491,-3.77174078329491,-3.77174078329491,-3.77174078329491,-3.77174078329491,-3.77174078329491,1,1,1,1,1,1,1,1,1,1,1,1,1,1,1,1,1,0,0,1,1,1,1,1,1,1,1,1,1,1,1,1,1,1,1,1,1,1,1,1
-0.712666346490844,-0.524533252591425,0.772773487332115,0.0543738525979531,1.19314456529172,-0.29913749634834,0.880379880065378,-0.522256990218818,0.736853463281109,0.283181420957105,1.30579475664007,0.991502336394316,-2.7476741807779,-0.0286300116406277,0.41308321399589,2.23833151745525,0.157691701480362,2.98649474557898,1.32995640052349,1.5976983183412,-0.747443222099728,-3.13875052756903,1.80181801311823,-0.357698845737785,-3.46078703726985,-1.9041552417171,1.24724784277798,1.09759757081412,-0.978295705784296,-0.160956261453304,1.01116895351585,0.241530629703195,0.065722838749867,-0.814020632153397,0.470340942507541,1.76313406776134,-0.532916409008958,2.99844537344824,0.00285029130068182,-3.07938442918034,-2.56079816894892,-2.27029613483927,-1.97979410072962,-1.68929206661997,-1.39879003251032,-1.10828799840067,-0.817785964291016,-0.527283930181364,-0.236781896071712,0.0537201380379386,0.344222172147589,0.634724206257241,0.925226240366891,1.21572827447654,1.50623030858619,1.79673234269584,2.0872343768055,2.37773641091515,2.66823844502479,2.95874047913445,2.95874047913445,2.95874047913445,2.95874047913445,2.95874047913445,2.95874047913445,2.95874047913445,2.95874047913445,2.95874047913445,2.95874047913445,2.95874047913445,2.95874047913445,2.95874047913445,2.95874047913445,2.95874047913445,2.95874047913445,2.95874047913445,2.95874047913445,2.95874047913445,2.95874047913445,2.95874047913445,-0.265552300287581,-0.370208164384188,-0.455636708778027,-0.518522594730595,-0.555550483503394,-0.563405036357917,-0.538770914555662,-0.478332779358135,-0.378775292026832,-0.236783113823247,-0.049040906008873,0.187766670154776,0.476954953406228,0.821839282483959,1.22573499612647,1.69195743307229,2.2238219320599,2.82464383182781,3.49773847111449,4.24642118865849,4.24642118865849,4.24642118865849,4.24642118865849,4.24642118865849,4.24642118865849,4.24642118865849,4.24642118865849,4.24642118865849,4.24642118865849,4.24642118865849,4.24642118865849,4.24642118865849,4.24642118865849,4.24642118865849,4.24642118865849,4.24642118865849,4.24642118865849,4.24642118865849,4.24642118865849,4.24642118865849,-1.20198345799549,-1.10184258322151,-1.00170170844753,-0.901560833673539,-0.801419958899559,-0.701279084125574,-0.599305286838385,-0.485386966776534,-0.344235972164972,-0.163155459479972,0.0617425980681396,0.327779348825711,0.63342327808801,0.978693285025964,1.35838595566129,1.76287294266173,2.18647720926796,2.62771934172851,3.0820646015814,3.54190707241989,3.54190707241989,3.54190707241989,3.54190707241989,3.54190707241989,3.54190707241989,3.54190707241989,3.54190707241989,3.54190707241989,3.54190707241989,3.54190707241989,3.54190707241989,3.54190707241989,3.54190707241989,3.54190707241989,3.54190707241989,3.54190707241989,3.54190707241989,3.54190707241989,3.54190707241989,3.54190707241989,1,1,1,1,1,1,1,1,1,1,1,1,1,1,1,1,1,0,0,1,1,1,1,1,1,1,1,1,1,1,1,1,1,1,1,1,1,1,1,1
2.04426507094375,2.06662347503265,1.46983652324836,-1.05393595167077,-1.62655785444331,2.224361592037,-1.69128571659076,-0.383700940710654,-0.0534176078316833,0.124024451588012,-0.498663043998798,-3.38176035657008,2.01261862652377,1.12145604094702,1.10706324031872,-1.66391827970009,0.262765428622922,-0.606584338076013,-1.68928153906532,-0.37601011235739,-1.42298698717272,-0.322566237962834,0.478146098671372,-1.24564025102613,-0.313665306418496,1.18644064519287,1.82822047227884,-2.6152306389137,-1.91559937738149,2.00057122471449,-1.0157677292706,-1.0310410425452,1.38709362464426,-0.785684605124068,0.83719744435219,-0.512701889007021,-0.580355949224531,0.829069343089216,-1.56203240065113,-1.59661686930027,3.46716098360304,3.19312238087658,2.91908377815012,2.64504517542366,2.3710065726972,2.09696796997074,1.82292936724427,1.54889076451781,1.27485216179135,1.00081355906489,0.726774956338431,0.452736353611972,0.178697750885512,-0.09534085184095,-0.36937945456741,-0.64341805729387,-0.91745666002033,-1.19149526274679,-1.46553386547325,-1.73957246819971,-1.73957246819971,-1.73957246819971,-1.73957246819971,-1.73957246819971,-1.73957246819971,-1.73957246819971,-1.73957246819971,-1.73957246819971,-1.73957246819971,-1.73957246819971,-1.73957246819971,-1.73957246819971,-1.73957246819971,-1.73957246819971,-1.73957246819971,-1.73957246819971,-1.73957246819971,-1.73957246819971,-1.73957246819971,-1.73957246819971,-10.431583572758,-6.94655595231472,-4.13841501728388,-1.94585704357593,-0.30757830710127,0.837724916229677,1.5513563505065,1.89461971981879,1.92881874825612,1.7152571599081,1.3152386788643,0.790067029214306,0.201045935047707,-0.390520879545893,-0.923329690476933,-1.33607677365579,-1.56745840499292,-1.55617086039873,-1.2409104157836,-0.560373347057972,-0.560373347057972,-0.560373347057972,-0.560373347057972,-0.560373347057972,-0.560373347057972,-0.560373347057972,-0.560373347057972,-0.560373347057972,-0.560373347057972,-0.560373347057972,-0.560373347057972,-0.560373347057972,-0.560373347057972,-0.560373347057972,-0.560373347057972,-0.560373347057972,-0.560373347057972,-0.560373347057972,-0.560373347057972,-0.560373347057972,3.45301417379771,3.18099276525412,2.90897135671054,2.63694994816695,2.36492853962336,2.09290713107977,1.82087321667238,1.54873992840078,1.27629869953233,1.0032962398886,0.729624428596283,0.455417172355681,0.180904890756278,-0.0937971488043683,-0.368704620560289,-0.643834844641011,-0.919159386468234,-1.19465484147924,-1.47030655606594,-1.74605713313979,-1.74605713313979,-1.74605713313979,-1.74605713313979,-1.74605713313979,-1.74605713313979,-1.74605713313979,-1.74605713313979,-1.74605713313979,-1.74605713313979,-1.74605713313979,-1.74605713313979,-1.74605713313979,-1.74605713313979,-1.74605713313979,-1.74605713313979,-1.74605713313979,-1.74605713313979,-1.74605713313979,-1.74605713313979,-1.74605713313979,1,1,1,1,1,1,1,1,1,1,1,1,1,1,1,1,1,1,1,1,1,1,1,1,1,1,1,1,1,1,1,1,1,1,1,1,1,1,1,1
0.380323006394288,2.61935792141901,-1.96083305251784,-1.07170383476383,0.272062457113612,-0.357486649787691,2.856776875016,-1.24907747815544,-0.96324731243369,0.867138397651321,-1.17003676927768,0.296582648995789,-0.0460340960168022,1.33133267895272,-0.140169379702796,1.02365581382311,-1.24773564454319,-1.3484701205924,0.504491463426197,0.713889529103399,2.01191893360508,0.667421407833046,-0.871504797515085,-0.885790007103237,0.00868831694653238,1.31303936951535,1.49654280595031,-1.31881374789937,0.827849606276251,-0.576639412357006,0.433014658523422,0.418198925742098,-0.237235622574113,-0.945812574418905,-1.94464338984459,-0.688036612554011,2.10308528221079,-1.04207831146144,0.983576594227406,-0.679006430071963,3.23290034689651,3.0566959112469,2.88049147559728,2.70428703994767,2.52808260429806,2.35187816864844,2.17567373299883,1.99946929734921,1.8232648616996,1.64706042604999,1.47085599040037,1.29465155475076,1.11844711910115,0.94224268345153,0.766038247801919,0.589833812152305,0.413629376502692,0.237424940853076,0.0612205052034636,-0.114983930446151,-0.114983930446151,-0.114983930446151,-0.114983930446151,-0.114983930446151,-0.114983930446151,-0.114983930446151,-0.114983930446151,-0.114983930446151,-0.114983930446151,-0.114983930446151,-0.114983930446151,-0.114983930446151,-0.114983930446151,-0.114983930446151,-0.114983930446151,-0.114983930446151,-0.114983930446151,-0.114983930446151,-0.114983930446151,-0.114983930446151,35.4757000553581,26.6035527527883,19.2833408176551,13.3764606429503,8.74430862166547,5.24828114679239,2.74977461132275,1.11018540824826,0.190909930560608,-0.146655428748502,-0.0411142766873542,0.368929779735735,0.944873133512443,1.54811217763453,2.04004330509366,2.2820629088815,2.13556738198985,1.46195311741033,0.122616508134678,-2.02104605284544,-2.02104605284544,-2.02104605284544,-2.02104605284544,-2.02104605284544,-2.02104605284544,-2.02104605284544,-2.02104605284544,-2.02104605284544,-2.02104605284544,-2.02104605284544,-2.02104605284544,-2.02104605284544,-2.02104605284544,-2.02104605284544,-2.02104605284544,-2.02104605284544,-2.02104605284544,-2.02104605284544,-2.02104605284544,-2.02104605284544,4.26905371470642,3.94452066738555,3.61998762006468,3.29545457274381,2.97092152542294,2.64638847810207,2.32235935931928,2.00438639147036,1.71073437114908,1.46012399477041,1.2581979293397,1.10083482759739,0.978948117585306,0.876715386241699,0.776030751368985,0.665554590875391,0.541817183189877,0.406015432141094,0.262942277600061,0.117745036727037,0.117745036727037,0.117745036727037,0.117745036727037,0.117745036727037,0.117745036727037,0.117745036727037,0.117745036727037,0.117745036727037,0.117745036727037,0.117745036727037,0.117745036727037,0.117745036727037,0.117745036727037,0.117745036727037,0.117745036727037,0.117745036727037,0.117745036727037,0.117745036727037,0.117745036727037,0.117745036727037,1,1,1,1,1,0,0,1,1,1,1,1,1,1,1,1,1,1,1,1,1,1,1,1,1,1,1,1,1,1,1,1,1,1,1,1,1,1,1,1
1.28392302165232,-1.09319024711083,1.95687807270515,1.48156339144079,-0.852982565697607,0.252326361383162,0.728001308199699,1.81609087817505,-0.014618325304772,2.11062447279475,-0.053552984361291,2.01480593593175,-0.39801425564513,1.68210298342953,-1.98866301262932,-3.00771694449765,0.139265182045072,-1.50938721980178,0.69422928548331,1.53383968937042,-0.333306813427869,1.05350254711117,-0.219874104123388,-0.395844251196044,1.09769753023634,-1.81839682447388,0.975347708421838,0.258703594546084,-0.259485899891615,-0.680546914140765,-0.802323605583833,0.0790511354456136,-0.792657323039334,-0.194035333495885,1.37505642413125,0.526870329000342,-1.49077653726665,-2.90785472985375,0.524272080634846,-0.77662708059675,2.5350624384667,2.38943021379335,2.24379798912,2.09816576444664,1.95253353977329,1.80690131509993,1.66126909042658,1.51563686575323,1.37000464107987,1.22437241640652,1.07874019173316,0.933107967059808,0.787475742386453,0.641843517713099,0.496211293039746,0.35057906836639,0.204946843693037,0.0593146190196823,-0.0863176056536705,-0.231949830327027,-0.231949830327027,-0.231949830327027,-0.231949830327027,-0.231949830327027,-0.231949830327027,-0.231949830327027,-0.231949830327027,-0.231949830327027,-0.231949830327027,-0.231949830327027,-0.231949830327027,-0.231949830327027,-0.231949830327027,-0.231949830327027,-0.231949830327027,-0.231949830327027,-0.231949830327027,-0.231949830327027,-0.231949830327027,-0.231949830327027,-18.5916939635254,-12.994535928593,-8.44480185333077,-4.84568255752468,-2.10036886096062,-0.112051583424483,1.21607845529785,1.98083043542046,2.27901353715746,2.20743694072296,1.86290982633104,1.34224137419582,0.742240764531394,0.159717177551872,-0.308520206528648,-0.565662207496041,-0.51489964513625,-0.0594233392351384,0.897575890421363,2.45290722404742,2.45290722404742,2.45290722404742,2.45290722404742,2.45290722404742,2.45290722404742,2.45290722404742,2.45290722404742,2.45290722404742,2.45290722404742,2.45290722404742,2.45290722404742,2.45290722404742,2.45290722404742,2.45290722404742,2.45290722404742,2.45290722404742,2.45290722404742,2.45290722404742,2.45290722404742,2.45290722404742,2.21142045597147,2.09895662964071,1.98649280330992,1.87402897697914,1.76156515064837,1.64910132431759,1.5438991615886,1.46854122972729,1.39570560333747,1.2859120991978,1.14048865576261,0.967029464440294,0.751590959591484,0.503096591918784,0.27836731846747,0.142553693167152,0.140220635516657,0.301234322801415,0.625527616208322,1.05265548782685,1.05265548782685,1.05265548782685,1.05265548782685,1.05265548782685,1.05265548782685,1.05265548782685,1.05265548782685,1.05265548782685,1.05265548782685,1.05265548782685,1.05265548782685,1.05265548782685,1.05265548782685,1.05265548782685,1.05265548782685,1.05265548782685,1.05265548782685,1.05265548782685,1.05265548782685,1.05265548782685,1,1,1,1,1,1,1,1,1,1,1,1,1,1,1,1,1,1,1,1,1,1,1,1,1,1,1,1,1,1,1,1,1,1,1,1,1,1,1,1
0.799388540744023,-0.834176692908371,-2.39331871304244,-1.60180883649946,-1.22357632525096,-0.886705352695248,-0.304688535694191,-0.0145023755670337,0.104261612062437,-0.873658490321828,-1.60187375352951,1.12904056876915,-0.975774084664156,-0.227437107985203,0.887450259536296,0.914926405734388,-0.639998801109504,-2.9668406935512,-0.3623783361205,-0.316241972763507,1.75764044674434,-2.58019709590595,0.0459781275940259,0.324523172206773,0.0363121704947886,-0.112906340994853,1.13517007887724,0.218283292352536,-0.73151466463284,0.315994969016845,-0.465277376024464,-1.78471607890011,-0.06562746950239,0.208911316910669,-1.94455425923182,-0.486180620131147,0.208977113179838,-1.0979115619221,0.114433095015148,1.88318748235683,2.91585476429185,2.45936644327729,2.00287812226275,1.5463898012482,1.08990148023365,0.633413159219097,0.176924838204549,-0.27956348281,-0.73605180382455,-1.1925401248391,-1.64902844585365,-2.1055167668682,-2.56200508788275,-3.0184934088973,-3.47498172991185,-3.93147005092639,-4.38795837194094,-4.84444669295549,-5.30093501397004,-5.75742333498459,-5.75742333498459,-5.75742333498459,-5.75742333498459,-5.75742333498459,-5.75742333498459,-5.75742333498459,-5.75742333498459,-5.75742333498459,-5.75742333498459,-5.75742333498459,-5.75742333498459,-5.75742333498459,-5.75742333498459,-5.75742333498459,-5.75742333498459,-5.75742333498459,-5.75742333498459,-5.75742333498459,-5.75742333498459,-5.75742333498459,15.4274997705552,11.9804733718657,8.97923199874164,6.39272928584998,4.18991886785761,2.33975437943143,0.811189455238353,-0.426822270054737,-1.40532716178094,-2.15537158527334,-2.70800190586506,-3.09426448888918,-3.3452056996788,-3.49187190356703,-3.56530946588699,-3.59656475197175,-3.6166841271544,-3.65671395676807,-3.74770060614587,-3.92069044062085,-3.92069044062085,-3.92069044062085,-3.92069044062085,-3.92069044062085,-3.92069044062085,-3.92069044062085,-3.92069044062085,-3.92069044062085,-3.92069044062085,-3.92069044062085,-3.92069044062085,-3.92069044062085,-3.92069044062085,-3.92069044062085,-3.92069044062085,-3.92069044062085,-3.92069044062085,-3.92069044062085,-3.92069044062085,-3.92069044062085,4.89318441027181,4.08842885836227,3.28367330645273,2.47891775454319,1.67416220263364,0.869406650724109,0.071457491137032,-0.675351145816551,-1.28502744874497,-1.70510096278265,-1.97038134786593,-2.15874274158815,-2.33451615306985,-2.54769453228192,-2.83069040085588,-3.16976631117943,-3.52165577847412,-3.87504850189015,-4.25879960279981,-4.68099471665792,-4.68099471665792,-4.68099471665792,-4.68099471665792,-4.68099471665792,-4.68099471665792,-4.68099471665792,-4.68099471665792,-4.68099471665792,-4.68099471665792,-4.68099471665792,-4.68099471665792,-4.68099471665792,-4.68099471665792,-4.68099471665792,-4.68099471665792,-4.68099471665792,-4.68099471665792,-4.68099471665792,-4.68099471665792,-4.68099471665792,1,1,1,1,1,1,1,1,1,0,0,1,1,1,0,0,0,1,1,1,1,1,1,1,1,1,1,1,1,1,1,1,1,1,1,1,1,1,1,1
0.646775002498426,-0.385759371673622,-0.697148613658304,-1.56146900584077,1.87226857225361,2.06932200447074,1.86128060595002,-1.59509192884365,1.95808600826736,-1.71355100216061,1.80987040453442,-1.04586257150282,-0.711979623415253,0.390307548832951,0.424243437462952,0.500536177372766,-0.555187432446814,1.50200857706892,-0.442934879546177,1.48066735125738,1.03737417346224,-0.943799834418138,0.80844675517239,-2.18461000951954,-0.898431047961619,0.00766496775552028,2.47061118951933,-0.232580489322574,-1.24006135593936,0.588810632610709,1.48804805464395,-1.36922714093858,-2.01715288110282,-1.79029909252278,-0.146956186307419,-1.23291385172692,-1.94368210013115,-1.32496271121186,1.74375181781946,0.267521589287336,1.60630532229517,1.45178324132015,1.29726116034512,1.1427390793701,0.98821699839508,0.833694917420058,0.679172836445035,0.524650755470013,0.370128674494993,0.21560659351997,0.061084512544948,-0.0934375684300743,-0.247959649405097,-0.402481730380117,-0.557003811355141,-0.711525892330164,-0.866047973305184,-1.02057005428021,-1.17509213525523,-1.32961421623025,-1.32961421623025,-1.32961421623025,-1.32961421623025,-1.32961421623025,-1.32961421623025,-1.32961421623025,-1.32961421623025,-1.32961421623025,-1.32961421623025,-1.32961421623025,-1.32961421623025,-1.32961421623025,-1.32961421623025,-1.32961421623025,-1.32961421623025,-1.32961421623025,-1.32961421623025,-1.32961421623025,-1.32961421623025,-1.32961421623025,39.431372119204,29.4136217619924,21.0782873088598,14.2828125700918,8.88464135597388,4.74121747679178,1.70998474283101,-0.351613035622858,-1.58613204828416,-2.13612848486736,-2.14415853508686,-1.75277838865705,-1.1045442352924,-0.342012264707261,0.39226133338393,0.955720369266732,1.2058086532268,0.999969995549664,0.195648206520943,-1.34971290357379,-1.34971290357379,-1.34971290357379,-1.34971290357379,-1.34971290357379,-1.34971290357379,-1.34971290357379,-1.34971290357379,-1.34971290357379,-1.34971290357379,-1.34971290357379,-1.34971290357379,-1.34971290357379,-1.34971290357379,-1.34971290357379,-1.34971290357379,-1.34971290357379,-1.34971290357379,-1.34971290357379,-1.34971290357379,-1.34971290357379,5.6229343283278,4.88270251861466,4.14247070890152,3.40223889918838,2.66200708947525,1.92177527976211,1.18710708965701,0.487292771643684,-0.137326609734252,-0.647565809126073,-1.01136977748128,-1.21321529534079,-1.2638458140234,-1.19414894917588,-1.03755670893124,-0.824292327001423,-0.583178214333747,-0.330934541998721,-0.0658426154977807,0.213087130977753,0.213087130977753,0.213087130977753,0.213087130977753,0.213087130977753,0.213087130977753,0.213087130977753,0.213087130977753,0.213087130977753,0.213087130977753,0.213087130977753,0.213087130977753,0.213087130977753,0.213087130977753,0.213087130977753,0.213087130977753,0.213087130977753,0.213087130977753,0.213087130977753,0.213087130977753,0.213087130977753,1,1,1,1,1,1,1,1,1,1,1,1,1,1,1,1,1,1,1,1,1,1,1,1,1,1,1,1,1,1,1,1,1,1,1,1,1,1,1,1
-1.48844737312518,-0.731680157308277,1.36136274552403,0.530647807251209,0.844721101278282,-0.130901628657421,-1.13858906867242,-0.179372098027341,-0.643720818413369,-1.82946500352619,-0.480858789440383,-1.05379156124619,-0.434511797545717,2.76600405885594,1.92560361801018,-1.54120275263694,2.23992533173008,0.879637390373407,-0.26453335272422,-0.56343276107472,-2.4551156472144,-0.5132469419601,-2.07191538722725,0.541830139463487,0.297308467829344,0.685310287350584,0.0803302961550045,1.11899176689747,0.861861093811992,-1.11469844171441,-0.313119756675396,-0.832693886825117,-2.21989364865529,0.138083188722623,1.72034273653774,-0.717922911706225,-1.27345615231774,0.698733007758955,-1.09793775798817,-1.99282610985557,0.490196620428923,0.432948342059211,0.375700063689496,0.318451785319782,0.261203506950068,0.203955228580353,0.146706950210641,0.0894586718409265,0.0322103934712104,-0.0250378848985005,-0.0822861632682166,-0.139534441637929,-0.196782720007642,-0.254030998377358,-0.31127927674707,-0.368527555116787,-0.425775833486499,-0.483024111856212,-0.540272390225928,-0.59752066859564,-0.59752066859564,-0.59752066859564,-0.59752066859564,-0.59752066859564,-0.59752066859564,-0.59752066859564,-0.59752066859564,-0.59752066859564,-0.59752066859564,-0.59752066859564,-0.59752066859564,-0.59752066859564,-0.59752066859564,-0.59752066859564,-0.59752066859564,-0.59752066859564,-0.59752066859564,-0.59752066859564,-0.59752066859564,-0.59752066859564,40.6444421539469,30.0849412747313,21.3316054820769,14.2290544841819,8.62190798924469,4.35478570546348,1.27230734103655,-0.780907395837795,-1.96023879696129,-2.42106715413563,-2.31877275916251,-1.80873590384369,-1.04633687998089,-0.186955979375782,0.614026506169884,1.20123028485444,1.41927506487605,1.11278055443316,0.126366461723917,-1.69534750505325,-1.69534750505325,-1.69534750505325,-1.69534750505325,-1.69534750505325,-1.69534750505325,-1.69534750505325,-1.69534750505325,-1.69534750505325,-1.69534750505325,-1.69534750505325,-1.69534750505325,-1.69534750505325,-1.69534750505325,-1.69534750505325,-1.69534750505325,-1.69534750505325,-1.69534750505325,-1.69534750505325,-1.69534750505325,-1.69534750505325,2.52566123013082,2.18714271689916,1.8486242036675,1.51010569043584,1.17158717720419,0.833068663972529,0.496205493392493,0.173330233902803,-0.108037688145526,-0.331687453224328,-0.500032240829427,-0.60801505577072,-0.643628842699115,-0.612906475084197,-0.532523026047492,-0.409098944220139,-0.250900997558054,-0.0803026374770628,0.084186932914827,0.241467194006916,0.241467194006916,0.241467194006916,0.241467194006916,0.241467194006916,0.241467194006916,0.241467194006916,0.241467194006916,0.241467194006916,0.241467194006916,0.241467194006916,0.241467194006916,0.241467194006916,0.241467194006916,0.241467194006916,0.241467194006916,0.241467194006916,0.241467194006916,0.241467194006916,0.241467194006916,0.241467194006916,1,1,1,1,1,1,1,1,1,1,1,1,1,1,1,1,1,1,1,1,1,1,1,1,1,1,1,1,1,1,1,1,1,1,1,1,1,1,1,1
0.0694568401231304,-0.951952566479488,-0.124502678203107,-0.728906107576289,1.08273653293505,-0.397605455804015,-1.0113584590571,-1.07527455564102,0.15947182572496,-0.700878580566883,-1.04980273028811,-0.608629781242577,0.702280519528014,2.27108328189634,0.213530551959254,0.497892696850672,-0.163236149423337,0.475538973691437,-0.561841214496059,0.752466091269403,0.923776852230393,-0.618220568202814,-0.623453828541725,-0.0618385705765565,0.748034930456653,-0.411615897655096,1.27288085846912,0.656533630281475,-0.694121271208438,-1.10445031475791,0.139525048536079,-0.759670103747482,0.389482261080174,0.152598533276926,2.52746979690356,0.274687988483942,-2.1772628931265,-0.769490208856299,-1.59624573962656,-0.149702350811133,-4.20991853198572,-3.96629833579532,-3.72267813960491,-3.47905794341451,-3.23543774722411,-2.99181755103371,-2.74819735484331,-2.5045771586529,-2.2609569624625,-2.0173367662721,-1.7737165700817,-1.5300963738913,-1.2864761777009,-1.04285598151049,-0.799235785320091,-0.555615589129689,-0.31199539293929,-0.0683751967488835,0.175244999441516,0.418865195631918,0.418865195631918,0.418865195631918,0.418865195631918,0.418865195631918,0.418865195631918,0.418865195631918,0.418865195631918,0.418865195631918,0.418865195631918,0.418865195631918,0.418865195631918,0.418865195631918,0.418865195631918,0.418865195631918,0.418865195631918,0.418865195631918,0.418865195631918,0.418865195631918,0.418865195631918,0.418865195631918,-31.4553572267478,-24.5142610776994,-18.6395128779206,-13.7468574689998,-9.75203969252525,-6.57080439008542,-4.11889640326865,-2.31206057366333,-1.06604174285783,-0.296584752440499,0.0805655560002609,0.149664340876104,-0.00503323940136902,-0.299272026420521,-0.648796861769741,-0.969352587037344,-1.17668404381173,-1.18653607368131,-0.914653518234418,-0.276781219059437,-0.276781219059437,-0.276781219059437,-0.276781219059437,-0.276781219059437,-0.276781219059437,-0.276781219059437,-0.276781219059437,-0.276781219059437,-0.276781219059437,-0.276781219059437,-0.276781219059437,-0.276781219059437,-0.276781219059437,-0.276781219059437,-0.276781219059437,-0.276781219059437,-0.276781219059437,-0.276781219059437,-0.276781219059437,-0.276781219059437,-12.0527390549685,-10.7012527796886,-9.3497665044088,-7.99828022912897,-6.64679395384913,-5.2953076785693,-3.96173772067284,-2.73718820144209,-1.72242198504705,-0.949800800003368,-0.392571220740082,-0.0406767475810348,0.0878996538583312,0.0138535342959258,-0.183137525272477,-0.422573689496407,-0.672680513789576,-0.947525276073641,-1.27113284311871,-1.63665378243803,-1.63665378243803,-1.63665378243803,-1.63665378243803,-1.63665378243803,-1.63665378243803,-1.63665378243803,-1.63665378243803,-1.63665378243803,-1.63665378243803,-1.63665378243803,-1.63665378243803,-1.63665378243803,-1.63665378243803,-1.63665378243803,-1.63665378243803,-1.63665378243803,-1.63665378243803,-1.63665378243803,-1.63665378243803,-1.63665378243803,0,0,0,0,0,0,1,1,1,1,1,1,1,1,1,1,1,1,1,1,1,1,1,1,1,1,1,1,1,1,1,1,1,1,1,1,1,1,1,1
-0.271210895176328,0.888733924753692,0.405848989639539,0.676694203169744,-2.8559185725328,0.316038426478444,3.38478151626682,1.91960945438669,0.492575108590289,0.621822002818469,0.426006892814568,0.0881908375471099,0.921147914872483,-0.491485399582412,1.01494073588018,-2.00005524302946,0.919408616950294,-0.165680277003739,0.0378254606746093,1.66085348527802,-3.17757901400847,-3.07201438478518,-0.765692349189626,-1.08054079120891,1.6363992185174,-0.0766722002618216,0.361649544791534,1.65696420792325,-2.54706424710102,0.221599579381529,-1.08765616895992,2.31846291630704,1.9288976359732,-0.252497775280213,-0.0771421391065168,0.0428691491117625,1.58228665065124,0.0528040865196306,1.02917975216009,-4.30041936700474,2.16919609884637,2.0252404540511,1.88128480925583,1.73732916446056,1.5933735196653,1.44941787487003,1.30546223007476,1.1615065852795,1.01755094048423,0.873595295688961,0.729639650893693,0.585684006098425,0.441728361303158,0.29777271650789,0.153817071712625,0.00986142691735736,-0.134094217877911,-0.278049862673177,-0.422005507468446,-0.565961152263714,-0.565961152263714,-0.565961152263714,-0.565961152263714,-0.565961152263714,-0.565961152263714,-0.565961152263714,-0.565961152263714,-0.565961152263714,-0.565961152263714,-0.565961152263714,-0.565961152263714,-0.565961152263714,-0.565961152263714,-0.565961152263714,-0.565961152263714,-0.565961152263714,-0.565961152263714,-0.565961152263714,-0.565961152263714,-0.565961152263714,-15.4931619439721,-10.9893766512925,-7.30739882591191,-4.37314576469152,-2.11253476449259,-0.451483122176366,0.684091865395909,1.36827290136298,1.67514268886362,1.67878393103657,1.45327933102059,1.07271159195444,0.611163416976858,0.142717509226623,-0.258543428157518,-0.518536692036825,-0.563179579272534,-0.318389386725897,0.289916588741892,1.3358210502695,1.3358210502695,1.3358210502695,1.3358210502695,1.3358210502695,1.3358210502695,1.3358210502695,1.3358210502695,1.3358210502695,1.3358210502695,1.3358210502695,1.3358210502695,1.3358210502695,1.3358210502695,1.3358210502695,1.3358210502695,1.3358210502695,1.3358210502695,1.3358210502695,1.3358210502695,1.3358210502695,-19.1200646015582,-15.7739468721853,-12.4278291428149,-9.08171141344371,-5.73559368407193,-2.38947595470054,0.679547273850636,2.51436521648441,3.37355829010422,2.84613970252852,0.207531948181316,-2.20804894969173,-1.48079230533674,1.2614689669365,3.23799672469867,3.43672043742507,1.33585291598047,-2.16377103649582,-2.96525161541447,0.725580984276032,0.725580984276032,0.725580984276032,0.725580984276032,0.725580984276032,0.725580984276032,0.725580984276032,0.725580984276032,0.725580984276032,0.725580984276032,0.725580984276032,0.725580984276032,0.725580984276032,0.725580984276032,0.725580984276032,0.725580984276032,0.725580984276032,0.725580984276032,0.725580984276032,0.725580984276032,0.725580984276032,1,1,1,1,1,1,1,1,1,1,1,1,1,1,1,1,1,1,1,1,1,1,1,1,1,1,1,1,1,1,1,1,1,1,1,1,1,1,1,1
1.83692451895972,0.381928781825211,-0.987021313361896,0.10904626015558,-0.723971982021366,0.564860989634628,-1.39695538357409,0.516693620473051,1.71168513809639,2.41088310505188,-1.61164278889549,3.31899729859425,2.20313127213748,0.591948337598893,1.9515732559372,0.833955254791459,1.37621976600804,0.962674725446702,0.00783436551564343,1.29960278750786,-1.44346926748844,-0.976044577581249,-2.82055157333878,0.332505118231996,1.36885378576378,1.59959451635831,0.524728478571086,0.217246676898961,-0.764304332805388,-0.895178366264863,-0.517632626575626,-0.5844560882036,-1.64887716070443,-0.0807332088334967,0.123224888200969,-0.977141248391115,-1.9134451125838,2.13618275000583,2.42060191375124,-0.137800220880601,-0.634359360843403,-0.55427797721708,-0.474196593590758,-0.394115209964436,-0.314033826338115,-0.233952442711789,-0.153871059085468,-0.0737896754591461,0.00629170816717561,0.0863730917934991,0.166454475419821,0.246535859046142,0.326617242672466,0.406698626298788,0.486780009925111,0.566861393551431,0.646942777177756,0.727024160804076,0.807105544430399,0.887186928056723,0.887186928056723,0.887186928056723,0.887186928056723,0.887186928056723,0.887186928056723,0.887186928056723,0.887186928056723,0.887186928056723,0.887186928056723,0.887186928056723,0.887186928056723,0.887186928056723,0.887186928056723,0.887186928056723,0.887186928056723,0.887186928056723,0.887186928056723,0.887186928056723,0.887186928056723,0.887186928056723,4.04737049823945,3.48585724701005,2.91385943774683,2.34332720753522,1.78621069346063,1.25446003260849,0.760025362064203,0.314856818913199,-0.0690954597591027,-0.379881336867282,-0.605550675325922,-0.734153338049603,-0.753739187952899,-0.652358087950399,-0.418059900956687,-0.0388944898863333,0.497088282346079,1.20183855282598,2.08730645863877,3.16544213686988,3.16544213686988,3.16544213686988,3.16544213686988,3.16544213686988,3.16544213686988,3.16544213686988,3.16544213686988,3.16544213686988,3.16544213686988,3.16544213686988,3.16544213686988,3.16544213686988,3.16544213686988,3.16544213686988,3.16544213686988,3.16544213686988,3.16544213686988,3.16544213686988,3.16544213686988,3.16544213686988,-0.253106356939847,-0.171383120262114,-0.0896598835843747,-0.00793664690664286,0.0737865897710943,0.155509826448831,0.223260632930099,0.215148339164106,0.101333199415881,-0.0769512182435772,-0.241348413600431,-0.325410339582602,-0.291473071418464,-0.12430317470603,0.167068452036238,0.54047628736526,0.928044530997054,1.26496134638814,1.52319971404037,1.72641097303407,1.72641097303407,1.72641097303407,1.72641097303407,1.72641097303407,1.72641097303407,1.72641097303407,1.72641097303407,1.72641097303407,1.72641097303407,1.72641097303407,1.72641097303407,1.72641097303407,1.72641097303407,1.72641097303407,1.72641097303407,1.72641097303407,1.72641097303407,1.72641097303407,1.72641097303407,1.72641097303407,1,1,1,1,1,1,1,1,1,1,1,1,1,1,1,1,1,1,1,1,1,1,1,1,1,1,1,1,1,1,1,1,1,1,1,1,1,1,1,1
3.51366993657063,-1.80773204621042,-0.469226470499728,-2.09767492405365,0.0891266492376177,0.12923709348466,0.00697313124069421,2.08979353560112,-0.228083657277866,-1.86476549536938,-0.308607858503057,-1.78836619743848,-0.80477552803827,0.629812185503148,-1.39383430721115,2.86620600402324,-2.67051865009696,1.92573992506826,-1.61262917288765,-3.28428014706534,1.34967874371527,-1.62970172729253,-1.25612022388967,0.487190925088001,0.650830585628961,0.88784619207539,-0.803300950976928,0.183533861156013,1.41244612836624,-1.27888436472991,-1.35776878614285,-0.451421304746495,-0.283962012989219,-0.528915559767619,0.47789984562864,0.0706239867981378,-0.695173284840354,1.33488874067038,-2.01785887191401,0.142970861668372,5.44088779852783,4.93073572227081,4.42058364601379,3.91043156975677,3.40027949349975,2.89012741724272,2.3799753409857,1.86982326472868,1.35967118847166,0.849519112214637,0.339367035957617,-0.170785040299405,-0.680937116556429,-1.19108919281345,-1.70124126907047,-2.21139334532749,-2.72154542158452,-3.23169749784154,-3.74184957409856,-4.25200165035558,-4.25200165035558,-4.25200165035558,-4.25200165035558,-4.25200165035558,-4.25200165035558,-4.25200165035558,-4.25200165035558,-4.25200165035558,-4.25200165035558,-4.25200165035558,-4.25200165035558,-4.25200165035558,-4.25200165035558,-4.25200165035558,-4.25200165035558,-4.25200165035558,-4.25200165035558,-4.25200165035558,-4.25200165035558,-4.25200165035558,-18.6379908850765,-13.078020161501,-8.53054211754202,-4.90996084175684,-2.13068042270275,-0.107104948937041,1.246361490983,2.01531480850009,2.28535091505691,2.14206572209619,1.67105514106066,0.95791508339301,0.0882414605359205,-0.852369816067849,-1.77832283497563,-2.60402168474466,-3.24387045393228,-3.61227323109576,-3.62363410479242,-3.19235716357949,-3.19235716357949,-3.19235716357949,-3.19235716357949,-3.19235716357949,-3.19235716357949,-3.19235716357949,-3.19235716357949,-3.19235716357949,-3.19235716357949,-3.19235716357949,-3.19235716357949,-3.19235716357949,-3.19235716357949,-3.19235716357949,-3.19235716357949,-3.19235716357949,-3.19235716357949,-3.19235716357949,-3.19235716357949,-3.19235716357949,2.86394570679377,2.68068224580633,2.49741878481889,2.31415532383145,2.13089186284401,1.94762840185656,1.76347691316371,1.57143054046427,1.35305691472297,1.08595301893633,0.744117101974316,0.297296152897637,-0.256181567990996,-0.851482776400871,-1.39148230266001,-1.83613834196583,-2.22924642847102,-2.62745815238904,-3.04009338333553,-3.45274139408281,-3.45274139408281,-3.45274139408281,-3.45274139408281,-3.45274139408281,-3.45274139408281,-3.45274139408281,-3.45274139408281,-3.45274139408281,-3.45274139408281,-3.45274139408281,-3.45274139408281,-3.45274139408281,-3.45274139408281,-3.45274139408281,-3.45274139408281,-3.45274139408281,-3.45274139408281,-3.45274139408281,-3.45274139408281,-3.45274139408281,1,1,1,1,1,1,1,1,1,1,1,1,1,1,0,1,1,1,1,1,1,1,1,1,1,1,1,1,1,1,1,1,1,1,1,1,1,1,1,1
0.246677039818482,-0.550202051141841,0.678131035164163,1.15303117465495,-0.0329474954977931,-0.0339578234459363,-0.0337347867951205,-1.66505487459181,-0.162932734329726,1.40190530059105,-1.76617009697944,1.08474672403349,-0.870900627409425,0.461478864659059,-1.63226576603434,0.907460792830815,0.447297517729595,0.126493236296433,0.746059345853419,0.939792242603366,-0.0295573645547744,-1.50896628105239,-3.35588876214004,-0.217464695472362,0.135281164269362,-1.53267932259948,-0.461200442948083,-1.55414170423077,0.906594844037468,-0.164248252079718,-1.47898157968445,0.923253511041395,-0.611427141322604,-0.0569526069704551,-0.65638003558198,0.636467150068635,1.12381818428116,-4.07572140152923,-0.420532587237204,-1.26072025179815,0.38248840347507,0.287624725093921,0.192761046712772,0.0978973683316227,0.0030336899504757,-0.0918299884306748,-0.186693666811824,-0.281557345192972,-0.376421023574119,-0.471284701955268,-0.566148380336418,-0.661012058717567,-0.755875737098714,-0.850739415479865,-0.945603093861013,-1.04046677224216,-1.13533045062331,-1.23019412900446,-1.32505780738561,-1.41992148576675,-1.41992148576675,-1.41992148576675,-1.41992148576675,-1.41992148576675,-1.41992148576675,-1.41992148576675,-1.41992148576675,-1.41992148576675,-1.41992148576675,-1.41992148576675,-1.41992148576675,-1.41992148576675,-1.41992148576675,-1.41992148576675,-1.41992148576675,-1.41992148576675,-1.41992148576675,-1.41992148576675,-1.41992148576675,-1.41992148576675,6.95449634629424,4.8477526026869,3.14276781222594,1.8002918251721,0.781074491786068,0.045865662328584,-0.444584812939645,-0.72952708375791,-0.848211299865492,-0.839887611001673,-0.743806166905726,-0.599217117316961,-0.445370611974649,-0.32151680061806,-0.266905832986511,-0.320787858819248,-0.52241302785559,-0.911031489834796,-1.52589339449616,-2.40624889157896,-2.40624889157896,-2.40624889157896,-2.40624889157896,-2.40624889157896,-2.40624889157896,-2.40624889157896,-2.40624889157896,-2.40624889157896,-2.40624889157896,-2.40624889157896,-2.40624889157896,-2.40624889157896,-2.40624889157896,-2.40624889157896,-2.40624889157896,-2.40624889157896,-2.40624889157896,-2.40624889157896,-2.40624889157896,-2.40624889157896,1.13677222167422,0.898067057147101,0.659361892619974,0.420656728092849,0.181951563565729,-0.0567536009613967,-0.289629991888072,-0.48906707811665,-0.62867124721409,-0.687883853531394,-0.656869370373011,-0.564811347609798,-0.483578065247107,-0.470792472677624,-0.528600407728279,-0.650807134692036,-0.871907490739082,-1.21752089188725,-1.64590335513622,-2.09500649828424,-2.09500649828424,-2.09500649828424,-2.09500649828424,-2.09500649828424,-2.09500649828424,-2.09500649828424,-2.09500649828424,-2.09500649828424,-2.09500649828424,-2.09500649828424,-2.09500649828424,-2.09500649828424,-2.09500649828424,-2.09500649828424,-2.09500649828424,-2.09500649828424,-2.09500649828424,-2.09500649828424,-2.09500649828424,-2.09500649828424,1,1,1,1,1,1,1,1,1,1,1,1,1,1,1,1,1,1,1,1,1,1,1,1,1,1,1,1,1,1,1,1,1,1,1,1,1,1,1,1
-0.178492131987554,3.2835947144962,-0.641018524109507,1.34264807681501,-0.531660822812944,-1.6629250902595,0.375235307575111,-2.47579179385577,-1.12682444276755,-1.4902951431265,1.15801536834474,0.873367702982861,-0.502340349146117,2.81771994386564,2.63748357721032,-0.507463223121231,0.782245197260369,1.62299680097651,-0.10919605408896,-0.632397367715939,-1.19584452787023,1.31349974059741,-0.563496052495799,0.144595140586128,2.05584585653053,0.911623673795633,-1.17797244384171,2.32277389680007,2.36698105969817,0.56638184284885,-0.351259468760516,-1.62307078658109,-0.0788421999753446,0.270875111463114,3.50921658007599,-1.57159005336351,0.0655985014704292,-1.98267472819888,0.258789206421373,-0.0585747962126746,0.204741367697471,0.246747398584445,0.288753429471419,0.330759460358391,0.372765491245366,0.414771522132339,0.456777553019313,0.498783583906286,0.54078961479326,0.582795645680234,0.624801676567207,0.666807707454181,0.708813738341153,0.750819769228128,0.7928258001151,0.834831831002074,0.876837861889047,0.918843892776023,0.960849923662996,1.00285595454997,1.00285595454997,1.00285595454997,1.00285595454997,1.00285595454997,1.00285595454997,1.00285595454997,1.00285595454997,1.00285595454997,1.00285595454997,1.00285595454997,1.00285595454997,1.00285595454997,1.00285595454997,1.00285595454997,1.00285595454997,1.00285595454997,1.00285595454997,1.00285595454997,1.00285595454997,1.00285595454997,-4.28637474743973,-3.18652291475169,-2.24662167033586,-1.45517609098916,-0.800691253508498,-0.271672234690779,0.143375888667078,0.45594803976816,0.677539141815585,0.819644118012395,0.893757891561743,0.911375385666675,0.883991523530268,0.823101228355679,0.74019942334591,0.646781031704146,0.554340976633419,0.474374181336819,0.418375569017403,0.397840062878347,0.397840062878347,0.397840062878347,0.397840062878347,0.397840062878347,0.397840062878347,0.397840062878347,0.397840062878347,0.397840062878347,0.397840062878347,0.397840062878347,0.397840062878347,0.397840062878347,0.397840062878347,0.397840062878347,0.397840062878347,0.397840062878347,0.397840062878347,0.397840062878347,0.397840062878347,0.397840062878347,-0.461302427836898,-0.323652460251093,-0.186002492665285,-0.0483525250794834,0.0892974425063233,0.226947410092125,0.363742508028661,0.49464057673471,0.610970291010334,0.705459694140044,0.775464737727136,0.820813249388328,0.841006108714206,0.835153444953738,0.803565600986106,0.750545637961523,0.685668326982231,0.619233537304549,0.555934794322406,0.494872543193139,0.494872543193139,0.494872543193139,0.494872543193139,0.494872543193139,0.494872543193139,0.494872543193139,0.494872543193139,0.494872543193139,0.494872543193139,0.494872543193139,0.494872543193139,0.494872543193139,0.494872543193139,0.494872543193139,0.494872543193139,0.494872543193139,0.494872543193139,0.494872543193139,0.494872543193139,0.494872543193139,1,1,1,1,1,1,1,1,1,1,1,1,1,1,1,1,1,1,1,1,1,1,1,1,1,1,1,1,1,1,1,1,1,1,1,1,1,1,1,1
-0.361016441083138,-2.30833751312902,1.25536096413847,0.523410174302612,0.240113804146849,1.84483506388314,0.0129548341523957,-0.593916873929921,-1.8466491971883,-1.16576480756882,2.37974584131629,-0.0606613714949358,-1.5302503845011,-1.0938697998575,1.40031058160023,-0.714106856310682,0.0330763757834163,-1.75119650388214,0.4608094689117,1.12575993491442,2.48041514655697,-1.2531632945913,0.58525726501839,0.288212065899451,1.51926323939515,0.175714817101186,0.96162702209535,0.0527644395688416,0.94338488769489,-0.962431414480063,-0.681101494777502,1.91768412782076,-0.614486916871531,-1.68025666578367,-1.27719310376029,-1.23505805338174,-1.55731321977377,-1.22893403598396,1.56634157858588,-2.56996931888956,3.01336392227551,2.8301544308515,2.64694493942749,2.46373544800348,2.28052595657948,2.09731646515547,1.91410697373146,1.73089748230745,1.54768799088345,1.36447849945944,1.18126900803543,0.998059516611422,0.814850025187415,0.631640533763408,0.448431042339399,0.265221550915392,0.0820120594913849,-0.101197431932624,-0.284406923356631,-0.46761641478064,-0.46761641478064,-0.46761641478064,-0.46761641478064,-0.46761641478064,-0.46761641478064,-0.46761641478064,-0.46761641478064,-0.46761641478064,-0.46761641478064,-0.46761641478064,-0.46761641478064,-0.46761641478064,-0.46761641478064,-0.46761641478064,-0.46761641478064,-0.46761641478064,-0.46761641478064,-0.46761641478064,-0.46761641478064,-0.46761641478064,30.0360805987207,23.4575699864799,17.8405990187155,13.1149946343352,9.21058377224657,6.05719337135735,3.58465037057515,1.72278170880762,0.401414324962397,-0.449624842052863,-0.90050885333055,-1.02141076996297,-0.882503653042511,-0.553960563661512,-0.105954562912334,0.391341288112676,0.86775392832112,1.25311029662069,1.47723733191903,1.46996197312378,1.46996197312378,1.46996197312378,1.46996197312378,1.46996197312378,1.46996197312378,1.46996197312378,1.46996197312378,1.46996197312378,1.46996197312378,1.46996197312378,1.46996197312378,1.46996197312378,1.46996197312378,1.46996197312378,1.46996197312378,1.46996197312378,1.46996197312378,1.46996197312378,1.46996197312378,1.46996197312378,4.69706383470456,4.26803779687608,3.83901175904759,3.40998572121911,2.98095968339063,2.55193364556215,2.12836529977149,1.7370655151756,1.40302253269981,1.12574517274054,0.88855682092542,0.688129035866705,0.537263947078349,0.439654082041272,0.381699744934336,0.349490564849139,0.338702775925658,0.348601278078329,0.375777518035052,0.412781173783609,0.412781173783609,0.412781173783609,0.412781173783609,0.412781173783609,0.412781173783609,0.412781173783609,0.412781173783609,0.412781173783609,0.412781173783609,0.412781173783609,0.412781173783609,0.412781173783609,0.412781173783609,0.412781173783609,0.412781173783609,0.412781173783609,0.412781173783609,0.412781173783609,0.412781173783609,0.412781173783609,1,1,1,1,1,1,1,1,1,1,1,1,1,1,1,1,1,1,1,1,1,1,1,1,1,1,1,1,1,1,1,1,1,1,1,1,1,1,1,1
1.00381923932985,1.7378350492021,0.593776172275885,-1.25174911895666,0.822471194765708,-1.80291796597177,-0.646575694698868,-2.37927674707209,1.10176043987334,0.613965760534178,0.171971877088113,-0.661022818691727,-0.914573491381507,0.0832687261249685,0.820915909989736,0.30207234569737,1.52857845307549,-1.71902696753543,-0.247346526254868,0.0769462625997726,1.1727227194684,0.434735985645743,0.154159571724087,-0.526112591517352,1.47881360410373,-0.240883047123113,2.12617188589495,1.60083295963561,0.837122522668061,1.76924413451183,-0.546169055002084,0.429583461301293,-3.30760862822734,-0.0829062284787536,0.60592542193144,2.31268344859281,-0.462479373401246,-0.677666884771327,0.281948901181218,1.28545131197642,-2.79737560828802,-2.5533830629802,-2.30939051767237,-2.06539797236455,-1.82140542705672,-1.57741288174889,-1.33342033644107,-1.08942779113324,-0.845435245825414,-0.601442700517588,-0.357450155209762,-0.113457609901936,0.13053493540589,0.374527480713718,0.618520026021542,0.862512571329368,1.1065051166372,1.35049766194502,1.59449020725285,1.83848275256067,1.83848275256067,1.83848275256067,1.83848275256067,1.83848275256067,1.83848275256067,1.83848275256067,1.83848275256067,1.83848275256067,1.83848275256067,1.83848275256067,1.83848275256067,1.83848275256067,1.83848275256067,1.83848275256067,1.83848275256067,1.83848275256067,1.83848275256067,1.83848275256067,1.83848275256067,1.83848275256067,15.9792836902919,10.731060948632,6.55297269869801,3.34127333052009,0.99221723412815,-0.597941200447835,-1.53294758317789,-1.91654752403203,-1.8524866329803,-1.44451051999273,-0.796364795039352,-0.0117950680901799,0.805453050884765,1.55163395191543,2.12300202503178,2.41581166026382,2.32631724764149,1.75077317719483,0.585433838953687,-1.27344637705186,-1.27344637705186,-1.27344637705186,-1.27344637705186,-1.27344637705186,-1.27344637705186,-1.27344637705186,-1.27344637705186,-1.27344637705186,-1.27344637705186,-1.27344637705186,-1.27344637705186,-1.27344637705186,-1.27344637705186,-1.27344637705186,-1.27344637705186,-1.27344637705186,-1.27344637705186,-1.27344637705186,-1.27344637705186,-1.27344637705186,-3.20005178304144,-2.90628358729296,-2.61251539154447,-2.31874719579599,-2.0249790000475,-1.73121080429901,-1.43774360114242,-1.14591933626408,-0.856742389567092,-0.571259586591566,-0.290979034694507,-0.0167862247159345,0.25070163186999,0.508409280060562,0.749493846418693,0.966006571920845,1.15380627711838,1.31603824420093,1.46192865093646,1.60130465446059,1.60130465446059,1.60130465446059,1.60130465446059,1.60130465446059,1.60130465446059,1.60130465446059,1.60130465446059,1.60130465446059,1.60130465446059,1.60130465446059,1.60130465446059,1.60130465446059,1.60130465446059,1.60130465446059,1.60130465446059,1.60130465446059,1.60130465446059,1.60130465446059,1.60130465446059,1.60130465446059,1,1,1,1,1,1,1,1,1,1,1,1,1,1,1,1,1,1,1,1,1,1,1,1,1,1,1,1,1,1,1,1,1,1,1,1,1,1,1,1
0.41834237058255,1.30773237091697,0.960017897770867,-1.25584111780713,2.29379511727329,1.19489571975972,-1.78090567688146,1.3952958403424,1.70312831451934,1.74518642413234,-1.13873822578038,1.62221086133567,1.22687735333314,-0.541568738533927,-0.0562070680353912,1.67494037245065,-0.905386439927852,1.33069736856351,-0.322744380220636,1.44228982061491,-1.12863072603659,-1.22855086835372,0.0439363772039592,0.161675651250828,0.799454912203679,0.907591968405551,0.75917836358199,-1.96822346130886,-0.869011404313255,-0.372986427060349,-0.300747993468399,-2.68814766389062,0.911568862230308,-0.0466510005397343,-1.52809503837254,-0.62541930660697,-2.38472713213046,0.283669241443858,1.51648905630745,0.740792886913091,1.06323572714822,0.97999238004991,0.896749032951594,0.813505685853282,0.730262338754966,0.647018991656652,0.563775644558341,0.480532297460023,0.397288950361711,0.314045603263395,0.230802256165081,0.147558909066767,0.064315561968451,-0.0189277851298613,-0.102171132228174,-0.185414479326491,-0.268657826424803,-0.351901173523121,-0.435144520621433,-0.518387867719746,-0.518387867719746,-0.518387867719746,-0.518387867719746,-0.518387867719746,-0.518387867719746,-0.518387867719746,-0.518387867719746,-0.518387867719746,-0.518387867719746,-0.518387867719746,-0.518387867719746,-0.518387867719746,-0.518387867719746,-0.518387867719746,-0.518387867719746,-0.518387867719746,-0.518387867719746,-0.518387867719746,-0.518387867719746,-0.518387867719746,1.16923940321967,1.01419654084174,0.877814873721039,0.758239545126464,0.653615698326921,0.562088476591311,0.481803023188536,0.410904481387506,0.34753799445712,0.289848705666277,0.235981758283884,0.18408229557885,0.132295460820062,0.0787663972764392,0.0216402482168743,-0.0409378430897238,-0.110822733374459,-0.189869279368409,-0.2799323378027,-0.382866765408409,-0.382866765408409,-0.382866765408409,-0.382866765408409,-0.382866765408409,-0.382866765408409,-0.382866765408409,-0.382866765408409,-0.382866765408409,-0.382866765408409,-0.382866765408409,-0.382866765408409,-0.382866765408409,-0.382866765408409,-0.382866765408409,-0.382866765408409,-0.382866765408409,-0.382866765408409,-0.382866765408409,-0.382866765408409,-0.382866765408409,2.99365517379673,2.6419570434623,2.29025891312787,1.93856078279344,1.58686265245901,1.23516452212458,0.887383091074485,0.560005442694814,0.258988719810027,-0.0161295443875353,-0.243580489743509,-0.384763685313274,-0.431511139458395,-0.413848491015203,-0.345603266986693,-0.203866658587126,0.0253314862271701,0.324693500899121,0.671836375942897,1.04690285355924,1.04690285355924,1.04690285355924,1.04690285355924,1.04690285355924,1.04690285355924,1.04690285355924,1.04690285355924,1.04690285355924,1.04690285355924,1.04690285355924,1.04690285355924,1.04690285355924,1.04690285355924,1.04690285355924,1.04690285355924,1.04690285355924,1.04690285355924,1.04690285355924,1.04690285355924,1.04690285355924,1,1,1,1,1,1,1,1,1,1,1,1,1,1,1,1,1,1,1,1,1,1,1,1,1,1,1,1,1,1,1,1,1,1,1,1,1,1,1,1
2.22809952672881,-3.79642252810479,-2.44849905835803,1.77808893347588,-0.637105210598572,0.980879522124555,-0.751491629852582,2.01021801176009,-1.35251813667771,-0.375979017511089,-0.139280812037033,0.737796072307106,-1.69016804854098,0.201780537705002,-0.795283187874531,-1.44071090257682,-1.52461553447104,-1.20178454488698,0.594435091150142,0.695928804355129,-1.4873321289871,1.74784670926025,-1.52158504899202,1.59757383355088,0.734784104533684,0.372137170802842,1.78026359254002,1.03104621534887,-0.300736671777779,1.27545102723847,-3.55536969346812,0.851648758613887,0.106548778319993,0.626327872232853,-0.476335397962064,-0.888856461095076,-0.324135773499568,0.311264875520655,0.725668111982063,0.144392989712269,-2.91682219216286,-2.77505412416735,-2.63328605617184,-2.49151798817634,-2.34974992018083,-2.20798185218532,-2.06621378418981,-1.9244457161943,-1.7826776481988,-1.64090958020329,-1.49914151220778,-1.35737344421227,-1.21560537621676,-1.07383730822125,-0.932069240225747,-0.790301172230238,-0.648533104234728,-0.506765036239219,-0.364996968243712,-0.223228900248209,-0.223228900248209,-0.223228900248209,-0.223228900248209,-0.223228900248209,-0.223228900248209,-0.223228900248209,-0.223228900248209,-0.223228900248209,-0.223228900248209,-0.223228900248209,-0.223228900248209,-0.223228900248209,-0.223228900248209,-0.223228900248209,-0.223228900248209,-0.223228900248209,-0.223228900248209,-0.223228900248209,-0.223228900248209,-0.223228900248209,-33.8731261594462,-25.2030770819559,-18.0990117643243,-12.4164347506656,-8.01085058509361,-4.73776381172255,-2.45267897466644,-1.01110061803935,-0.268533285955334,-0.080481522528423,-0.302449871872705,-0.789942878102257,-1.39846508533107,-1.98352103767327,-2.40061527924282,-2.50525235415391,-2.15293680652051,-1.1991731804567,0.500533979923457,3.0906801305059,3.0906801305059,3.0906801305059,3.0906801305059,3.0906801305059,3.0906801305059,3.0906801305059,3.0906801305059,3.0906801305059,3.0906801305059,3.0906801305059,3.0906801305059,3.0906801305059,3.0906801305059,3.0906801305059,3.0906801305059,3.0906801305059,3.0906801305059,3.0906801305059,3.0906801305059,3.0906801305059,-7.08943695824131,-6.35594873215347,-5.62246050606564,-4.8889722799778,-4.15548405388996,-3.42199582780212,-2.69123252091769,-1.98334886432508,-1.35696260264537,-0.911412984619872,-0.71642349753418,-0.736799557879387,-0.876963399960131,-1.07456177549778,-1.27504755608571,-1.35104313856539,-1.1624042838515,-0.705744024125652,-0.117480438813288,0.485223677340244,0.485223677340244,0.485223677340244,0.485223677340244,0.485223677340244,0.485223677340244,0.485223677340244,0.485223677340244,0.485223677340244,0.485223677340244,0.485223677340244,0.485223677340244,0.485223677340244,0.485223677340244,0.485223677340244,0.485223677340244,0.485223677340244,0.485223677340244,0.485223677340244,0.485223677340244,0.485223677340244,1,1,1,1,1,0,0,1,1,1,1,1,1,1,1,1,1,1,1,1,1,1,1,1,1,1,1,1,1,1,1,1,1,1,1,1,1,1,1,1
1.2839600800182,-0.409777639623325,0.505774299240303,0.261456942493206,-0.653445534364736,-1.30045284522593,-0.769179044082962,-0.472398069087516,1.00642209407189,-2.48739201187906,-0.792816500086399,0.933882498481371,-0.0297084302129669,0.585440057188611,0.40344861591085,1.10253032318786,-0.57562125367409,-2.66917401034842,0.110114383276477,1.99730553176344,2.20050510174471,2.48798891665605,-1.61102797722646,-0.346936762010618,-1.41399474008522,-2.19554616870089,-2.89258396346393,-2.06023712472233,0.634696276019929,-0.834320163620962,1.31870158162768,-0.544776621170859,1.57019814774869,-2.50201036119524,-1.36758799902208,0.266970841839626,1.99948495234602,2.80692525303516,-0.462552182979945,1.44789109720904,-0.300965441373882,-0.270082889681208,-0.239200337988533,-0.208317786295859,-0.177435234603183,-0.146552682910508,-0.115670131217835,-0.0847875795251607,-0.0539050278324869,-0.023022476139813,0.00786007555286439,0.0387426272455382,0.0696251789382138,0.100507730630886,0.131390282323562,0.162272834016237,0.193155385708913,0.224037937401587,0.254920489094259,0.285803040786934,0.285803040786934,0.285803040786934,0.285803040786934,0.285803040786934,0.285803040786934,0.285803040786934,0.285803040786934,0.285803040786934,0.285803040786934,0.285803040786934,0.285803040786934,0.285803040786934,0.285803040786934,0.285803040786934,0.285803040786934,0.285803040786934,0.285803040786934,0.285803040786934,0.285803040786934,0.285803040786934,20.7959351051928,15.516016118672,11.1000716065845,7.4789444554906,4.58347755195065,2.34451378252492,0.692896033773716,-0.440532807742661,-1.12492985546392,-1.42945222282977,-1.42325702327989,-1.17550137025402,-0.755342377191814,-0.231937157533009,0.325557175282691,0.847983507815599,1.26618472662602,1.51100371827423,1.51328336932053,1.20386656632523,1.20386656632523,1.20386656632523,1.20386656632523,1.20386656632523,1.20386656632523,1.20386656632523,1.20386656632523,1.20386656632523,1.20386656632523,1.20386656632523,1.20386656632523,1.20386656632523,1.20386656632523,1.20386656632523,1.20386656632523,1.20386656632523,1.20386656632523,1.20386656632523,1.20386656632523,1.20386656632523,1.22344563855269,1.05724908549261,0.89105253243254,0.724855979372466,0.558659426312393,0.39246287325232,0.226367952881024,0.0598381753796904,-0.110692629970535,-0.283149152518225,-0.442569532378926,-0.561861326911497,-0.60210146965982,-0.522227363131442,-0.304604444213156,0.0331294630525782,0.456564532511559,0.933951134619489,1.43868729745132,1.95165785973355,1.95165785973355,1.95165785973355,1.95165785973355,1.95165785973355,1.95165785973355,1.95165785973355,1.95165785973355,1.95165785973355,1.95165785973355,1.95165785973355,1.95165785973355,1.95165785973355,1.95165785973355,1.95165785973355,1.95165785973355,1.95165785973355,1.95165785973355,1.95165785973355,1.95165785973355,1.95165785973355,1,1,1,1,1,1,1,1,1,1,1,1,1,1,1,1,1,1,1,1,1,1,1,1,1,1,1,1,1,1,1,1,1,1,1,1,1,1,1,1
1.23332791726866,-0.464047300879503,-0.134675812740908,1.35967174889089,0.029782486515594,-0.370784980581932,-0.0297704374549408,1.44982937952225,-0.755013893483152,0.701273457654363,0.000956895394185864,-0.339626085430778,0.0907519886632446,0.199725900770996,-2.37982014438575,-1.04986101009439,-0.221344266241259,-0.897433460302723,-0.579261128378409,-1.59397595461965,0.967874064124249,1.35556005939547,-1.20495982111607,-0.734944188594625,0.459719059617635,-0.172766927479834,2.52959152674131,0.841075274221563,-0.116266740904219,-0.543299583155678,1.60905577019711,-0.451187353253379,-1.62327162325261,1.23888981881613,0.953581142683475,0.828072452458905,1.62045886044983,0.511150401265649,0.0711903356601731,-2.36947855254645,0.764311042388302,0.662770662380388,0.561230282372473,0.45968990236456,0.358149522356647,0.256609142348734,0.155068762340819,0.0535283823329049,-0.0480119976750082,-0.149552377682921,-0.251092757690836,-0.352633137698751,-0.454173517706662,-0.555713897714579,-0.657254277722492,-0.758794657730405,-0.860335037738317,-0.961875417746231,-1.06341579775415,-1.16495617776206,-1.16495617776206,-1.16495617776206,-1.16495617776206,-1.16495617776206,-1.16495617776206,-1.16495617776206,-1.16495617776206,-1.16495617776206,-1.16495617776206,-1.16495617776206,-1.16495617776206,-1.16495617776206,-1.16495617776206,-1.16495617776206,-1.16495617776206,-1.16495617776206,-1.16495617776206,-1.16495617776206,-1.16495617776206,-1.16495617776206,-21.1855362956879,-15.5646477742208,-10.942549791726,-7.23063431429717,-4.34029330802765,-2.18291873901092,-0.669902573340489,0.287363222890198,0.777486683587654,0.889075842658391,0.710738734008975,0.331083391545897,-0.161282150824306,-0.677749859195089,-1.12971169965993,-1.42855963831235,-1.48568564124576,-1.21248167455366,-0.520339704329526,0.679348303333173,0.679348303333173,0.679348303333173,0.679348303333173,0.679348303333173,0.679348303333173,0.679348303333173,0.679348303333173,0.679348303333173,0.679348303333173,0.679348303333173,0.679348303333173,0.679348303333173,0.679348303333173,0.679348303333173,0.679348303333173,0.679348303333173,0.679348303333173,0.679348303333173,0.679348303333173,0.679348303333173,-5.28573326361634,-4.47496387665956,-3.66419448970283,-2.85342510274607,-2.04265571578931,-1.23188632883255,-0.438773124564529,0.241380159990808,0.674076468401112,0.76524003265579,0.530225881157927,0.0732208439566033,-0.502762353678499,-1.08736206483821,-1.49379483177772,-1.56327656559105,-1.32725943132,-0.909374833553075,-0.342355752301716,0.353013051406716,0.353013051406716,0.353013051406716,0.353013051406716,0.353013051406716,0.353013051406716,0.353013051406716,0.353013051406716,0.353013051406716,0.353013051406716,0.353013051406716,0.353013051406716,0.353013051406716,0.353013051406716,0.353013051406716,0.353013051406716,0.353013051406716,0.353013051406716,0.353013051406716,0.353013051406716,0.353013051406716,1,1,1,1,1,1,1,1,1,1,1,1,1,1,1,1,1,1,1,1,1,1,1,1,1,1,1,1,1,1,1,1,1,1,1,1,1,1,1,1
-1.14554814121092,1.90375298130509,0.677054636488712,0.181390564720362,-2.94388455529553,0.223798036933142,0.673839727209087,-0.315697853456584,0.418354662865967,1.80764671435278,0.980889991797119,1.15446614400341,0.470528087895527,-0.231046729456821,-1.29431362400132,0.462782543105597,0.258633621546188,-1.2009140859464,-1.297539028603,-1.27515060150814,-2.65073416075175,1.72889745919087,-3.39066799119253,-0.792006954311526,0.810330858919112,-1.61200607985814,-2.76072427067899,0.826528580984521,1.24029890320853,-0.184416003934492,-0.0318017957903312,0.526751914962631,-1.26605001481869,2.9641108806171,1.70155404088863,-1.99689898035157,-0.646857573420675,0.129583384729248,-1.28862195995231,2.24711788556689,1.44673960949649,1.42735686615565,1.40797412281481,1.38859137947398,1.36920863613314,1.3498258927923,1.33044314945147,1.31106040611063,1.29167766276979,1.27229491942896,1.25291217608812,1.23352943274729,1.21414668940645,1.19476394606561,1.17538120272478,1.15599845938394,1.1366157160431,1.11723297270226,1.09785022936143,1.07846748602059,1.07846748602059,1.07846748602059,1.07846748602059,1.07846748602059,1.07846748602059,1.07846748602059,1.07846748602059,1.07846748602059,1.07846748602059,1.07846748602059,1.07846748602059,1.07846748602059,1.07846748602059,1.07846748602059,1.07846748602059,1.07846748602059,1.07846748602059,1.07846748602059,1.07846748602059,1.07846748602059,-10.6478481521329,-7.32245036382413,-4.60669002478392,-2.445141183997,-0.782377890448146,0.437025806877893,1.26849585899635,1.76745821692245,1.98933883167144,1.98956365425857,1.82355863569907,1.54674972700816,1.21456287920108,0.882424043293105,0.60575917029942,0.439994211235312,0.440555117115975,0.66286783895665,1.16235832777261,1.99445253457904,1.99445253457904,1.99445253457904,1.99445253457904,1.99445253457904,1.99445253457904,1.99445253457904,1.99445253457904,1.99445253457904,1.99445253457904,1.99445253457904,1.99445253457904,1.99445253457904,1.99445253457904,1.99445253457904,1.99445253457904,1.99445253457904,1.99445253457904,1.99445253457904,1.99445253457904,1.99445253457904,1.80702451507475,1.67792791513303,1.5488313151913,1.41973471524957,1.29063811530785,1.16154151536612,1.0560424615002,1.07329055585537,1.23814319017898,1.46527677288885,1.65418212549354,1.75984256664678,1.78286808557458,1.73371702684483,1.61624692997142,1.42581688963156,1.15221195430041,0.790667446864271,0.356384292562337,-0.115520616945838,-0.115520616945838,-0.115520616945838,-0.115520616945838,-0.115520616945838,-0.115520616945838,-0.115520616945838,-0.115520616945838,-0.115520616945838,-0.115520616945838,-0.115520616945838,-0.115520616945838,-0.115520616945838,-0.115520616945838,-0.115520616945838,-0.115520616945838,-0.115520616945838,-0.115520616945838,-0.115520616945838,-0.115520616945838,-0.115520616945838,1,1,1,1,1,1,1,1,1,1,1,1,1,1,1,1,1,1,1,1,1,1,1,1,1,1,1,1,1,1,1,1,1,1,1,1,1,1,1,1
1.21627714234845,0.357476949316677,-0.152935805839019,-0.480721132399859,1.58134531139514,0.588881044428778,0.724622655124612,-1.26691088414724,0.430757874386893,-1.08214306969372,0.0900269078853899,0.569514792792134,-0.0956285336312419,1.01764086401887,-0.00973950962307768,-0.525228999162126,2.54636887301423,-2.15647829681142,3.91800817610622,2.63982384853981,-0.553374098441205,-0.231269065954141,-1.65008677042163,-1.7778804818869,3.15176968127014,0.721036456330955,0.603871718672327,-1.31164878029687,-1.15101536050207,1.90972468168801,0.757815624307364,0.292990832697289,1.78740693743238,0.418176296976535,0.556389760005938,-0.736776273193193,-1.80806804353397,-2.02936426333033,0.126731595844086,-0.832944070451408,-2.02754287688406,-1.76596884269047,-1.50439480849687,-1.24282077430328,-0.981246740109688,-0.719672705916095,-0.458098671722504,-0.19652463752891,0.0650493966646835,0.326623430858273,0.588197465051868,0.84977149924546,1.11134553343905,1.37291956763264,1.63449360182624,1.89606763601983,2.15764167021342,2.41921570440701,2.68078973860061,2.9423637727942,2.9423637727942,2.9423637727942,2.9423637727942,2.9423637727942,2.9423637727942,2.9423637727942,2.9423637727942,2.9423637727942,2.9423637727942,2.9423637727942,2.9423637727942,2.9423637727942,2.9423637727942,2.9423637727942,2.9423637727942,2.9423637727942,2.9423637727942,2.9423637727942,2.9423637727942,2.9423637727942,-12.8844929411046,-9.12993926039267,-6.1126214900773,-3.7563642560964,-1.98499218438786,-0.722329900889594,0.107797968460494,0.581566797724474,0.775151960964441,0.764728832242495,0.626472785620715,0.436559195161191,0.271163434926047,0.206460878977294,0.318626901377078,0.683836876187494,1.37826617747059,2.47809017928853,4.05948425570335,6.19862378077708,6.19862378077708,6.19862378077708,6.19862378077708,6.19862378077708,6.19862378077708,6.19862378077708,6.19862378077708,6.19862378077708,6.19862378077708,6.19862378077708,6.19862378077708,6.19862378077708,6.19862378077708,6.19862378077708,6.19862378077708,6.19862378077708,6.19862378077708,6.19862378077708,6.19862378077708,6.19862378077708,-1.26696473685932,-1.11523998310168,-0.963515229344042,-0.811790475586401,-0.660065721828759,-0.508340968071117,-0.355027078548195,-0.192213484263991,-0.0104568076220755,0.199794314615026,0.445615711415162,0.724702037448354,1.02462195969356,1.33144487221686,1.63697018404649,1.93889066103852,2.23829000735464,2.53722277955687,2.83665534861101,3.13637821888142,3.13637821888142,3.13637821888142,3.13637821888142,3.13637821888142,3.13637821888142,3.13637821888142,3.13637821888142,3.13637821888142,3.13637821888142,3.13637821888142,3.13637821888142,3.13637821888142,3.13637821888142,3.13637821888142,3.13637821888142,3.13637821888142,3.13637821888142,3.13637821888142,3.13637821888142,3.13637821888142,1,1,1,1,1,1,1,1,1,1,1,1,1,1,1,1,1,1,0,1,1,1,1,1,1,1,1,1,1,1,1,1,1,1,1,1,1,1,1,1
-2.00431898562481,-1.18768664740581,2.80858410236578,0.163356391065445,2.1366569705561,3.45351781899204,0.0254362063195384,0.359234229162043,2.14643158565576,-0.962017852376347,1.79950761593376,0.294502069351944,-1.5912838617885,1.92024603754685,-0.218626709401658,2.00169423650952,0.0182442519944317,-0.406435654970412,0.151556475278499,-0.0840208260693061,-0.916265657813044,1.82824269686196,-0.539223940945311,-0.345011681522179,0.583692324479655,1.54794049993646,0.601757082666161,-1.5180435514061,-1.25639869185517,-0.930596255436875,0.25387564352619,-1.42419092878123,-0.273318347660412,-1.11802858171586,-0.919074510871488,0.976838626256553,-0.376139381711363,0.509410225077685,-0.218904230487619,0.937376733130531,1.3712751701621,1.24248337865143,1.11369158714076,0.98489979563009,0.856108004119423,0.727316212608753,0.598524421098085,0.469732629587414,0.340940838076747,0.212149046566077,0.0833572550554091,-0.0454345364552609,-0.174226327965929,-0.303018119476597,-0.431809910987267,-0.560601702497934,-0.689393494008604,-0.818185285519274,-0.946977077029942,-1.07576886854061,-1.07576886854061,-1.07576886854061,-1.07576886854061,-1.07576886854061,-1.07576886854061,-1.07576886854061,-1.07576886854061,-1.07576886854061,-1.07576886854061,-1.07576886854061,-1.07576886854061,-1.07576886854061,-1.07576886854061,-1.07576886854061,-1.07576886854061,-1.07576886854061,-1.07576886854061,-1.07576886854061,-1.07576886854061,-1.07576886854061,38.1866260808228,27.6959821549633,19.1330479858966,12.3195100948993,7.07705500324842,3.22736923222062,0.592139303092771,-1.00694826285835,-1.74820694435597,-1.80995022012322,-1.37049156888334,-0.608144469359518,0.29877759972509,1.17196115964721,1.83309273168369,2.1038588371114,1.80594599720703,0.761040733247366,-1.20917043349063,-4.28300098173031,-4.28300098173031,-4.28300098173031,-4.28300098173031,-4.28300098173031,-4.28300098173031,-4.28300098173031,-4.28300098173031,-4.28300098173031,-4.28300098173031,-4.28300098173031,-4.28300098173031,-4.28300098173031,-4.28300098173031,-4.28300098173031,-4.28300098173031,-4.28300098173031,-4.28300098173031,-4.28300098173031,-4.28300098173031,-4.28300098173031,7.80877207539471,6.68217269332225,5.55557331124981,4.42897392917736,3.3023745471049,2.17577516503245,1.06631452847829,0.0586404040094095,-0.74693111019462,-1.24289723898168,-1.35024529490031,-1.08838591461941,-0.547283155875627,0.163547414920505,0.858688080839952,1.26409228946091,1.16113054545507,0.496583591424496,-0.637371431954502,-2.03569830988126,-2.03569830988126,-2.03569830988126,-2.03569830988126,-2.03569830988126,-2.03569830988126,-2.03569830988126,-2.03569830988126,-2.03569830988126,-2.03569830988126,-2.03569830988126,-2.03569830988126,-2.03569830988126,-2.03569830988126,-2.03569830988126,-2.03569830988126,-2.03569830988126,-2.03569830988126,-2.03569830988126,-2.03569830988126,-2.03569830988126,1,1,1,1,1,1,1,1,1,1,1,1,1,1,1,1,1,1,1,1,1,1,1,1,1,1,1,1,1,1,1,1,1,1,1,1,1,1,1,1
2.48068685777048,-2.35003410473825,-1.73011973549036,-0.60363354289772,-0.559579227777272,1.34209610188966,-0.0990210747635896,-2.19214805959138,1.39297901904306,0.181146353028959,-2.56875190560859,0.0693183556873223,0.574456144454514,0.889920809456974,-0.990419378788877,-0.228712291795979,0.192707828309565,0.0595173993224893,1.60532906588521,0.924151891384817,0.114709459169296,-0.289979541752031,-0.209083977644935,2.91837516926693,2.8488718253864,0.0853839026165915,1.06310992969727,-2.58195823235564,-0.487206890220966,-2.15403714624519,-0.601380502297008,0.484314975918554,0.672200941372507,-0.00793895352616047,-1.83773017898806,2.13124187954885,1.59972476570935,-0.414561186320629,1.37152896743124,-1.99318787511011,-1.38945544085128,-1.29087849956007,-1.19230155826885,-1.09372461697764,-0.99514767568642,-0.896570734395203,-0.797993793103988,-0.699416851812773,-0.600839910521557,-0.502262969230342,-0.403686027939125,-0.30510908664791,-0.206532145356695,-0.10795520406548,-0.00937826277426268,0.0891986785169507,0.187775619808168,0.286352561099385,0.3849295023906,0.483506443681815,0.483506443681815,0.483506443681815,0.483506443681815,0.483506443681815,0.483506443681815,0.483506443681815,0.483506443681815,0.483506443681815,0.483506443681815,0.483506443681815,0.483506443681815,0.483506443681815,0.483506443681815,0.483506443681815,0.483506443681815,0.483506443681815,0.483506443681815,0.483506443681815,0.483506443681815,0.483506443681815,2.56102545936608,1.57581696146194,0.782828467837271,0.165453864632697,-0.292912962011196,-0.608878125953811,-0.799047741054536,-0.880027921172777,-0.868424780167942,-0.780844431899423,-0.63389299022662,-0.444176569008944,-0.228301282105788,-0.00287324337655193,0.215501433319369,0.41021663412257,0.564666245173637,0.662244152613191,0.686344242581816,0.620360401220125,0.620360401220125,0.620360401220125,0.620360401220125,0.620360401220125,0.620360401220125,0.620360401220125,0.620360401220125,0.620360401220125,0.620360401220125,0.620360401220125,0.620360401220125,0.620360401220125,0.620360401220125,0.620360401220125,0.620360401220125,0.620360401220125,0.620360401220125,0.620360401220125,0.620360401220125,0.620360401220125,-0.370437346989964,-0.410046389001593,-0.449655431013223,-0.489264473024853,-0.528873515036485,-0.568482557048114,-0.606692605420816,-0.638416548599487,-0.663582175407083,-0.676231527405161,-0.658609550196211,-0.597135527694864,-0.489696779883383,-0.335705101579398,-0.13493756822465,0.105373066147861,0.372718319962042,0.653767817524836,0.935459827635558,1.21201943748871,1.21201943748871,1.21201943748871,1.21201943748871,1.21201943748871,1.21201943748871,1.21201943748871,1.21201943748871,1.21201943748871,1.21201943748871,1.21201943748871,1.21201943748871,1.21201943748871,1.21201943748871,1.21201943748871,1.21201943748871,1.21201943748871,1.21201943748871,1.21201943748871,1.21201943748871,1.21201943748871,1,1,1,1,1,1,1,1,1,1,1,1,1,1,1,1,1,1,1,1,1,1,1,1,1,1,1,1,1,1,1,1,1,1,1,1,1,1,1,1
0.289444358326568,0.145658527789714,0.345893132521745,-0.628524726952405,-1.180599447145,-0.0737619824917122,0.896110772222746,-1.69048663714254,-1.77798046837426,3.50539530808657,-0.387347639596481,-1.70858391639823,0.082551262302907,-0.135928450615369,-0.483765782130909,-1.66536973866416,-0.744083561173102,-0.0577680509726992,2.81363756189859,2.0495021661169,-2.03848049593474,-1.81553098791075,-0.116461345860142,-0.630865024333206,0.834083493165947,-0.22081962173516,0.555295492158878,-1.75032211043831,-0.114794058628922,-0.753995130129885,-1.88935429235869,-0.329624002467312,-2.45529897327276,1.09087915097582,0.35777919136404,-0.276189948923454,1.0337043713211,1.61062676615173,2.5812827010625,-1.01420846359183,5.25001378242161,4.76556268644629,4.28111159047097,3.79666049449565,3.31220939852033,2.82775830254501,2.34330720656969,1.85885611059437,1.37440501461904,0.889953918643725,0.405502822668405,-0.0789482733069171,-0.563399369282237,-1.04785046525756,-1.53230156123288,-2.0167526572082,-2.50120375318352,-2.98565484915884,-3.47010594513416,-3.95455704110948,-3.95455704110948,-3.95455704110948,-3.95455704110948,-3.95455704110948,-3.95455704110948,-3.95455704110948,-3.95455704110948,-3.95455704110948,-3.95455704110948,-3.95455704110948,-3.95455704110948,-3.95455704110948,-3.95455704110948,-3.95455704110948,-3.95455704110948,-3.95455704110948,-3.95455704110948,-3.95455704110948,-3.95455704110948,-3.95455704110948,-14.5284470700645,-10.0438763680603,-6.37853890074555,-3.46462318295018,-1.23431772950408,0.380188944762837,1.44670832502066,2.0330518964395,2.20703114418941,2.0364575534405,1.58914260936285,0.93289779712655,0.135534601901696,-0.73513549114163,-1.61130099683333,-2.42515043000334,-3.10887230548154,-3.59465513809785,-3.81468744268217,-3.70115773406443,-3.70115773406443,-3.70115773406443,-3.70115773406443,-3.70115773406443,-3.70115773406443,-3.70115773406443,-3.70115773406443,-3.70115773406443,-3.70115773406443,-3.70115773406443,-3.70115773406443,-3.70115773406443,-3.70115773406443,-3.70115773406443,-3.70115773406443,-3.70115773406443,-3.70115773406443,-3.70115773406443,-3.70115773406443,-3.70115773406443,4.88974258819999,4.44677204513579,4.00380150207161,3.56083095900741,3.11786041594322,2.67488987287903,2.23117331456874,1.78460251505128,1.33831938938851,0.893263532242861,0.443164224386946,-0.0153062172261667,-0.477739436810081,-0.942353660679455,-1.41415990235184,-1.89494601127962,-2.38001953117952,-2.86834092787997,-3.36535613075349,-3.87162354354047,-3.87162354354047,-3.87162354354047,-3.87162354354047,-3.87162354354047,-3.87162354354047,-3.87162354354047,-3.87162354354047,-3.87162354354047,-3.87162354354047,-3.87162354354047,-3.87162354354047,-3.87162354354047,-3.87162354354047,-3.87162354354047,-3.87162354354047,-3.87162354354047,-3.87162354354047,-3.87162354354047,-3.87162354354047,-3.87162354354047,1,1,1,1,1,1,1,1,1,1,1,1,1,1,1,1,1,1,1,1,1,1,1,1,1,1,1,1,1,1,1,1,1,1,1,1,1,1,1,1
0.0839313566700648,0.469306413875149,1.03122981790819,0.549597530795265,0.811078881268787,0.502008734338689,-3.20100101225067,2.47951462154702,-1.1365082393386,-0.359048542523466,0.568251131696625,0.0742398048918034,-0.41513957767876,0.0920615882852189,1.2770569560675,0.665019725167502,-2.55807699897433,0.332349681469855,1.51414282618063,0.76744996067449,-1.97487888880633,-0.0115470976936329,-0.901518394040696,-1.08645357347333,-0.0815956348849838,-0.0584925743235676,1.19234411034665,-3.01893812724184,1.92451315497706,-1.61799195909937,0.313373919108191,1.70070918058492,0.438278179003948,-1.61168272057817,0.553072087743764,-2.63640028311161,-0.791319987565698,-0.944270768098397,-2.77098956962148,2.6060431677045,-0.19054939095339,-0.240298714194197,-0.290048037435004,-0.339797360675811,-0.389546683916619,-0.439296007157425,-0.489045330398232,-0.538794653639041,-0.588543976879848,-0.638293300120655,-0.688042623361461,-0.737791946602268,-0.787541269843075,-0.837290593083882,-0.88703991632469,-0.936789239565496,-0.986538562806302,-1.03628788604711,-1.08603720928792,-1.13578653252873,-1.13578653252873,-1.13578653252873,-1.13578653252873,-1.13578653252873,-1.13578653252873,-1.13578653252873,-1.13578653252873,-1.13578653252873,-1.13578653252873,-1.13578653252873,-1.13578653252873,-1.13578653252873,-1.13578653252873,-1.13578653252873,-1.13578653252873,-1.13578653252873,-1.13578653252873,-1.13578653252873,-1.13578653252873,-1.13578653252873,-34.2018092213377,-24.6091929621137,-16.8306490690355,-10.695869324526,-6.03454551100804,-2.67636941090437,-0.451032806637912,0.811772519368549,1.28235478469211,1.13102220690997,0.52808300359926,-0.356154607662832,-1.35138240929921,-2.28729218373265,-2.99357571338605,-3.29992478068218,-3.03603116804395,-2.03158665789418,-0.116283032655758,2.88018792524856,2.88018792524856,2.88018792524856,2.88018792524856,2.88018792524856,2.88018792524856,2.88018792524856,2.88018792524856,2.88018792524856,2.88018792524856,2.88018792524856,2.88018792524856,2.88018792524856,2.88018792524856,2.88018792524856,2.88018792524856,2.88018792524856,2.88018792524856,2.88018792524856,2.88018792524856,2.88018792524856,-0.0798838895674017,-0.14477615490083,-0.209668420234259,-0.274560685567685,-0.339452950901114,-0.404345216234542,-0.469055636118886,-0.532765247163782,-0.59481681668491,-0.654502248851328,-0.710894133165526,-0.76338338396279,-0.811680854940864,-0.855805252726888,-0.896881483995859,-0.936863049997118,-0.976690767168117,-1.01587892983637,-1.05409174526492,-1.09177657290775,-1.09177657290775,-1.09177657290775,-1.09177657290775,-1.09177657290775,-1.09177657290775,-1.09177657290775,-1.09177657290775,-1.09177657290775,-1.09177657290775,-1.09177657290775,-1.09177657290775,-1.09177657290775,-1.09177657290775,-1.09177657290775,-1.09177657290775,-1.09177657290775,-1.09177657290775,-1.09177657290775,-1.09177657290775,-1.09177657290775,1,1,1,1,1,1,1,1,1,1,1,1,1,1,1,1,1,1,1,1,1,1,1,1,1,1,1,1,1,1,1,1,1,1,1,1,1,1,1,1
0.424228960897211,-0.760116531614599,0.908397488881916,1.48910978900373,-2.03763286529979,-0.444260544896338,-0.769835086446754,2.20124416754406,-0.154228500847434,1.62823486573694,-1.54315075624257,4.15937159357845,2.32642251441087,-0.0326337370140823,0.0727043074175491,-2.54234206334432,-1.37715614009187,1.11408540350232,-1.35205363501322,-1.34149263445204,0.153756286894421,-1.31513982063797,0.488584164751432,0.949886902257816,0.809885812763691,-0.0295036643408206,0.56361931693832,1.16366413569815,-0.082208288764912,-0.433016512062954,-1.45477497001558,1.07782834786401,-0.91047686943635,-2.32189759499877,0.603283944922104,-0.199814675816395,1.07112677647274,0.305929948314343,-0.497687325480934,-1.16361705908323,3.41575514262362,3.00841121165762,2.60106728069161,2.19372334972561,1.7863794187596,1.3790354877936,0.971691556827597,0.564347625861592,0.157003694895588,-0.250340236070418,-0.657684167036424,-1.06502809800243,-1.47237202896843,-1.87971595993444,-2.28705989090044,-2.69440382186645,-3.10174775283245,-3.50909168379846,-3.91643561476446,-4.32377954573046,-4.32377954573046,-4.32377954573046,-4.32377954573046,-4.32377954573046,-4.32377954573046,-4.32377954573046,-4.32377954573046,-4.32377954573046,-4.32377954573046,-4.32377954573046,-4.32377954573046,-4.32377954573046,-4.32377954573046,-4.32377954573046,-4.32377954573046,-4.32377954573046,-4.32377954573046,-4.32377954573046,-4.32377954573046,-4.32377954573046,7.90710749495706,4.83594983928655,2.52800798668274,0.889915524637049,-0.171693959359078,-0.750186877814236,-0.938929643236991,-0.831288668135901,-0.520630365019564,-0.100321146396539,0.336272575224591,0.695784387335253,0.884847877426896,0.810096632990895,0.37816424151875,-0.504315709498169,-1.93070963256843,-3.99438394020061,-6.78870504490326,-10.4070393591849,-10.4070393591849,-10.4070393591849,-10.4070393591849,-10.4070393591849,-10.4070393591849,-10.4070393591849,-10.4070393591849,-10.4070393591849,-10.4070393591849,-10.4070393591849,-10.4070393591849,-10.4070393591849,-10.4070393591849,-10.4070393591849,-10.4070393591849,-10.4070393591849,-10.4070393591849,-10.4070393591849,-10.4070393591849,-10.4070393591849,4.22046805480837,3.41367625844951,2.60688446209065,1.80009266573177,0.993300869372881,0.186509073014001,-0.549881798831747,-0.925709561498307,-0.860201570646652,-0.444707642659987,0.241653500779055,0.948457582179005,1.19046255056002,0.661675569333124,-0.450346538613864,-1.72334040365714,-2.96417461994038,-4.33151750350278,-6.04784250491921,-8.06595218465843,-8.06595218465843,-8.06595218465843,-8.06595218465843,-8.06595218465843,-8.06595218465843,-8.06595218465843,-8.06595218465843,-8.06595218465843,-8.06595218465843,-8.06595218465843,-8.06595218465843,-8.06595218465843,-8.06595218465843,-8.06595218465843,-8.06595218465843,-8.06595218465843,-8.06595218465843,-8.06595218465843,-8.06595218465843,-8.06595218465843,1,1,1,1,1,1,1,1,1,1,1,1,1,1,1,1,1,1,1,0,0,0,0,0,0,0,0,0,0,0,0,0,0,0,0,0,0,0,0,0
0.400540597773034,-0.339586235254031,0.730195388771547,2.29718542512178,0.276866040542108,0.626858893866508,-0.661603097625923,-0.884909844781879,0.365528429627558,0.835201192804835,-1.19345867786542,1.56382810234555,-0.753187393008957,-0.137226853369691,0.778672710349335,-0.0366290084170746,1.63612192931356,-0.276734965650567,-1.09729352376523,-2.3388660151616,-0.738483231100851,-1.01484766780996,-1.03467825845122,-1.00735932018682,-0.595839785635091,2.99398806669393,-1.06040847814921,3.93680263668561,-2.43791607566799,-0.888170069104323,-0.910711331684427,-3.58915199170225,-1.25587517873025,0.479303610853503,0.184162803434313,0.160200810924827,-0.727095924738645,-1.35331657358317,0.314723339352913,-1.88093936256214,-1.3107991484671,-1.12485163259903,-0.938904116730963,-0.752956600862894,-0.567009084994825,-0.381061569126755,-0.195114053258687,-0.00916653739061779,0.176780978477453,0.36272849434552,0.54867601021359,0.734623526081659,0.92057104194973,1.1065185578178,1.29246607368587,1.47841358955394,1.664361105422,1.85030862129007,2.03625613715814,2.22220365302621,2.22220365302621,2.22220365302621,2.22220365302621,2.22220365302621,2.22220365302621,2.22220365302621,2.22220365302621,2.22220365302621,2.22220365302621,2.22220365302621,2.22220365302621,2.22220365302621,2.22220365302621,2.22220365302621,2.22220365302621,2.22220365302621,2.22220365302621,2.22220365302621,2.22220365302621,2.22220365302621,12.8878281971472,9.04941094403453,5.96034991361415,3.55158039653404,1.75403768344216,0.498657064986463,-0.283626168185057,-0.661876725424431,-0.705159316083696,-0.482538649514876,-0.063079435070005,0.484153617898885,1.09009580003978,1.68568240200064,2.20184871442943,2.56953002797413,2.71966163328271,2.58317882100314,2.09101688178339,1.17411110627142,1.17411110627142,1.17411110627142,1.17411110627142,1.17411110627142,1.17411110627142,1.17411110627142,1.17411110627142,1.17411110627142,1.17411110627142,1.17411110627142,1.17411110627142,1.17411110627142,1.17411110627142,1.17411110627142,1.17411110627142,1.17411110627142,1.17411110627142,1.17411110627142,1.17411110627142,1.17411110627142,-0.538388381473553,-0.501615687347434,-0.464842993221329,-0.428070299095218,-0.391297604969107,-0.354524910842997,-0.316566286618563,-0.264125757958915,-0.155088497763067,0.0453182530919971,0.338722571941847,0.70911457004831,1.1206728839409,1.51477715098326,1.8446326603831,2.08080824876428,2.17916698234452,2.11190206876634,1.92554963223077,1.69885812338303,1.69885812338303,1.69885812338303,1.69885812338303,1.69885812338303,1.69885812338303,1.69885812338303,1.69885812338303,1.69885812338303,1.69885812338303,1.69885812338303,1.69885812338303,1.69885812338303,1.69885812338303,1.69885812338303,1.69885812338303,1.69885812338303,1.69885812338303,1.69885812338303,1.69885812338303,1.69885812338303,1,1,1,1,1,1,1,1,1,1,1,1,1,1,1,1,1,1,1,1,1,1,1,1,1,1,1,1,1,1,1,1,1,1,1,1,1,1,1,1
-1.4037577468499,0.682380623300351,0.12019394430351,0.120888564730518,0.327446981324347,-0.220407366886391,1.25716132065155,0.34219150751912,-0.758733003437712,0.61430292018284,0.392475853290465,-0.486627536008729,-0.10649357432265,2.21149855236703,-0.54184476112262,0.680081638312215,-0.663866824621927,-2.83707775572803,0.737654573031145,1.97097492522306,1.88054449674059,-0.524440369831641,-0.956623284261239,1.64201140457146,-0.061993053176268,0.2693468455094,1.54367780297553,-0.594620786978256,0.801612087444624,0.0960222919342542,-3.12940146844908,-0.873262729998512,-0.546675792969967,-2.74390103036257,-0.95669768924933,0.446453365950422,1.0482983531824,1.67846909666645,-1.29109663371825,0.0162344458769539,1.43274576807242,1.30004526245088,1.16734475682934,1.0346442512078,0.901943745586262,0.769243239964724,0.636542734343186,0.503842228721648,0.371141723100109,0.238441217478572,0.105740711857033,-0.0269597937645045,-0.159660299386044,-0.292360805007581,-0.42506131062912,-0.557761816250657,-0.690462321872198,-0.823162827493736,-0.955863333115277,-1.08856383873681,-1.08856383873681,-1.08856383873681,-1.08856383873681,-1.08856383873681,-1.08856383873681,-1.08856383873681,-1.08856383873681,-1.08856383873681,-1.08856383873681,-1.08856383873681,-1.08856383873681,-1.08856383873681,-1.08856383873681,-1.08856383873681,-1.08856383873681,-1.08856383873681,-1.08856383873681,-1.08856383873681,-1.08856383873681,-1.08856383873681,10.2829356831728,7.94203755671074,5.95842640766119,4.30351888833961,2.94873165106138,1.86548134814192,1.02518463189661,0.399258154640851,-0.0408814313099395,-0.323817473640378,-0.478133320035056,-0.532412318178585,-0.515237815755548,-0.455193160450559,-0.380861699948218,-0.320826781933123,-0.303671754089873,-0.357979964103066,-0.512334759657303,-0.795319488437178,-0.795319488437178,-0.795319488437178,-0.795319488437178,-0.795319488437178,-0.795319488437178,-0.795319488437178,-0.795319488437178,-0.795319488437178,-0.795319488437178,-0.795319488437178,-0.795319488437178,-0.795319488437178,-0.795319488437178,-0.795319488437178,-0.795319488437178,-0.795319488437178,-0.795319488437178,-0.795319488437178,-0.795319488437178,-0.795319488437178,4.40249084711492,3.87750071639039,3.35251058566586,2.82752045494134,2.30253032421682,1.77754019349229,1.25161023312294,0.72292329410277,0.206653616483701,-0.250516318766387,-0.589450919215798,-0.780625282853173,-0.838434399548987,-0.799570795074992,-0.701892533649268,-0.57427529777172,-0.430287715940372,-0.274601496142068,-0.115130597613588,0.0414334266685756,0.0414334266685756,0.0414334266685756,0.0414334266685756,0.0414334266685756,0.0414334266685756,0.0414334266685756,0.0414334266685756,0.0414334266685756,0.0414334266685756,0.0414334266685756,0.0414334266685756,0.0414334266685756,0.0414334266685756,0.0414334266685756,0.0414334266685756,0.0414334266685756,0.0414334266685756,0.0414334266685756,0.0414334266685756,0.0414334266685756,1,1,1,1,1,1,1,1,1,1,1,1,1,1,1,1,1,1,1,1,1,1,1,1,1,1,1,1,1,1,1,1,1,1,1,1,1,1,1,1
-0.924463669319927,-2.11510697868619,-0.483958898642369,-1.33994599087613,-1.4902472418339,0.189347955501666,-0.0923025386869467,-1.60063240869819,-0.272300187884195,2.36641886722184,0.803631489821031,0.502667476732709,0.314580850336682,-1.17317315975952,0.969015037484763,-0.615361386338598,-1.68309460272534,-0.0707091309215571,-0.327751134811635,-1.16197079277162,-0.791706452939843,1.60743222084441,3.30657219700493,1.15221446310787,0.875699692100094,1.14078631725975,-0.35176069989005,0.867118560466411,2.26063205310926,-1.65749778040349,-0.732191039309209,-3.59126396670847,-1.61014957705311,-0.439731031184266,1.27476850699245,-0.0222172027642227,0.601096414254716,-0.468879842880272,-0.617270976279034,0.690661860975199,3.91962015900403,3.4639240568308,3.00822795465756,2.55253185248433,2.0968357503111,1.64113964813786,1.18544354596463,0.729747443791394,0.27405134161816,-0.181644760555075,-0.637340862728308,-1.09303696490154,-1.54873306707478,-2.00442916924801,-2.46012527142124,-2.91582137359448,-3.37151747576771,-3.82721357794094,-4.28290968011418,-4.73860578228741,-4.73860578228741,-4.73860578228741,-4.73860578228741,-4.73860578228741,-4.73860578228741,-4.73860578228741,-4.73860578228741,-4.73860578228741,-4.73860578228741,-4.73860578228741,-4.73860578228741,-4.73860578228741,-4.73860578228741,-4.73860578228741,-4.73860578228741,-4.73860578228741,-4.73860578228741,-4.73860578228741,-4.73860578228741,-4.73860578228741,12.0042884102799,9.52734713402916,7.37341049029814,5.51731318331,3.93388991728791,2.59797539645503,1.48440432503452,0.568011407249516,-0.176368652676812,-0.773901150521297,-1.2497513820608,-1.62908464307215,-1.9370662293322,-2.1988614366178,-2.43963556070579,-2.684553897373,-2.95878174239627,-3.28748439155248,-3.69582714061843,-4.20897528537097,-4.20897528537097,-4.20897528537097,-4.20897528537097,-4.20897528537097,-4.20897528537097,-4.20897528537097,-4.20897528537097,-4.20897528537097,-4.20897528537097,-4.20897528537097,-4.20897528537097,-4.20897528537097,-4.20897528537097,-4.20897528537097,-4.20897528537097,-4.20897528537097,-4.20897528537097,-4.20897528537097,-4.20897528537097,-4.20897528537097,5.86458156850169,5.04703889802314,4.22949622754454,3.41195355706595,2.59441088658736,1.77686821610878,1.02703829856092,0.618444164072036,0.555342627112729,0.467082026208027,-0.0370640050842272,-1.00584385928408,-2.10505952427279,-2.93882303686995,-3.39872567832651,-3.62513179092562,-3.71226839192595,-3.64341477259225,-3.44796624118324,-3.20980135425317,-3.20980135425317,-3.20980135425317,-3.20980135425317,-3.20980135425317,-3.20980135425317,-3.20980135425317,-3.20980135425317,-3.20980135425317,-3.20980135425317,-3.20980135425317,-3.20980135425317,-3.20980135425317,-3.20980135425317,-3.20980135425317,-3.20980135425317,-3.20980135425317,-3.20980135425317,-3.20980135425317,-3.20980135425317,-3.20980135425317,1,1,1,1,1,1,1,1,1,1,1,1,1,1,1,1,1,1,1,1,1,1,1,1,1,1,1,1,1,1,1,1,1,1,1,1,1,1,1,1
-0.769594037243523,1.27279683341136,0.265791042534866,0.670745489352899,0.412509973507745,0.230968777076847,-1.66145450474037,1.24419812302081,3.98368210683375,0.235014703288192,0.551565291599559,0.245380087859644,-0.0445372805727917,0.331264338415025,-0.008469554097978,0.508312273536548,-0.589582649542871,1.66683112951801,-2.2229876526577,-0.998789183327293,-0.636793359980308,-1.49302488082509,-0.411954401862653,-2.23598876377397,-2.93762606973318,-1.85961903085907,1.56648918882984,-0.122014243400153,0.212613666650917,3.70262738186951,2.50302237384927,0.587068773262455,0.785903900703223,1.10411149827607,-2.41584228607704,-1.52776175362926,1.4780798603994,0.630987114206574,2.59287553633976,0.377380102616232,-1.59064746551569,-1.46063207613254,-1.33061668674938,-1.20060129736623,-1.07058590798308,-0.940570518599923,-0.810555129216772,-0.68053973983362,-0.550524350450467,-0.420508961067315,-0.290493571684161,-0.160478182301008,-0.0304627929178558,0.0995525964652977,0.229567985848449,0.359583375231605,0.489598764614758,0.619614153997912,0.749629543381063,0.879644932764215,0.879644932764215,0.879644932764215,0.879644932764215,0.879644932764215,0.879644932764215,0.879644932764215,0.879644932764215,0.879644932764215,0.879644932764215,0.879644932764215,0.879644932764215,0.879644932764215,0.879644932764215,0.879644932764215,0.879644932764215,0.879644932764215,0.879644932764215,0.879644932764215,0.879644932764215,0.879644932764215,6.7373007232916,3.84507726177402,1.63588169441035,0.0368630752710004,-1.02482954157356,-1.62204710205292,-1.82764055209663,-1.71446083763423,-1.35535890459532,-0.823185698909425,-0.190792166506141,0.468970746684978,1.08325209473437,1.57920093171248,1.88396631168977,1.92469728873659,1.62854291692347,0.922652250320859,-0.265825657000867,-2.00974175097124,-2.00974175097124,-2.00974175097124,-2.00974175097124,-2.00974175097124,-2.00974175097124,-2.00974175097124,-2.00974175097124,-2.00974175097124,-2.00974175097124,-2.00974175097124,-2.00974175097124,-2.00974175097124,-2.00974175097124,-2.00974175097124,-2.00974175097124,-2.00974175097124,-2.00974175097124,-2.00974175097124,-2.00974175097124,-2.00974175097124,-7.51001478456956,-6.54214652216218,-5.5742782597548,-4.60640999734742,-3.63854173494003,-2.67067347253265,-1.72958361108408,-0.93841290324449,-0.377862828253662,-8.76346470306544e-05,0.308223228900417,0.605914880415016,0.870353576080987,1.06971374960321,1.1937600294172,1.19470925041536,0.959037904647415,0.389530579115668,-0.493090593805306,-1.54941983201899,-1.54941983201899,-1.54941983201899,-1.54941983201899,-1.54941983201899,-1.54941983201899,-1.54941983201899,-1.54941983201899,-1.54941983201899,-1.54941983201899,-1.54941983201899,-1.54941983201899,-1.54941983201899,-1.54941983201899,-1.54941983201899,-1.54941983201899,-1.54941983201899,-1.54941983201899,-1.54941983201899,-1.54941983201899,-1.54941983201899,1,1,1,1,1,1,1,1,1,1,1,1,1,1,1,1,1,1,1,1,1,1,1,1,1,1,1,1,1,1,1,1,1,1,1,1,1,1,1,1
-0.247866570245603,-0.104191860037969,-1.22340677691551,-0.920564111285315,2.46838838338874,-1.42794411053625,0.75834581240623,-0.529867314644167,2.29596579649396,0.708771284149501,-0.243499621656387,-0.0224561126091221,1.02438455626954,0.970658711682916,-2.15805364807769,-0.727110111695424,0.497653694297004,-1.080513626407,-0.331564774214112,-0.123676453918467,1.56781483534161,0.401292979368527,2.6119383100484,0.00554339002151671,-0.799263650670126,0.416790071599893,0.730359465071793,-1.47219209339593,0.284587170561728,0.996421395729559,0.124537381914584,0.0151297635710836,-0.560438966835733,-1.62628084008238,0.1161685074978,1.99932396011343,-1.31744663282128,1.53492971495395,1.06248686401859,-1.40480282480971,0.54633627736204,0.416309764395778,0.286283251429514,0.15625673846325,0.0262302254969882,-0.103796287469276,-0.233822800435539,-0.363849313401803,-0.493875826368065,-0.623902339334331,-0.753928852300593,-0.883955365266857,-1.01398187823312,-1.14400839119938,-1.27403490416565,-1.40406141713191,-1.53408793009817,-1.66411444306444,-1.7941409560307,-1.92416746899696,-1.92416746899696,-1.92416746899696,-1.92416746899696,-1.92416746899696,-1.92416746899696,-1.92416746899696,-1.92416746899696,-1.92416746899696,-1.92416746899696,-1.92416746899696,-1.92416746899696,-1.92416746899696,-1.92416746899696,-1.92416746899696,-1.92416746899696,-1.92416746899696,-1.92416746899696,-1.92416746899696,-1.92416746899696,-1.92416746899696,12.6048111967277,9.24556590324837,6.45426890756858,4.18094596996963,2.37562285073288,0.988325310139679,-0.0309208915286066,-0.732089993990614,-1.16515623696504,-1.38009386017048,-1.42687710332558,-1.35548020614905,-1.21587740835946,-1.05804294967553,-0.931951069815796,-0.887576008499021,-0.974892005443811,-1.24387330036883,-1.74449413299264,-2.526728743034,-2.526728743034,-2.526728743034,-2.526728743034,-2.526728743034,-2.526728743034,-2.526728743034,-2.526728743034,-2.526728743034,-2.526728743034,-2.526728743034,-2.526728743034,-2.526728743034,-2.526728743034,-2.526728743034,-2.526728743034,-2.526728743034,-2.526728743034,-2.526728743034,-2.526728743034,-2.526728743034,-1.24286190686975,-1.0797977423699,-0.916733577870047,-0.753669413370201,-0.590605248870354,-0.427541084370506,-0.268597117800708,-0.146528249141905,-0.142744978682762,-0.31490114921889,-0.629077008970425,-1.00144664023128,-1.36600545322169,-1.66586494949392,-1.82860157120331,-1.80669416577299,-1.62455302956639,-1.35179434908166,-1.0434206291958,-0.723517870905946,-0.723517870905946,-0.723517870905946,-0.723517870905946,-0.723517870905946,-0.723517870905946,-0.723517870905946,-0.723517870905946,-0.723517870905946,-0.723517870905946,-0.723517870905946,-0.723517870905946,-0.723517870905946,-0.723517870905946,-0.723517870905946,-0.723517870905946,-0.723517870905946,-0.723517870905946,-0.723517870905946,-0.723517870905946,-0.723517870905946,1,1,1,1,1,1,1,1,1,1,1,1,1,1,1,1,1,1,1,1,1,1,1,1,1,1,1,1,1,1,1,1,1,1,1,1,1,1,1,1
2.20904379701456,-0.267400950557297,-2.29400114133083,-1.56632712743027,-0.423836226995805,-0.694411456751735,0.701766889966098,-0.144980175109158,-2.64795343225671,0.0613731288265882,-1.19662546640587,-0.0169881140797514,0.167655913781479,0.0917837812372913,0.663665051265452,0.0112635316665202,1.68300122747529,0.753620946887661,1.44139511367136,-1.99050832659917,2.42982641027049,0.836907200429144,-0.0281735529617695,-0.685688005310926,-2.30261657815827,1.02112903967514,-1.39970626065388,-1.03251596786313,0.242600762468863,2.8060895974248,-1.27216184982311,2.60822790998553,3.46990847608736,0.909072044698231,-0.498730024152099,-0.0789209982805694,2.84076588492501,2.06145638552733,0.25040761698973,0.917640046844769,-0.0504397253380153,0.0100345247823643,0.0705087749027431,0.130983025023123,0.191457275143502,0.251931525263881,0.31240577538426,0.372880025504639,0.433354275625019,0.493828525745396,0.554302775865777,0.614777025986156,0.675251276106534,0.735725526226915,0.796199776347294,0.856674026467674,0.917148276588053,0.977622526708432,1.03809677682881,1.09857102694919,1.09857102694919,1.09857102694919,1.09857102694919,1.09857102694919,1.09857102694919,1.09857102694919,1.09857102694919,1.09857102694919,1.09857102694919,1.09857102694919,1.09857102694919,1.09857102694919,1.09857102694919,1.09857102694919,1.09857102694919,1.09857102694919,1.09857102694919,1.09857102694919,1.09857102694919,1.09857102694919,6.02162923512537,5.15135421611159,4.30587856135895,3.49531279528425,2.7297674423043,2.0193530268359,1.37418007329586,0.804359106100991,0.320000649668099,-0.0687847715860102,-0.351886633244529,-0.519194410890648,-0.560597580107567,-0.465985616478472,-0.225247995586557,0.171725806984984,0.73504631565296,1.47482405483417,2.40116954894544,3.52419332240355,3.52419332240355,3.52419332240355,3.52419332240355,3.52419332240355,3.52419332240355,3.52419332240355,3.52419332240355,3.52419332240355,3.52419332240355,3.52419332240355,3.52419332240355,3.52419332240355,3.52419332240355,3.52419332240355,3.52419332240355,3.52419332240355,3.52419332240355,3.52419332240355,3.52419332240355,3.52419332240355,-1.29613348491993,-0.883974005976888,-0.471814527033823,-0.0596550480907974,0.352504430852274,0.764663909795269,1.03399666111172,0.60907302396576,-0.34178087361917,-0.705086149082176,0.25269300289334,1.70396942129299,2.08908111705045,1.02912045247741,-0.328160859278109,-0.830209132752886,-0.390329179279373,0.529271199447761,1.69059763478935,3.02269204392725,3.02269204392725,3.02269204392725,3.02269204392725,3.02269204392725,3.02269204392725,3.02269204392725,3.02269204392725,3.02269204392725,3.02269204392725,3.02269204392725,3.02269204392725,3.02269204392725,3.02269204392725,3.02269204392725,3.02269204392725,3.02269204392725,3.02269204392725,3.02269204392725,3.02269204392725,3.02269204392725,1,1,1,1,1,1,1,1,1,1,1,1,1,1,1,1,1,1,1,1,1,1,1,1,1,1,1,1,1,1,1,1,1,1,1,1,1,1,1,1
0.029547674755726,-0.740171999931886,0.408155316474395,0.10926869910756,-0.290144705592082,0.680284836959807,0.12589271877269,-0.466180961433741,-0.862304535816238,1.18141637003653,0.0573135540843044,-0.425669730297487,1.07871750582955,-4.13571909459116,-0.37766057821297,-1.74995334448338,0.976139078646961,0.810915952298036,-3.45227529189085,2.2476021379606,-0.310860789908899,-1.02620007239015,1.2166833404626,-0.541663379955919,1.2613347963747,-0.897741625807649,1.3735411217098,-0.53121091491909,0.252581891580974,0.621497679065241,0.4053957575782,-0.819643985867312,-0.0965933957268827,1.80355819127419,0.604783879512755,-1.61371070957031,0.378557662442731,0.719173510549915,0.286695244951993,-0.813825500708948,0.108780727321226,0.132872839065642,0.156964950810061,0.18105706255448,0.205149174298896,0.229241286043314,0.253333397787733,0.277425509532149,0.301517621276567,0.325609733020986,0.349701844765404,0.37379395650982,0.397886068254238,0.421978179998659,0.446070291743077,0.470162403487492,0.494254515231912,0.51834662697633,0.542438738720746,0.566530850465162,0.566530850465162,0.566530850465162,0.566530850465162,0.566530850465162,0.566530850465162,0.566530850465162,0.566530850465162,0.566530850465162,0.566530850465162,0.566530850465162,0.566530850465162,0.566530850465162,0.566530850465162,0.566530850465162,0.566530850465162,0.566530850465162,0.566530850465162,0.566530850465162,0.566530850465162,0.566530850465162,-2.11543853156204,-2.08499129918459,-1.94829993784778,-1.72332299097983,-1.42801900200894,-1.08034651436329,-0.698264071471105,-0.29973021676058,0.097296506340081,0.474857554402682,0.814994383999016,1.09974845170088,1.31116121408008,1.4312741277084,1.44212864915765,1.32576623499962,1.06422834180611,0.639556426148921,0.0337919445998551,-0.771023646269301,-0.771023646269301,-0.771023646269301,-0.771023646269301,-0.771023646269301,-0.771023646269301,-0.771023646269301,-0.771023646269301,-0.771023646269301,-0.771023646269301,-0.771023646269301,-0.771023646269301,-0.771023646269301,-0.771023646269301,-0.771023646269301,-0.771023646269301,-0.771023646269301,-0.771023646269301,-0.771023646269301,-0.771023646269301,-0.771023646269301,-6.51949876009806,-5.46991332515779,-4.4203278902176,-3.37074245527735,-2.32115702033711,-1.27157158539688,-0.296125349968289,0.302757417418144,0.48838612853222,0.542283920987728,0.693752169607491,0.936538545557758,1.15347923246206,1.25260018243471,1.17004821464135,0.862919095097984,0.396124819408909,0.00280575265399463,-0.0795208127614231,0.12198538616518,0.12198538616518,0.12198538616518,0.12198538616518,0.12198538616518,0.12198538616518,0.12198538616518,0.12198538616518,0.12198538616518,0.12198538616518,0.12198538616518,0.12198538616518,0.12198538616518,0.12198538616518,0.12198538616518,0.12198538616518,0.12198538616518,0.12198538616518,0.12198538616518,0.12198538616518,0.12198538616518,1,1,1,1,1,1,1,1,1,1,1,1,1,1,1,1,1,1,1,1,1,1,1,1,1,1,1,1,1,1,1,1,1,1,1,1,1,1,1,1
-0.209656233822879,1.13361743360301,0.977929544498542,-0.00936953760308956,2.69223128181812,-0.0739469315099006,2.31166893018178,-3.15466634806702,-3.07895554622278,-1.31692591361608,-0.404388837339393,0.691187735968889,-0.324740598771909,-0.213400489884076,1.03931072181051,-0.460932051528513,0.59289729491822,1.1244972512539,0.767164548252302,0.950064855148923,-1.09045204863603,1.31453004097242,-0.177612893213087,-0.464028642335832,0.577162858373306,1.57594626931733,-1.45249586531981,0.732898512668751,0.273625982968477,-0.289922084949898,-1.54523651705303,-2.30465335013106,0.61605409316498,-1.69059045060254,1.26927145165287,-1.36538060441451,-2.57082364128606,-0.0250596152902762,0.420342872463923,1.76785714235887,-2.0723774176419,-1.97690863172631,-1.88143984581072,-1.78597105989513,-1.69050227397954,-1.59503348806395,-1.49956470214835,-1.40409591623276,-1.30862713031717,-1.21315834440158,-1.11768955848599,-1.0222207725704,-0.926751986654809,-0.831283200739215,-0.735814414823626,-0.640345628908035,-0.544876842992441,-0.449408057076852,-0.353939271161261,-0.25847048524567,-0.25847048524567,-0.25847048524567,-0.25847048524567,-0.25847048524567,-0.25847048524567,-0.25847048524567,-0.25847048524567,-0.25847048524567,-0.25847048524567,-0.25847048524567,-0.25847048524567,-0.25847048524567,-0.25847048524567,-0.25847048524567,-0.25847048524567,-0.25847048524567,-0.25847048524567,-0.25847048524567,-0.25847048524567,-0.25847048524567,-10.8851668215136,-8.5367267868245,-6.56416983872739,-4.9362020713019,-3.62152957862763,-2.58885845478416,-1.80689479385109,-1.24434468990802,-0.86991423703452,-0.652309529310211,-0.560236660814686,-0.562401725627511,-0.627510817828313,-0.72427003149663,-0.821385460712126,-0.887563199554362,-0.891509342102907,-0.801929982437411,-0.587531214637423,-0.217019132782527,-0.217019132782527,-0.217019132782527,-0.217019132782527,-0.217019132782527,-0.217019132782527,-0.217019132782527,-0.217019132782527,-0.217019132782527,-0.217019132782527,-0.217019132782527,-0.217019132782527,-0.217019132782527,-0.217019132782527,-0.217019132782527,-0.217019132782527,-0.217019132782527,-0.217019132782527,-0.217019132782527,-0.217019132782527,-0.217019132782527,-1.66687399643251,-1.62949244084583,-1.59211088525915,-1.55472932967247,-1.51734777408579,-1.47996621849911,-1.44157297975307,-1.3970369099851,-1.34075511219647,-1.27133423245757,-1.19196873847322,-1.10551864441203,-1.0104021937902,-0.902895669499154,-0.781820211863504,-0.648525377228596,-0.503830366555185,-0.348188704284041,-0.184214468541459,-0.0163423053566252,-0.0163423053566252,-0.0163423053566252,-0.0163423053566252,-0.0163423053566252,-0.0163423053566252,-0.0163423053566252,-0.0163423053566252,-0.0163423053566252,-0.0163423053566252,-0.0163423053566252,-0.0163423053566252,-0.0163423053566252,-0.0163423053566252,-0.0163423053566252,-0.0163423053566252,-0.0163423053566252,-0.0163423053566252,-0.0163423053566252,-0.0163423053566252,-0.0163423053566252,1,1,1,1,1,1,1,1,1,1,1,1,1,1,1,1,1,1,1,1,1,1,1,1,1,1,1,1,1,1,1,1,1,1,1,1,1,1,1,1
1.45223574740173,0.992503678448799,-0.0862768698632452,-1.9775126001389,-0.803548675260368,0.858777263941306,0.88492458580089,2.09530028752926,-1.45082553852983,-0.157850861720584,0.220033711907943,3.16281433701365,1.09172557766104,2.15043958295863,-2.07550765497817,-2.01106136634143,2.9250230783737,-0.472514548960328,-1.0149489836439,-0.403529712475049,0.0860534612021375,-0.778581349591622,-1.20431399025404,-0.691235139254362,-1.59876308594293,1.34305365383036,-1.74545731875693,1.83250323848707,-0.467526232670085,-2.4424236973236,-2.36183843058483,-2.17296836407039,-1.44834518017786,-0.0138602196947719,0.791746134805313,0.00216244819499778,0.383537250286112,0.367478217751723,1.10146296891628,-0.8996879710157,0.687148199298321,0.69214631540175,0.69714443150518,0.702142547608609,0.707140663712037,0.712138779815467,0.717136895918895,0.722135012022324,0.727133128125756,0.732131244229183,0.737129360332611,0.742127476436041,0.74712559253947,0.752123708642898,0.757121824746326,0.762119940849759,0.767118056953185,0.772116173056615,0.777114289160046,0.782112405263474,0.782112405263474,0.782112405263474,0.782112405263474,0.782112405263474,0.782112405263474,0.782112405263474,0.782112405263474,0.782112405263474,0.782112405263474,0.782112405263474,0.782112405263474,0.782112405263474,0.782112405263474,0.782112405263474,0.782112405263474,0.782112405263474,0.782112405263474,0.782112405263474,0.782112405263474,0.782112405263474,-9.1734247787033,-7.28918027639337,-5.59342589567584,-4.0813286443552,-2.74805553023597,-1.58877356112263,-0.598649744819695,0.227148910868348,0.893455398136989,1.40510270918174,1.7669238361981,1.98375177138156,2.06041950692762,2.0017600350318,1.81260634788958,1.49779143769647,1.06214829664796,0.51050991693957,-0.152290709233215,-0.921420589674886,-0.921420589674886,-0.921420589674886,-0.921420589674886,-0.921420589674886,-0.921420589674886,-0.921420589674886,-0.921420589674886,-0.921420589674886,-0.921420589674886,-0.921420589674886,-0.921420589674886,-0.921420589674886,-0.921420589674886,-0.921420589674886,-0.921420589674886,-0.921420589674886,-0.921420589674886,-0.921420589674886,-0.921420589674886,-0.921420589674886,-2.76508564397563,-2.33478078666665,-1.90447592935769,-1.47417107204873,-1.04386621473975,-0.613561357430783,-0.18360235725279,0.240489401974415,0.638358157985474,0.993483881619545,1.30900053812884,1.58218521847725,1.77456070407036,1.83667160123692,1.74954202720244,1.50948338664885,1.10109391429058,0.534596342880038,-0.12116421788871,-0.795475457519547,-0.795475457519547,-0.795475457519547,-0.795475457519547,-0.795475457519547,-0.795475457519547,-0.795475457519547,-0.795475457519547,-0.795475457519547,-0.795475457519547,-0.795475457519547,-0.795475457519547,-0.795475457519547,-0.795475457519547,-0.795475457519547,-0.795475457519547,-0.795475457519547,-0.795475457519547,-0.795475457519547,-0.795475457519547,-0.795475457519547,1,1,1,1,1,1,1,1,1,1,1,1,1,1,1,1,1,1,1,1,1,1,1,1,1,1,1,1,1,1,1,1,1,1,1,1,1,1,1,1
1.84319909037462,0.819747967833414,0.821471815842755,0.991204179195961,1.11115991970208,0.424058390513842,-1.10064028965204,-2.09371641961467,0.572478829977866,0.938126368468678,-1.26371623872479,-0.560612951797964,1.56982066525224,-1.98358377464595,1.14479108287261,-1.86227537396246,1.2398389983834,-0.159489057927845,-1.3557726411005,-1.0971979034661,-1.51078538214715,-2.04886451460459,-1.09504969995813,-0.793475281651951,-1.38415208324172,-0.751314151957745,-1.59594561059794,-1.42218626372855,-0.442494308963665,-1.44264016188996,0.541207621292124,3.76078467264238,-0.494439196514122,0.513108815121836,-2.59605685061427,-1.47604944224309,1.73473961137853,1.51063883982445,-0.804318488285928,0.652602530837031,0.190255314515905,0.1540279546502,0.117800594784493,0.0815732349187872,0.04534587505308,0.00911851518737272,-0.027108844678331,-0.0633362045440364,-0.0995635644097437,-0.135790924275451,-0.172018284141156,-0.208245644006862,-0.244473003872566,-0.280700363738275,-0.31692772360398,-0.353155083469684,-0.389382443335393,-0.425609803201096,-0.461837163066804,-0.498064522932509,-0.498064522932509,-0.498064522932509,-0.498064522932509,-0.498064522932509,-0.498064522932509,-0.498064522932509,-0.498064522932509,-0.498064522932509,-0.498064522932509,-0.498064522932509,-0.498064522932509,-0.498064522932509,-0.498064522932509,-0.498064522932509,-0.498064522932509,-0.498064522932509,-0.498064522932509,-0.498064522932509,-0.498064522932509,-0.498064522932509,7.4643506410736,5.33186984940555,3.59897243032187,2.22778920661493,1.1804510010771,0.419088636500733,-0.0941670643217911,-0.397185278598107,-0.527835183535846,-0.523985956342647,-0.423506774226142,-0.264266814393963,-0.084135254053729,0.0790187295869131,0.187325959320336,0.202917257938896,0.0879234482349798,-0.195524646999072,-0.685296204970864,-1.41926040288803,-1.41926040288803,-1.41926040288803,-1.41926040288803,-1.41926040288803,-1.41926040288803,-1.41926040288803,-1.41926040288803,-1.41926040288803,-1.41926040288803,-1.41926040288803,-1.41926040288803,-1.41926040288803,-1.41926040288803,-1.41926040288803,-1.41926040288803,-1.41926040288803,-1.41926040288803,-1.41926040288803,-1.41926040288803,-1.41926040288803,0.188467485751538,0.152470147420952,0.116472809090364,0.0804754707597786,0.0444781324291945,0.00848079409860603,-0.0275152170386921,-0.0635075534137641,-0.0995122151868166,-0.135556840212649,-0.171656788970973,-0.207809138851438,-0.244009208747309,-0.280263813860582,-0.316585285520198,-0.352976786305335,-0.389425276988863,-0.425906548470644,-0.462397507021613,-0.49888719601544,-0.49888719601544,-0.49888719601544,-0.49888719601544,-0.49888719601544,-0.49888719601544,-0.49888719601544,-0.49888719601544,-0.49888719601544,-0.49888719601544,-0.49888719601544,-0.49888719601544,-0.49888719601544,-0.49888719601544,-0.49888719601544,-0.49888719601544,-0.49888719601544,-0.49888719601544,-0.49888719601544,-0.49888719601544,-0.49888719601544,1,1,1,1,1,1,1,1,1,1,1,1,1,1,1,1,1,1,1,1,1,1,1,1,1,1,1,1,1,1,1,1,1,1,1,1,1,1,1,1
0.159138062954499,0.970133640966108,2.52600660923659,0.493011880781168,1.56592780849426,-0.50121420206736,-0.163817672101898,-1.20551827460928,-1.3375129448732,-3.08986341043509,0.728398048613466,-1.07318155154254,1.69611684801857,1.57246632180518,0.477599061262579,-0.660089685788563,-0.527973305557836,-0.163097342616354,1.38855728836305,0.681689152829748,2.24950775867417,3.07479246776707,0.673331857123683,-2.90200741741318,0.540433405127231,-3.84072752390814,-0.439624134613689,-1.61665491432871,-0.487249717034627,1.36297938331468,1.39971940789219,-2.78675211663073,2.80453757952744,-0.6042374070015,1.36603568934687,0.719909216712825,0.876853177585291,0.0117082633839853,1.02341371747911,0.630819553686502,-1.67377219753758,-1.62928749635183,-1.58480279516608,-1.54031809398033,-1.49583339279458,-1.45134869160882,-1.40686399042307,-1.36237928923732,-1.31789458805157,-1.27340988686582,-1.22892518568007,-1.18444048449432,-1.13995578330857,-1.09547108212281,-1.05098638093706,-1.00650167975131,-0.962016978565558,-0.917532277379808,-0.873047576194056,-0.828562875008306,-0.828562875008306,-0.828562875008306,-0.828562875008306,-0.828562875008306,-0.828562875008306,-0.828562875008306,-0.828562875008306,-0.828562875008306,-0.828562875008306,-0.828562875008306,-0.828562875008306,-0.828562875008306,-0.828562875008306,-0.828562875008306,-0.828562875008306,-0.828562875008306,-0.828562875008306,-0.828562875008306,-0.828562875008306,-0.828562875008306,-4.73516654483758,-4.29396060740981,-3.84754971813932,-3.40212591922806,-2.96388125287799,-2.53900776129104,-2.13369748666917,-1.75414247121433,-1.40653475712846,-1.09706638661351,-0.83192940187142,-0.617315845104155,-0.459417758513652,-0.364427184301858,-0.33853616467073,-0.387936741822205,-0.518820957958241,-0.737380855280774,-1.04980847599176,-1.46229586229315,-1.46229586229315,-1.46229586229315,-1.46229586229315,-1.46229586229315,-1.46229586229315,-1.46229586229315,-1.46229586229315,-1.46229586229315,-1.46229586229315,-1.46229586229315,-1.46229586229315,-1.46229586229315,-1.46229586229315,-1.46229586229315,-1.46229586229315,-1.46229586229315,-1.46229586229315,-1.46229586229315,-1.46229586229315,-1.46229586229315,-2.6839422157301,-2.51866915745179,-2.35339609917349,-2.18812304089519,-2.02284998261688,-1.85757692433858,-1.69524565042964,-1.54745184875709,-1.41345145702527,-1.27863973457525,-1.13075888698584,-0.973543554308472,-0.830206313107766,-0.729900414946359,-0.685600985427042,-0.691335234867788,-0.737497104159141,-0.813622463215509,-0.902477673826164,-0.990695617433321,-0.990695617433321,-0.990695617433321,-0.990695617433321,-0.990695617433321,-0.990695617433321,-0.990695617433321,-0.990695617433321,-0.990695617433321,-0.990695617433321,-0.990695617433321,-0.990695617433321,-0.990695617433321,-0.990695617433321,-0.990695617433321,-0.990695617433321,-0.990695617433321,-0.990695617433321,-0.990695617433321,-0.990695617433321,-0.990695617433321,1,1,1,1,1,1,1,1,1,1,1,1,1,1,1,1,1,1,1,1,1,1,1,1,1,1,1,1,1,1,1,1,1,1,1,1,1,1,1,1
0.98962221119381,0.691665848178776,-0.506853194816912,-1.12601769864315,0.0716306463638627,2.00489603891687,-2.07382115348622,-1.222861680735,-0.745706870250357,-1.86457334247779,-2.12984265912281,-0.448855420817308,0.817972847659298,0.695106740792223,1.60356803487096,-0.701633212631217,0.361946486795521,-0.208329562244161,1.18214999592832,2.64333643010705,-0.378971311884484,-0.236857557575169,1.16548441393686,0.07353869925306,1.37841291219054,-0.770066379091736,-1.17948689031771,-0.220712797629497,-0.365303585868126,-0.248983958820634,-1.21985400964816,0.995357855310905,2.53325012015698,0.610213114546958,-1.87929514683016,0.0445749265101849,-0.804628716328839,0.0271859788409952,2.77717691840452,-0.974335182867582,-4.33811021250915,-3.81988913296834,-3.30166805342753,-2.78344697388672,-2.26522589434591,-1.74700481480509,-1.22878373526428,-0.710562655723471,-0.19234157618266,0.325879503358152,0.844100582898964,1.36232166243978,1.88054274198059,2.3987638215214,2.91698490106221,3.43520598060302,3.95342706014383,4.47164813968465,4.98986921922546,5.50809029876627,5.50809029876627,5.50809029876627,5.50809029876627,5.50809029876627,5.50809029876627,5.50809029876627,5.50809029876627,5.50809029876627,5.50809029876627,5.50809029876627,5.50809029876627,5.50809029876627,5.50809029876627,5.50809029876627,5.50809029876627,5.50809029876627,5.50809029876627,5.50809029876627,5.50809029876627,5.50809029876627,11.0051386868194,8.05312898633532,5.58806412727274,3.5779356127538,1.99073494590063,0.794453629835386,-0.0429168323198077,-0.553384937442789,-0.768959182411427,-0.721648064103587,-0.443460079397106,0.0335962748301508,0.67751250170031,1.45628010433553,2.33789058585796,3.29033544938974,4.281606198053,5.27969433496989,6.25259136326255,7.16828878605311,7.16828878605311,7.16828878605311,7.16828878605311,7.16828878605311,7.16828878605311,7.16828878605311,7.16828878605311,7.16828878605311,7.16828878605311,7.16828878605311,7.16828878605311,7.16828878605311,7.16828878605311,7.16828878605311,7.16828878605311,7.16828878605311,7.16828878605311,7.16828878605311,7.16828878605311,7.16828878605311,10.6225987349508,8.73172177828685,6.84084482162295,4.94996786495903,3.05909090829499,1.16821395163102,-0.6298950498872,-1.88843911696877,-2.17079442585857,-1.26308448501461,0.613728457062127,2.57934086243077,3.52195780343526,3.02975009706923,1.8011882595963,1.13668126054399,1.94747626239506,4.0088084880794,6.29441043312381,8.22410863848949,8.22410863848949,8.22410863848949,8.22410863848949,8.22410863848949,8.22410863848949,8.22410863848949,8.22410863848949,8.22410863848949,8.22410863848949,8.22410863848949,8.22410863848949,8.22410863848949,8.22410863848949,8.22410863848949,8.22410863848949,8.22410863848949,8.22410863848949,8.22410863848949,8.22410863848949,8.22410863848949,1,1,1,1,1,1,1,1,1,1,1,1,1,0,1,1,1,0,0,0,0,0,0,0,0,0,0,0,0,0,0,0,0,0,0,0,0,0,0,0
0.126112084270145,-1.32184644984696,0.426277183233041,-1.14124066639747,0.0604835153919705,0.760849807279903,0.328071354672354,1.38566200495695,1.14981332528583,-1.0854396084143,-0.288223756136366,-1.32790229993547,-2.49023976696588,0.862033452456588,-0.714888016511608,1.39577852221055,0.554340282451927,-1.2867469583936,0.385092072090977,0.872529086753447,1.88094143607588,-1.38621574553316,-0.923682070749575,-0.708929879764757,0.364416940342313,2.73639738825658,0.756256540911648,-1.27443206275854,-0.0355669641677725,2.68426868209965,-0.104448326016733,-2.28622206055224,-1.16242411019207,1.15069782817895,-1.00520323946959,1.87655021867215,-1.72336396661499,-2.35607536667048,2.49544304189946,0.57639955902579,-0.420283540955229,-0.390994633522459,-0.361705726089693,-0.332416818656926,-0.303127911224157,-0.273839003791389,-0.244550096358623,-0.215261188925854,-0.185972281493088,-0.15668337406032,-0.127394466627551,-0.098105559194785,-0.0688166517620186,-0.0395277443292521,-0.0102388368964821,0.0190500705362844,0.0483389779690508,0.0776278854018173,0.106916792834587,0.136205700267352,0.136205700267352,0.136205700267352,0.136205700267352,0.136205700267352,0.136205700267352,0.136205700267352,0.136205700267352,0.136205700267352,0.136205700267352,0.136205700267352,0.136205700267352,0.136205700267352,0.136205700267352,0.136205700267352,0.136205700267352,0.136205700267352,0.136205700267352,0.136205700267352,0.136205700267352,0.136205700267352,12.6330022617352,8.74570657440687,5.6381303094383,3.23343456496598,1.4547804391264,0.225329030056052,-0.531758564108545,-0.893321245230908,-0.936197915174523,-0.737227475802895,-0.373248828979527,0.0788991234320697,0.542377479568414,0.94034733756601,1.19596979556133,1.23240595169089,0.972816904091196,0.340363750898762,-0.741792409749939,-2.35049047971843,-2.35049047971843,-2.35049047971843,-2.35049047971843,-2.35049047971843,-2.35049047971843,-2.35049047971843,-2.35049047971843,-2.35049047971843,-2.35049047971843,-2.35049047971843,-2.35049047971843,-2.35049047971843,-2.35049047971843,-2.35049047971843,-2.35049047971843,-2.35049047971843,-2.35049047971843,-2.35049047971843,-2.35049047971843,-2.35049047971843,-2.71636094724197,-2.46221580521778,-2.20807066319361,-1.95392552116942,-1.69978037914523,-1.44563523712105,-1.18079368366937,-0.854467175292235,-0.427480110113095,0.0792150445069879,0.586450801966475,1.00341891532315,1.26430057687358,1.32411523833187,1.14386373146462,0.703279563188598,0.0406523591168462,-0.72972705572516,-1.47972261636327,-2.1697354127528,-2.1697354127528,-2.1697354127528,-2.1697354127528,-2.1697354127528,-2.1697354127528,-2.1697354127528,-2.1697354127528,-2.1697354127528,-2.1697354127528,-2.1697354127528,-2.1697354127528,-2.1697354127528,-2.1697354127528,-2.1697354127528,-2.1697354127528,-2.1697354127528,-2.1697354127528,-2.1697354127528,-2.1697354127528,-2.1697354127528,1,1,1,1,1,1,1,1,1,1,1,1,1,1,1,1,1,1,1,1,1,1,1,1,1,1,1,1,1,1,1,1,1,1,1,1,1,1,1,1
-0.353134988636922,1.07884613931411,-0.924631365807931,-1.02591721429493,0.254073715410464,0.0191602990491537,2.00268279283095,0.77683572834419,0.377639334608689,1.36996591379921,1.12464472140459,0.807988655804301,-0.526082660981684,-0.832816325696268,-1.29264670668346,-0.617132393119078,0.681493102624309,1.25240077816342,-0.512296403540073,-2.98394620616353,-2.6687234771919,2.19493160042146,0.00248232207091093,-0.401114031848289,-1.12482747942592,-1.65815731834519,-0.287309921771737,1.60292989398302,-1.10484956990427,0.545564774951274,-0.397953107936733,-0.558772015845753,-1.40069988597053,-2.56834911827679,0.0631593154834587,0.622191915179405,-2.33450861356514,-1.55218114651598,1.91819908589108,-0.267594636010202,1.36171765454443,1.2544806452645,1.14724363598458,1.04000662670466,0.932769617424738,0.825532608144815,0.718295598864891,0.611058589584971,0.503821580305047,0.396584571025127,0.289347561745204,0.18211055246528,0.0748735431853582,-0.032363466094564,-0.139600475374486,-0.246837484654408,-0.354074493934331,-0.461311503214255,-0.568548512494177,-0.675785521774099,-0.675785521774099,-0.675785521774099,-0.675785521774099,-0.675785521774099,-0.675785521774099,-0.675785521774099,-0.675785521774099,-0.675785521774099,-0.675785521774099,-0.675785521774099,-0.675785521774099,-0.675785521774099,-0.675785521774099,-0.675785521774099,-0.675785521774099,-0.675785521774099,-0.675785521774099,-0.675785521774099,-0.675785521774099,-0.675785521774099,1.69844740111492,1.38355665089814,1.13003435516155,0.930102540366541,0.775983232974481,0.659898459446763,0.57407024624476,0.510720619829868,0.462071606663452,0.420345233206911,0.37776352592163,0.32654851126896,0.258922215710315,0.167106665707061,0.0433238877205735,-0.120204091787727,-0.331255246356513,-0.597607549524344,-0.927038974829914,-1.32732749581175,-1.32732749581175,-1.32732749581175,-1.32732749581175,-1.32732749581175,-1.32732749581175,-1.32732749581175,-1.32732749581175,-1.32732749581175,-1.32732749581175,-1.32732749581175,-1.32732749581175,-1.32732749581175,-1.32732749581175,-1.32732749581175,-1.32732749581175,-1.32732749581175,-1.32732749581175,-1.32732749581175,-1.32732749581175,-1.32732749581175,1.45774083030123,1.33926093384032,1.22078103737941,1.1023011409185,0.983821244457589,0.865341347996681,0.747809969634261,0.63485177380552,0.52579198347288,0.416075672563828,0.302232397509478,0.183527785398793,0.0619116094241967,-0.0585426365538151,-0.174367768081584,-0.284638884302465,-0.390081137700832,-0.49283716727621,-0.596344860142009,-0.702058005136543,-0.702058005136543,-0.702058005136543,-0.702058005136543,-0.702058005136543,-0.702058005136543,-0.702058005136543,-0.702058005136543,-0.702058005136543,-0.702058005136543,-0.702058005136543,-0.702058005136543,-0.702058005136543,-0.702058005136543,-0.702058005136543,-0.702058005136543,-0.702058005136543,-0.702058005136543,-0.702058005136543,-0.702058005136543,-0.702058005136543,1,1,1,1,1,1,1,1,1,1,1,1,1,1,1,1,1,1,1,1,1,1,1,1,1,1,1,1,1,1,1,1,1,1,1,1,1,1,1,1
1.75663305736578,0.24084388035568,-0.375445743004278,2.01563106813084,-1.40668852418948,1.96469177763903,-1.39902938400457,0.340018815516723,-0.474235234307667,-0.693009661617339,2.5845946492081,-0.0264683230706257,0.331785993987278,-0.085090812777322,-0.809897060566289,0.893272895182704,-1.98760397311332,-1.72039296039422,0.841237255808419,-0.258406157973804,-1.84256207726811,-1.93447248798667,-0.699187697052595,-0.15428484433671,0.283180357497352,2.80593110820726,0.485910988162685,1.66417376311974,-0.386937122040347,0.541439230068093,-1.07438377956992,0.612373850481355,0.715806524013477,-2.42001280347804,-1.82741794358922,-0.430136426642408,-1.58376292109443,-1.83579424375497,0.285417313179726,-0.209214352275445,1.09080503221471,0.953833035964714,0.816861039714715,0.679889043464716,0.542917047214717,0.405945050964718,0.268973054714719,0.13200105846472,-0.00497093778528068,-0.141942934035278,-0.27891493028528,-0.415886926535277,-0.552858922785278,-0.689830919035275,-0.826802915285276,-0.963774911535275,-1.10074690778528,-1.23771890403527,-1.37469090028527,-1.51166289653527,-1.51166289653527,-1.51166289653527,-1.51166289653527,-1.51166289653527,-1.51166289653527,-1.51166289653527,-1.51166289653527,-1.51166289653527,-1.51166289653527,-1.51166289653527,-1.51166289653527,-1.51166289653527,-1.51166289653527,-1.51166289653527,-1.51166289653527,-1.51166289653527,-1.51166289653527,-1.51166289653527,-1.51166289653527,-1.51166289653527,-16.8033039117178,-12.0126431223239,-8.12506400164198,-5.05754687497146,-2.72707206761153,-1.05061990486143,0.0548292879796026,0.672295185612324,0.884797462737511,0.77535579405591,0.426989854268292,-0.0772806819245773,-0.654436139821936,-1.22145684472304,-1.69532312192712,-1.99301529673339,-2.03151369444112,-1.72779864034954,-0.998850459757861,0.238350522034633,0.238350522034633,0.238350522034633,0.238350522034633,0.238350522034633,0.238350522034633,0.238350522034633,0.238350522034633,0.238350522034633,0.238350522034633,0.238350522034633,0.238350522034633,0.238350522034633,0.238350522034633,0.238350522034633,0.238350522034633,0.238350522034633,0.238350522034633,0.238350522034633,0.238350522034633,0.238350522034633,2.04913522153822,1.78165844964017,1.51418167774213,1.24670490584408,0.979228133946037,0.711751362047993,0.445891715734584,0.187913550269537,-0.0618436989985547,-0.304172048073246,-0.532381608845354,-0.734235927880157,-0.895042080599692,-1.00110531596551,-1.04938114217112,-1.04981605853397,-1.01364260607637,-0.947598401310545,-0.860555256980133,-0.764425839387627,-0.764425839387627,-0.764425839387627,-0.764425839387627,-0.764425839387627,-0.764425839387627,-0.764425839387627,-0.764425839387627,-0.764425839387627,-0.764425839387627,-0.764425839387627,-0.764425839387627,-0.764425839387627,-0.764425839387627,-0.764425839387627,-0.764425839387627,-0.764425839387627,-0.764425839387627,-0.764425839387627,-0.764425839387627,-0.764425839387627,1,1,1,1,1,1,1,1,1,1,1,1,1,1,1,1,1,1,1,1,1,1,1,1,1,1,1,1,1,1,1,1,1,1,1,1,1,1,1,1
-0.666514207805902,-1.14265143778872,-0.159470918509924,0.251809109766257,-1.15400173126475,-0.674869850049903,1.10031103401954,0.93744152252642,-0.4616803251403,0.288192345875974,0.823233551463506,1.09828692017787,-2.07170031528446,0.177435896920453,0.102169121866515,-1.42381405336215,-0.183670366423074,0.551725231638807,-3.20473645478031,0.574085008307009,-0.0729576622775774,-0.219622653141178,-2.07201843270424,3.42629652074424,-1.83529463448247,-2.9251342086438,2.26420564654707,0.0337034895069479,1.41555058790828,1.50952614687223,0.0204053728486571,1.63350049137935,-1.05204900601317,-1.30724327778092,0.894171999137869,-1.49714796286867,0.444341714067322,-0.876186013634499,-0.853773648306207,-0.582242359441969,2.01655263796525,1.71820390318559,1.41985516840593,1.12150643362627,0.823157698846612,0.524808964066953,0.226460229287294,-0.0718885054923657,-0.370237240272026,-0.668585975051684,-0.966934709831341,-1.265283444611,-1.56363217939066,-1.86198091417032,-2.16032964894998,-2.45867838372964,-2.7570271185093,-3.05537585328896,-3.35372458806861,-3.65207332284828,-3.65207332284828,-3.65207332284828,-3.65207332284828,-3.65207332284828,-3.65207332284828,-3.65207332284828,-3.65207332284828,-3.65207332284828,-3.65207332284828,-3.65207332284828,-3.65207332284828,-3.65207332284828,-3.65207332284828,-3.65207332284828,-3.65207332284828,-3.65207332284828,-3.65207332284828,-3.65207332284828,-3.65207332284828,-3.65207332284828,17.6279826573216,13.14808927422,9.40279845361951,6.32784779324821,3.85897489083433,1.93191734410606,0.482412750791585,-0.553801291380877,-1.24098718468316,-1.64340733138706,-1.82532413376439,-1.85099999408693,-1.7846973146265,-1.69067849765492,-1.63320594544396,-1.67654206026545,-1.88494924439124,-2.32268990009301,-3.05402642964272,-4.14322123531207,-4.14322123531207,-4.14322123531207,-4.14322123531207,-4.14322123531207,-4.14322123531207,-4.14322123531207,-4.14322123531207,-4.14322123531207,-4.14322123531207,-4.14322123531207,-4.14322123531207,-4.14322123531207,-4.14322123531207,-4.14322123531207,-4.14322123531207,-4.14322123531207,-4.14322123531207,-4.14322123531207,-4.14322123531207,-4.14322123531207,2.18011592605418,1.85948799385859,1.538860061663,1.21823212946742,0.897604197271832,0.576976265076246,0.256248773560618,-0.0645580783634614,-0.383277292765749,-0.696967428023548,-1.00461834262242,-1.30687994879187,-1.60399440039274,-1.89554965951909,-2.18163677957672,-2.46277605835138,-2.73910524457485,-3.01088211079965,-3.27945964237353,-3.54672932475526,-3.54672932475526,-3.54672932475526,-3.54672932475526,-3.54672932475526,-3.54672932475526,-3.54672932475526,-3.54672932475526,-3.54672932475526,-3.54672932475526,-3.54672932475526,-3.54672932475526,-3.54672932475526,-3.54672932475526,-3.54672932475526,-3.54672932475526,-3.54672932475526,-3.54672932475526,-3.54672932475526,-3.54672932475526,-3.54672932475526,1,1,1,1,1,1,1,1,1,1,1,1,1,1,1,1,1,1,1,1,1,1,1,1,1,1,1,1,1,1,1,1,1,1,1,1,1,1,1,1
0.568019162652227,-2.62402295039636,-0.0284517753616091,0.707825790723729,0.307790596291098,-0.87381199285565,1.01624631802992,-0.156040552115996,0.37628475783351,-0.808946413895573,-0.0945964153879828,-1.57069839092659,-0.0149623029965369,-0.463581810607186,-0.581131831431952,-0.610835415804711,-0.338742486970936,-2.57406208114778,1.50812161860197,2.03497409773087,-1.93995341273893,0.16431271926267,-0.97008167409872,0.608830473381053,-0.525618517714195,4.06805024205237,-0.462768137596697,0.672698377707627,1.05453055776498,-1.92129100878072,0.40111930776167,0.418796129301908,-0.063856520398339,0.0673243154877081,1.42826396692109,-0.937136952801971,0.7917394073641,1.84428691063142,-1.13894916705469,-1.79243325229618,-4.11485862866298,-3.84089005507522,-3.56692148148747,-3.29295290789972,-3.01898433431196,-2.74501576072421,-2.47104718713646,-2.1970786135487,-1.92311003996095,-1.64914146637319,-1.37517289278544,-1.10120431919769,-0.827235745609935,-0.553267172022183,-0.279298598434426,-0.005330024846673,0.26863854874108,0.542607122328834,0.816575695916585,1.09054426950434,1.09054426950434,1.09054426950434,1.09054426950434,1.09054426950434,1.09054426950434,1.09054426950434,1.09054426950434,1.09054426950434,1.09054426950434,1.09054426950434,1.09054426950434,1.09054426950434,1.09054426950434,1.09054426950434,1.09054426950434,1.09054426950434,1.09054426950434,1.09054426950434,1.09054426950434,1.09054426950434,-11.4210094156299,-9.16678131836614,-7.2701329279055,-5.69865761871001,-4.41994876524171,-3.40159974196267,-2.61120392333492,-2.01635468382053,-1.58464539788154,-1.28366943998002,-1.08102018457801,-0.94429100613756,-0.841075279120728,-0.738966377989568,-0.605557677206125,-0.408442551232461,-0.115214374530625,0.306533478437318,0.889207633209347,1.66521471532337,1.66521471532337,1.66521471532337,1.66521471532337,1.66521471532337,1.66521471532337,1.66521471532337,1.66521471532337,1.66521471532337,1.66521471532337,1.66521471532337,1.66521471532337,1.66521471532337,1.66521471532337,1.66521471532337,1.66521471532337,1.66521471532337,1.66521471532337,1.66521471532337,1.66521471532337,1.66521471532337,-5.07922996073869,-4.66721018450001,-4.25519040826132,-3.84317063202265,-3.43115085578397,-3.01913107954528,-2.60985938546539,-2.21606694269199,-1.84741911406026,-1.50526554967929,-1.18914618289322,-0.90124182572618,-0.642647699745888,-0.410092739728707,-0.199470474177568,-0.00901329124412875,0.163933278650413,0.326023874196567,0.484703628180604,0.643532318442926,0.643532318442926,0.643532318442926,0.643532318442926,0.643532318442926,0.643532318442926,0.643532318442926,0.643532318442926,0.643532318442926,0.643532318442926,0.643532318442926,0.643532318442926,0.643532318442926,0.643532318442926,0.643532318442926,0.643532318442926,0.643532318442926,0.643532318442926,0.643532318442926,0.643532318442926,0.643532318442926,1,1,1,1,1,1,1,1,1,1,1,1,1,1,1,1,1,1,1,1,1,1,1,1,1,1,1,1,1,1,1,1,1,1,1,1,1,1,1,1
-1.75395819920736,-3.06864169933105,-0.330625152451962,-2.34478296752693,-0.102946678064429,1.79719752684826,0.618103616622189,2.09253625622604,0.667463731829351,-3.45532180299499,-0.622729957050353,2.15828571626284,2.07123489691111,-0.941625856187663,1.50717678133281,-1.87599606650008,-0.281104288897714,0.526873706407054,2.51866348631186,2.00194731880807,0.665948702340117,-1.09221853526411,-1.04734565551796,-1.21575365246147,-0.81782869903701,2.09230865893032,-3.78949326178148,1.97150586136071,3.13157824389661,-1.38222498019033,-0.632896081613879,0.0963563289791978,-2.37905343556687,0.856774958310789,0.816153415945815,-0.0525324705025731,-0.214484613125785,-0.580043852796805,-3.16088986904768,1.74825785130096,2.67206420076483,2.47134681745034,2.27062943413584,2.06991205082135,1.86919466750686,1.66847728419236,1.46775990087787,1.26704251756337,1.06632513424888,0.86560775093438,0.664890367619888,0.464172984305392,0.263455600990898,0.0627382176764026,-0.137979165638091,-0.338696548952587,-0.539413932267079,-0.740131315581575,-0.940848698896071,-1.14156608221056,-1.14156608221056,-1.14156608221056,-1.14156608221056,-1.14156608221056,-1.14156608221056,-1.14156608221056,-1.14156608221056,-1.14156608221056,-1.14156608221056,-1.14156608221056,-1.14156608221056,-1.14156608221056,-1.14156608221056,-1.14156608221056,-1.14156608221056,-1.14156608221056,-1.14156608221056,-1.14156608221056,-1.14156608221056,-1.14156608221056,0.792081827141206,1.91240531139011,2.63294187265339,3.00391588033414,3.07555170383543,2.89807371256032,2.5217062759119,1.99667376329325,1.37320054410742,0.701510987757507,0.031829463646579,-0.585619658822305,-1.10061201024604,-1.46292322122157,-1.6223289223458,-1.52860474421571,-1.13152631742816,-0.3808692725801,0.773590759731533,2.38207814890982,2.38207814890982,2.38207814890982,2.38207814890982,2.38207814890982,2.38207814890982,2.38207814890982,2.38207814890982,2.38207814890982,2.38207814890982,2.38207814890982,2.38207814890982,2.38207814890982,2.38207814890982,2.38207814890982,2.38207814890982,2.38207814890982,2.38207814890982,2.38207814890982,2.38207814890982,2.38207814890982,10.186659607871,8.89415977703066,7.60165994619039,6.3091601153501,5.01666028450981,3.72416045366952,2.4522935074095,1.32138419830463,0.519571022575702,0.120206291545887,-0.025467910493969,-0.153913880117104,-0.400500167566873,-0.76711565325008,-1.15357296124504,-1.3493455402069,-1.1256215250404,-0.452360568057909,0.459548379757434,1.40512076966935,1.40512076966935,1.40512076966935,1.40512076966935,1.40512076966935,1.40512076966935,1.40512076966935,1.40512076966935,1.40512076966935,1.40512076966935,1.40512076966935,1.40512076966935,1.40512076966935,1.40512076966935,1.40512076966935,1.40512076966935,1.40512076966935,1.40512076966935,1.40512076966935,1.40512076966935,1.40512076966935,1,1,1,1,1,1,1,1,1,1,1,1,1,1,1,1,1,1,1,1,1,1,1,1,1,1,1,1,1,1,1,1,1,1,1,1,1,1,1,1
-0.7067647519368,-1.75672951001115,-2.59250466068575,-1.56127911037004,3.50425791392938,-1.66134998340385,1.0560910110286,-0.207172049441731,-0.312429749901403,-1.59560524211652,-1.61080610886099,-0.584271376267418,-0.232798686918194,0.145716496399762,1.15781544388761,0.856631874076696,3.3826666046641,1.85402836584229,-0.931197219361607,0.492745244083878,2.11060859829193,0.400459940082659,-1.5023760213942,1.56489385734835,0.988365651975277,-0.99788299200134,1.66204441007487,-0.932222630834925,1.77267577251271,-0.206440491880253,-1.20595827857792,1.29754773541552,-3.99416372199677,-0.783639313543961,-0.410198424029263,-0.0196632541680888,-1.77710856913901,2.70652147697008,0.71912687172845,1.68988403820276,1.31801375406611,1.20250177592563,1.08698979778514,0.971477819644659,0.855965841504172,0.74045386336369,0.624941885223205,0.509429907082719,0.393917928942233,0.27840595080175,0.162893972661266,0.0473819945207783,-0.0681299836197002,-0.183641961760188,-0.299153939900672,-0.414665918041159,-0.530177896181639,-0.645689874322127,-0.761201852462612,-0.876713830603098,-0.876713830603098,-0.876713830603098,-0.876713830603098,-0.876713830603098,-0.876713830603098,-0.876713830603098,-0.876713830603098,-0.876713830603098,-0.876713830603098,-0.876713830603098,-0.876713830603098,-0.876713830603098,-0.876713830603098,-0.876713830603098,-0.876713830603098,-0.876713830603098,-0.876713830603098,-0.876713830603098,-0.876713830603098,-0.876713830603098,-12.0050775368957,-9.14298835649704,-6.68983385604939,-4.61955964555986,-2.90611133503557,-1.52343453448361,-0.445474853911085,0.353822096674907,0.900510707267264,1.22064536785888,1.34028046844265,1.28547039901146,1.08226954955823,0.756732310075858,0.334913070557235,-0.157133779004743,-0.69335384861718,-1.24769274828717,-1.79409608802183,-2.30650947782825,-2.30650947782825,-2.30650947782825,-2.30650947782825,-2.30650947782825,-2.30650947782825,-2.30650947782825,-2.30650947782825,-2.30650947782825,-2.30650947782825,-2.30650947782825,-2.30650947782825,-2.30650947782825,-2.30650947782825,-2.30650947782825,-2.30650947782825,-2.30650947782825,-2.30650947782825,-2.30650947782825,-2.30650947782825,-2.30650947782825,-1.04764710341192,-0.839588963030518,-0.631530822649123,-0.423472682267726,-0.215414541886325,-0.00735640150492856,0.196807029981457,0.376626996766685,0.504961647268148,0.561811984033605,0.546777134554521,0.476331788107432,0.361321653970093,0.199208630834653,-0.00754354847988559,-0.248577565959913,-0.522607139198486,-0.829984326769136,-1.15378241010966,-1.47595448292642,-1.47595448292642,-1.47595448292642,-1.47595448292642,-1.47595448292642,-1.47595448292642,-1.47595448292642,-1.47595448292642,-1.47595448292642,-1.47595448292642,-1.47595448292642,-1.47595448292642,-1.47595448292642,-1.47595448292642,-1.47595448292642,-1.47595448292642,-1.47595448292642,-1.47595448292642,-1.47595448292642,-1.47595448292642,-1.47595448292642,1,1,1,1,1,1,1,1,1,1,1,1,1,1,1,1,1,1,1,1,1,1,1,1,1,1,1,1,1,1,1,1,1,1,1,1,1,1,1,1
0.997559255775937,-0.709673690765842,0.7779889483813,1.18662725573099,0.42948935161883,-0.582748375940454,2.19677649103044,0.484974761649239,-0.512374923164859,-0.214928050846311,-0.919706856562891,-2.14327970093404,1.11512025534294,-0.13459972602846,-1.53251117613408,-0.109271020679046,-1.15907904372444,-0.53858119000776,0.130579978590191,0.836410467361729,0.0212768093595397,0.303404128664964,-0.460302500766641,-0.25326824026719,0.0529464257303598,2.11706282073735,0.542938429180341,1.29887463678937,1.34218824755618,0.0514563482396682,2.58095169323894,-0.340218335158299,-1.51707774165754,-2.65298118810263,-2.77993937131811,-0.0528041089245619,0.774032722701733,0.613607840020814,0.144537329480197,2.73910017661047,-5.72597693285562,-5.39153806860472,-5.05709920435382,-4.72266034010292,-4.38822147585202,-4.05378261160111,-3.71934374735021,-3.38490488309931,-3.05046601884841,-2.7160271545975,-2.3815882903466,-2.0471494260957,-1.7127105618448,-1.3782716975939,-1.04383283334299,-0.709393969092091,-0.374955104841186,-0.0405162405902857,0.293922623660611,0.628361487911519,0.628361487911519,0.628361487911519,0.628361487911519,0.628361487911519,0.628361487911519,0.628361487911519,0.628361487911519,0.628361487911519,0.628361487911519,0.628361487911519,0.628361487911519,0.628361487911519,0.628361487911519,0.628361487911519,0.628361487911519,0.628361487911519,0.628361487911519,0.628361487911519,0.628361487911519,0.628361487911519,5.6928562637626,3.96018725378635,2.39428828420134,0.997975836749066,-0.225933606828939,-1.27462356479116,-2.14527755539608,-2.83507909690219,-3.34121170756796,-3.66085890565188,-3.79120420941243,-3.7294311371081,-3.47272320699737,-3.01826393733871,-2.36323684639063,-1.50482545241158,-0.440213273660062,0.833416171605441,2.31887936512645,4.01899278864448,4.01899278864448,4.01899278864448,4.01899278864448,4.01899278864448,4.01899278864448,4.01899278864448,4.01899278864448,4.01899278864448,4.01899278864448,4.01899278864448,4.01899278864448,4.01899278864448,4.01899278864448,4.01899278864448,4.01899278864448,4.01899278864448,4.01899278864448,4.01899278864448,4.01899278864448,4.01899278864448,0.354189774592104,-0.0441076473119626,-0.44240506921602,-0.840702491120081,-1.23899991302415,-1.63729733492822,-2.05487471985137,-2.5666481838466,-3.15641848901733,-3.68517177182693,-3.98954084969395,-3.97562516143545,-3.63877388601592,-3.02274156301348,-2.17023999600405,-1.12075928618404,0.0448397663592068,1.19335591396215,2.21797678295997,3.1304159060316,3.1304159060316,3.1304159060316,3.1304159060316,3.1304159060316,3.1304159060316,3.1304159060316,3.1304159060316,3.1304159060316,3.1304159060316,3.1304159060316,3.1304159060316,3.1304159060316,3.1304159060316,3.1304159060316,3.1304159060316,3.1304159060316,3.1304159060316,3.1304159060316,3.1304159060316,3.1304159060316,1,1,1,1,1,1,1,1,1,1,1,1,1,1,1,1,1,1,1,1,1,1,1,1,1,1,1,1,1,1,1,1,1,1,1,1,1,1,1,1
-0.676507939994011,2.06276047716098,-0.738449485798105,-0.395511644218734,-2.25122437107338,-1.08685698150119,-1.50520787840905,0.785848287589506,-0.465598525710151,-1.11034785390916,-2.12210169507894,1.29388984761673,-1.11469643614313,0.252990317794321,2.30824950966489,1.00862301328623,-1.2219127389654,1.8520041816121,-0.489050393493951,1.10715416662152,2.17304560818732,-1.05921634546417,-0.625147764576656,0.0306937431273138,1.3255329686638,-0.0167213290537767,-0.226083708089751,-2.36187694430694,1.65507835780678,0.553027432058082,0.819354372576113,-1.04281575909245,-1.83344489874342,-3.88520218407109,1.32851659912669,-0.942245492630198,-0.42218465470026,1.75593139870409,-2.51856508632474,-1.06746129554095,2.40283388476876,2.2056955726726,2.00855726057644,1.81141894848027,1.61428063638411,1.41714232428795,1.22000401219178,1.02286570009562,0.825727387999455,0.628589075903292,0.431450763807129,0.234312451710968,0.0371741396148035,-0.159964172481359,-0.357102484577522,-0.554240796673687,-0.751379108769848,-0.948517420866011,-1.14565573296218,-1.34279404505834,-1.34279404505834,-1.34279404505834,-1.34279404505834,-1.34279404505834,-1.34279404505834,-1.34279404505834,-1.34279404505834,-1.34279404505834,-1.34279404505834,-1.34279404505834,-1.34279404505834,-1.34279404505834,-1.34279404505834,-1.34279404505834,-1.34279404505834,-1.34279404505834,-1.34279404505834,-1.34279404505834,-1.34279404505834,-1.34279404505834,13.0224073816372,9.58912342353826,6.80803071104344,4.61436701982215,2.94337012554385,1.73027780387794,0.910327830493868,0.41875798106105,0.190806031248906,0.161709756726886,0.266706933164391,0.441035336230877,0.619932741595749,0.738636924928439,0.732385661898407,0.53641672817502,0.0859678994277555,-0.683723048673995,-1.83741834046075,-3.43988020026315,-3.43988020026315,-3.43988020026315,-3.43988020026315,-3.43988020026315,-3.43988020026315,-3.43988020026315,-3.43988020026315,-3.43988020026315,-3.43988020026315,-3.43988020026315,-3.43988020026315,-3.43988020026315,-3.43988020026315,-3.43988020026315,-3.43988020026315,-3.43988020026315,-3.43988020026315,-3.43988020026315,-3.43988020026315,-3.43988020026315,1.52072013841719,1.44478889083149,1.3688576432458,1.2929263956601,1.2169951480744,1.14106390048871,1.06345482943484,0.97564164210516,0.867588205816935,0.732902337402228,0.57047394948653,0.38456588285635,0.18348231666176,-0.0258843594538316,-0.244124811081962,-0.477429471083083,-0.730136785629311,-1.00230533277279,-1.29135912664402,-1.59077870114688,-1.59077870114688,-1.59077870114688,-1.59077870114688,-1.59077870114688,-1.59077870114688,-1.59077870114688,-1.59077870114688,-1.59077870114688,-1.59077870114688,-1.59077870114688,-1.59077870114688,-1.59077870114688,-1.59077870114688,-1.59077870114688,-1.59077870114688,-1.59077870114688,-1.59077870114688,-1.59077870114688,-1.59077870114688,-1.59077870114688,1,1,1,1,1,1,1,1,1,1,1,1,1,1,1,1,1,1,1,1,1,1,1,1,1,1,1,1,1,1,1,1,1,1,1,1,1,1,1,1
-1.01263647809924,0.820630724664577,1.45240044944598,-1.24439440291402,-1.00321193193868,-0.0290480149969436,1.00607728106943,1.91262842836449,-0.973454739954615,0.383257082084633,-0.25651128498156,-0.586979414735938,-0.302904326065599,0.372258818507936,-4.85612481914785,-1.08188795727915,-1.9813367898803,-0.53046085202919,-0.664709838826075,-1.62660582706095,0.0979203069598018,-0.0689333046040002,0.704257276824443,2.89042191829241,-2.03447756978464,0.174477454954655,1.4585919859259,1.0961414346779,-1.65683576611243,-0.69012667018781,1.17617105240462,-1.93417033458353,-0.538092871691504,0.584156908388712,-3.45620490906506,1.44950924961497,0.780634201068727,-0.594850123081608,-0.999670215129491,-0.834805214728728,2.07875634148411,1.90287390605751,1.72699147063091,1.55110903520431,1.37522659977771,1.19934416435111,1.02346172892451,0.847579293497915,0.671696858071315,0.495814422644717,0.319931987218117,0.144049551791518,-0.0318328836350794,-0.207715319061681,-0.383597754488278,-0.559480189914877,-0.735362625341478,-0.911245060768078,-1.08712749619468,-1.26300993162127,-1.26300993162127,-1.26300993162127,-1.26300993162127,-1.26300993162127,-1.26300993162127,-1.26300993162127,-1.26300993162127,-1.26300993162127,-1.26300993162127,-1.26300993162127,-1.26300993162127,-1.26300993162127,-1.26300993162127,-1.26300993162127,-1.26300993162127,-1.26300993162127,-1.26300993162127,-1.26300993162127,-1.26300993162127,-1.26300993162127,1.89402740772433,2.35761460238959,2.58366752106145,2.60473986358602,2.4533853298094,2.16215761957769,1.76361043273698,1.29029746913338,0.774772428612977,0.249589011021873,-0.252699083793827,-0.699538155988028,-1.05837450571464,-1.29665443312755,-1.38182423838066,-1.28133022162788,-0.96261868302312,-0.393135922720257,0.459671759126797,1.62835806236413,1.62835806236413,1.62835806236413,1.62835806236413,1.62835806236413,1.62835806236413,1.62835806236413,1.62835806236413,1.62835806236413,1.62835806236413,1.62835806236413,1.62835806236413,1.62835806236413,1.62835806236413,1.62835806236413,1.62835806236413,1.62835806236413,1.62835806236413,1.62835806236413,1.62835806236413,1.62835806236413,4.06090611872097,3.60913450787671,3.15736289703244,2.70559128618819,2.25381967534392,1.80204806449966,1.3550224645332,0.934876775663521,0.560143927075018,0.239381962683035,-0.0245250833469086,-0.237885502045911,-0.4165634417874,-0.569405181396293,-0.683369433825503,-0.73348684250829,-0.703203140178918,-0.590149090552867,-0.405347194374258,-0.178185517335715,-0.178185517335715,-0.178185517335715,-0.178185517335715,-0.178185517335715,-0.178185517335715,-0.178185517335715,-0.178185517335715,-0.178185517335715,-0.178185517335715,-0.178185517335715,-0.178185517335715,-0.178185517335715,-0.178185517335715,-0.178185517335715,-0.178185517335715,-0.178185517335715,-0.178185517335715,-0.178185517335715,-0.178185517335715,-0.178185517335715,1,1,1,1,1,1,1,1,1,1,1,1,1,1,1,1,1,1,1,1,1,1,1,1,1,1,1,1,1,1,1,1,1,1,1,1,1,1,1,1
-0.412849313873798,0.972740564552907,-2.13101818126387,-0.609380164268186,1.37566357107843,1.49929992373009,2.6791849546108,0.388962326425151,1.41531495158924,-0.565607995978972,-1.19602397303022,-2.0926781268952,0.738517787894381,1.18399627136639,0.341461313945143,-0.96077019052497,-2.4844108225916,0.428437278299521,-1.08705950633277,2.13666313261552,-1.43137708111236,-1.599638352961,0.085711083151967,0.994059854679806,-0.582042576247964,-0.861361359090228,0.180967229072717,-2.01271069808186,-1.86820365274495,-3.74054410389711,-1.58148696805917,-3.22109475362944,1.36402019357197,1.16844444481757,1.43378820897641,1.78928784648205,1.50996788665639,-0.393247917848296,-0.901912395103821,-0.173329583364914,-2.49177414878731,-2.31446436451208,-2.13715458023685,-1.95984479596163,-1.7825350116864,-1.60522522741118,-1.42791544313596,-1.25060565886073,-1.07329587458551,-0.895986090310281,-0.718676306035055,-0.541366521759828,-0.364056737484605,-0.186746953209378,-0.00943716893415392,0.167872615341071,0.345182399616295,0.522492183891522,0.699801968166746,0.877111752441969,0.877111752441969,0.877111752441969,0.877111752441969,0.877111752441969,0.877111752441969,0.877111752441969,0.877111752441969,0.877111752441969,0.877111752441969,0.877111752441969,0.877111752441969,0.877111752441969,0.877111752441969,0.877111752441969,0.877111752441969,0.877111752441969,0.877111752441969,0.877111752441969,0.877111752441969,0.877111752441969,3.47025579091127,2.76104107491891,2.05123457674225,1.35643348057659,0.692234970617235,0.0742362310594702,-0.481965553901406,-0.960773200070093,-1.3465895232513,-1.62381733924971,-1.77685946387005,-1.79011871291702,-1.64799790219531,-1.33489984750962,-0.835227364664677,-0.133383269465162,0.786229622284218,1.93920849477875,3.34115053221374,5.00765291878449,5.00765291878449,5.00765291878449,5.00765291878449,5.00765291878449,5.00765291878449,5.00765291878449,5.00765291878449,5.00765291878449,5.00765291878449,5.00765291878449,5.00765291878449,5.00765291878449,5.00765291878449,5.00765291878449,5.00765291878449,5.00765291878449,5.00765291878449,5.00765291878449,5.00765291878449,5.00765291878449,2.00432507324605,1.57898467896247,1.15364428467891,0.728303890395349,0.302963496111765,-0.1223768981718,-0.554413775893114,-0.99789015716343,-1.35521883959146,-1.55340609914171,-1.63731656183381,-1.63358073044654,-1.48532413523015,-1.16886521711676,-0.713007831872387,-0.09434975680084,0.745058743351189,1.78573391178601,2.93169282364294,4.10327833096686,4.10327833096686,4.10327833096686,4.10327833096686,4.10327833096686,4.10327833096686,4.10327833096686,4.10327833096686,4.10327833096686,4.10327833096686,4.10327833096686,4.10327833096686,4.10327833096686,4.10327833096686,4.10327833096686,4.10327833096686,4.10327833096686,4.10327833096686,4.10327833096686,4.10327833096686,4.10327833096686,1,1,1,1,1,1,1,1,1,1,1,1,1,1,1,1,1,1,1,1,1,1,1,1,1,1,1,1,1,1,1,1,1,1,1,1,1,1,1,1
2.83798350514578,0.700313471469914,-4.47602757420754,-0.460224124871898,0.23411546058958,-0.19941283602059,-0.206224548104867,-0.926147271304549,0.483216050646561,-1.01548265275726,0.729635175353197,1.05049482007313,1.38248600922573,2.49128092728211,0.0114343069143654,1.2711684703612,0.763563726730592,-2.52402249247472,0.721360471834846,1.11858508833255,0.34593877751127,1.84078385146088,0.569086955106371,-2.05528571741845,-0.287257971198644,-0.911286702252978,3.11504411573805,1.2143523923573,-1.15015426130927,0.210785116916595,-0.911277953078967,-0.432557644532814,-1.18846874801508,-0.763419128247222,3.40887805060658,0.529055208472551,-2.78518550111368,0.57185690741523,0.750382392037292,-0.783959139031829,-1.1130595469845,-0.984908176654663,-0.856756806324831,-0.728605435995,-0.60045406566517,-0.472302695335337,-0.344151325005505,-0.215999954675674,-0.0878485843458421,0.0403027859839877,0.168454156313821,0.296605526643651,0.424756896973484,0.552908267303316,0.681059637633147,0.809211007962981,0.937362378292812,1.06551374862264,1.19366511895247,1.32181648928231,1.32181648928231,1.32181648928231,1.32181648928231,1.32181648928231,1.32181648928231,1.32181648928231,1.32181648928231,1.32181648928231,1.32181648928231,1.32181648928231,1.32181648928231,1.32181648928231,1.32181648928231,1.32181648928231,1.32181648928231,1.32181648928231,1.32181648928231,1.32181648928231,1.32181648928231,1.32181648928231,5.65376392358128,3.54128364176748,1.91639035122987,0.727581876451733,-0.0766439580836433,-0.547789327892984,-0.737356408493003,-0.696847375400424,-0.477764404131959,-0.131609670204334,0.290114650865746,0.735906383561545,1.15426335236636,1.49368338176345,1.70266429623614,1.72970392026767,1.52330007834133,1.03195059494043,0.204153294548203,-1.01159399835201,-1.01159399835201,-1.01159399835201,-1.01159399835201,-1.01159399835201,-1.01159399835201,-1.01159399835201,-1.01159399835201,-1.01159399835201,-1.01159399835201,-1.01159399835201,-1.01159399835201,-1.01159399835201,-1.01159399835201,-1.01159399835201,-1.01159399835201,-1.01159399835201,-1.01159399835201,-1.01159399835201,-1.01159399835201,-1.01159399835201,-1.75667160766894,-1.55815112819391,-1.35963064871888,-1.16111016924385,-0.962589689768825,-0.764069210293796,-0.563933864859296,-0.354816190563458,-0.13218147107869,0.0998842604230106,0.32920693096373,0.53929194109325,0.713984054903763,0.842101720331469,0.92059638720893,0.954982524460201,0.958232529367319,0.948193606649822,0.940407893438289,0.939171365333442,0.939171365333442,0.939171365333442,0.939171365333442,0.939171365333442,0.939171365333442,0.939171365333442,0.939171365333442,0.939171365333442,0.939171365333442,0.939171365333442,0.939171365333442,0.939171365333442,0.939171365333442,0.939171365333442,0.939171365333442,0.939171365333442,0.939171365333442,0.939171365333442,0.939171365333442,0.939171365333442,1,1,1,1,1,1,1,1,1,1,1,1,1,1,1,1,1,1,1,1,1,1,1,1,1,1,1,1,1,1,1,1,1,1,1,1,1,1,1,1
2.44361912057735,-0.849270581209171,-0.913118916692989,3.27220579193271,-1.13518794423639,0.775256565998243,2.61460969190487,0.057553594154367,-0.506050966386109,-1.07736288470556,1.65964706302025,1.40182068442008,1.30381758009478,0.749898127662105,-0.800324443718766,0.86412663947119,0.763541191876019,-0.974903798034749,1.82010033363155,-0.132403452619242,-0.558690678479719,-1.52877888605533,0.408669144693423,-0.190483501903865,0.366770430929863,-0.312245863813697,-0.148252104217102,0.516134734382236,0.452216681961415,3.25895375864857,-0.999065440445788,0.282266600769207,1.04062392335464,-1.29488973248527,0.204612602831965,1.9399467336737,1.94765603810232,1.5561174776963,-1.15434243365688,1.09203041535246,1.60927028500098,1.67112097045571,1.73297165591045,1.79482234136518,1.85667302681992,1.91852371227465,1.98037439772939,2.04222508318412,2.10407576863886,2.16592645409359,2.22777713954832,2.28962782500306,2.35147851045779,2.41332919591253,2.47517988136726,2.537030566822,2.59888125227673,2.66073193773147,2.7225826231862,2.78443330864093,2.78443330864093,2.78443330864093,2.78443330864093,2.78443330864093,2.78443330864093,2.78443330864093,2.78443330864093,2.78443330864093,2.78443330864093,2.78443330864093,2.78443330864093,2.78443330864093,2.78443330864093,2.78443330864093,2.78443330864093,2.78443330864093,2.78443330864093,2.78443330864093,2.78443330864093,2.78443330864093,10.0610787870537,8.06620609555122,6.39616599264258,5.02551974598792,3.92882862324736,3.08065389208103,2.45555682014905,2.02809867511157,1.77284072462868,1.66434423636052,1.67717047796723,1.78588071710892,1.96503622144573,2.18919825863775,2.43292809634516,2.67078700222807,2.87733624394658,3.02713708916083,3.09475080553094,3.05473866071706,3.05473866071706,3.05473866071706,3.05473866071706,3.05473866071706,3.05473866071706,3.05473866071706,3.05473866071706,3.05473866071706,3.05473866071706,3.05473866071706,3.05473866071706,3.05473866071706,3.05473866071706,3.05473866071706,3.05473866071706,3.05473866071706,3.05473866071706,3.05473866071706,3.05473866071706,3.05473866071706,1.61159651267952,1.67314765094542,1.73469878921133,1.79624992747724,1.85780106574314,1.91935220400905,1.9809035909878,2.04245959466721,2.10403752404452,2.16565731206128,2.22733436158639,2.28908250934796,2.35090470512733,2.41278818905642,2.47472806207023,2.53674034514575,2.59883400058256,2.66098820385106,2.72317012765304,2.78535917023486,2.78535917023486,2.78535917023486,2.78535917023486,2.78535917023486,2.78535917023486,2.78535917023486,2.78535917023486,2.78535917023486,2.78535917023486,2.78535917023486,2.78535917023486,2.78535917023486,2.78535917023486,2.78535917023486,2.78535917023486,2.78535917023486,2.78535917023486,2.78535917023486,2.78535917023486,2.78535917023486,1,1,1,1,1,1,1,1,1,1,1,1,0,0,1,1,1,1,0,1,1,1,1,1,1,1,1,1,1,1,1,1,1,1,1,1,1,1,1,1
1.16595303513569,-0.81691207609747,3.19299286516674,-0.0169847333638575,1.32981022299485,-0.141232744405614,0.102885326161747,-0.360118973571637,-1.05388196505305,2.12136335159153,0.0624626119021308,0.129644898467934,1.90141118105029,1.51481820719034,-1.01549721577885,-1.30596990797591,0.788414913208074,0.866080667687761,0.52639756311333,0.707969491212662,-1.51477836844373,0.0030271484687443,1.41549655294625,-1.36399545022771,0.869470957895325,1.3458439262086,-0.479567044830368,0.401818625629611,1.31027043410704,-0.291418066638641,1.5963682315971,1.03454949717059,0.647994555564333,0.521350673341352,2.91470174284926,1.14740532224558,-1.62814105087802,0.0173264951012051,1.98278360266513,-0.816718784171124,-2.66563772290956,-2.42346695228421,-2.18129618165885,-1.9391254110335,-1.69695464040815,-1.45478386978279,-1.21261309915744,-0.970442328532084,-0.728271557906726,-0.486100787281375,-0.243930016656019,-0.00175924603066591,0.240411524594686,0.482582295220039,0.724753065845395,0.966923836470748,1.20909460709611,1.45126537772146,1.69343614834681,1.93560691897217,1.93560691897217,1.93560691897217,1.93560691897217,1.93560691897217,1.93560691897217,1.93560691897217,1.93560691897217,1.93560691897217,1.93560691897217,1.93560691897217,1.93560691897217,1.93560691897217,1.93560691897217,1.93560691897217,1.93560691897217,1.93560691897217,1.93560691897217,1.93560691897217,1.93560691897217,1.93560691897217,8.78814470927739,5.96041875824378,3.67490353672712,1.88384837047082,0.539502585218282,-0.40588449328709,-1.00006353930189,-1.29078522708272,-1.32580023088617,-1.15285922496881,-0.819712883587277,-0.374111880998145,0.136193108541992,0.663451410776551,1.15991235144888,1.57782525630245,1.86943945108065,1.98700426152686,1.88276901338453,1.50898303239699,1.50898303239699,1.50898303239699,1.50898303239699,1.50898303239699,1.50898303239699,1.50898303239699,1.50898303239699,1.50898303239699,1.50898303239699,1.50898303239699,1.50898303239699,1.50898303239699,1.50898303239699,1.50898303239699,1.50898303239699,1.50898303239699,1.50898303239699,1.50898303239699,1.50898303239699,1.50898303239699,4.83576624179029,3.93527847225032,3.03479070271038,2.13430293317044,1.23381516363048,0.333327394090529,-0.528273595414905,-1.18903982086144,-1.58604748816254,-1.70217581024779,-1.46995311988179,-0.896172819951131,-0.120222028016894,0.694311775708792,1.39576144869869,1.84323144624591,2.00366402354666,1.97050740748718,1.83825848019023,1.65653549904665,1.65653549904665,1.65653549904665,1.65653549904665,1.65653549904665,1.65653549904665,1.65653549904665,1.65653549904665,1.65653549904665,1.65653549904665,1.65653549904665,1.65653549904665,1.65653549904665,1.65653549904665,1.65653549904665,1.65653549904665,1.65653549904665,1.65653549904665,1.65653549904665,1.65653549904665,1.65653549904665,1,1,1,1,1,1,1,1,1,1,1,1,1,1,1,1,1,1,1,1,1,1,1,1,1,1,1,1,1,1,1,1,1,1,1,1,1,1,1,1
-1.22872827625103,-1.11761871943989,-1.95042596909682,-0.420889509560258,1.72481548499177,0.344643786627159,-1.87438460883631,1.68307414054147,-1.54121717054115,1.66866487905165,1.578416206144,-1.11897264037253,-1.2502709202405,-0.656175355426535,1.17250924649039,0.334432025491827,1.81346481421544,0.964295866808497,-1.23544458662429,0.146827946325253,0.843930801809119,-0.406133838477444,-0.618807679145997,-0.12613856058219,-0.260570109552066,-2.01714744926761,-1.53647054058145,-1.24560884747059,1.87275739017335,2.24355694828927,-0.992500677380134,0.338043784670106,-0.419514176452758,-1.8378934852985,-0.21291231010647,2.08999111888689,0.905591709259058,-1.58471899618036,-0.509908401641612,0.287460139439119,1.36334997829515,1.23035350251074,1.09735702672633,0.964360550941917,0.831364075157506,0.698367599373093,0.565371123588682,0.43237464780427,0.299378172019861,0.166381696235447,0.0333852204510361,-0.099611255333377,-0.232607731117785,-0.365604206902201,-0.498600682686609,-0.631597158471022,-0.764593634255432,-0.897590110039845,-1.03058658582426,-1.16358306160867,-1.16358306160867,-1.16358306160867,-1.16358306160867,-1.16358306160867,-1.16358306160867,-1.16358306160867,-1.16358306160867,-1.16358306160867,-1.16358306160867,-1.16358306160867,-1.16358306160867,-1.16358306160867,-1.16358306160867,-1.16358306160867,-1.16358306160867,-1.16358306160867,-1.16358306160867,-1.16358306160867,-1.16358306160867,-1.16358306160867,-30.1817932151097,-21.5655601542467,-14.5662196711284,-9.03376518087198,-4.81819009859458,-1.76948783941337,0.262348181554417,1.42732454919161,1.87544784838103,1.75672466400547,1.22116158094777,0.418765184090715,-0.500457941682875,-1.3865012114902,-2.08935804044843,-2.45902184367476,-2.3454860362863,-1.59874403340037,-0.0687892501341008,2.39438489839539,2.39438489839539,2.39438489839539,2.39438489839539,2.39438489839539,2.39438489839539,2.39438489839539,2.39438489839539,2.39438489839539,2.39438489839539,2.39438489839539,2.39438489839539,2.39438489839539,2.39438489839539,2.39438489839539,2.39438489839539,2.39438489839539,2.39438489839539,2.39438489839539,2.39438489839539,2.39438489839539,-1.56813538501501,-1.23960094443051,-0.911066503846033,-0.582532063261557,-0.25399762267707,0.0745368179074211,0.414005037863054,0.792637449633499,1.10905113315335,1.10716737696854,0.605730988996591,-0.254521501749677,-1.09840721450243,-1.63003811051802,-1.77228591851528,-1.57803183436154,-1.13169755104535,-0.502455026468001,0.271314956237646,1.13847042384518,1.13847042384518,1.13847042384518,1.13847042384518,1.13847042384518,1.13847042384518,1.13847042384518,1.13847042384518,1.13847042384518,1.13847042384518,1.13847042384518,1.13847042384518,1.13847042384518,1.13847042384518,1.13847042384518,1.13847042384518,1.13847042384518,1.13847042384518,1.13847042384518,1.13847042384518,1.13847042384518,1,1,1,1,1,1,1,1,1,1,1,1,1,1,1,1,1,1,1,1,1,1,1,1,1,1,1,1,1,1,1,1,1,1,1,1,1,1,1,1
-0.283775397218026,-2.27477239911616,0.803065580212063,0.30034784382823,-1.25071773440222,1.16752206717106,-0.640583344636742,-1.59129924061759,-0.609687141416538,0.875071149129781,3.07405716257988,-0.394123559161361,-0.645520421293957,-1.69111931975145,0.230448938205779,-0.16964588563502,0.989906462427637,-2.56772066383521,-1.33742376857195,1.21234869519919,-1.71949852188486,0.897641164807904,1.10294497263268,-0.318963296805858,-1.02621786432956,1.22579253754619,2.27518795168651,0.636886028688448,0.905268588631273,2.88414482501728,-0.205008333774776,2.68984429555415,-0.966689056821881,1.46283200918729,-0.515719458622785,-1.05969178275281,-1.71153511238474,-0.133697356671519,-0.409226825656951,0.59244360145559,-3.13404617673935,-2.90404877263392,-2.67405136852849,-2.44405396442306,-2.21405656031763,-1.9840591562122,-1.75406175210677,-1.52406434800134,-1.29406694389591,-1.06406953979048,-0.834072135685048,-0.604074731579614,-0.374077327474184,-0.144079923368755,0.0859174807366774,0.31591488484211,0.545912288947541,0.775909693052972,1.0059070971584,1.23590450126383,1.23590450126383,1.23590450126383,1.23590450126383,1.23590450126383,1.23590450126383,1.23590450126383,1.23590450126383,1.23590450126383,1.23590450126383,1.23590450126383,1.23590450126383,1.23590450126383,1.23590450126383,1.23590450126383,1.23590450126383,1.23590450126383,1.23590450126383,1.23590450126383,1.23590450126383,1.23590450126383,-10.2644438914089,-7.58325654528773,-5.45897609972759,-3.83013300736896,-2.63525772085242,-1.81288069281847,-1.30153237590769,-1.03974322276062,-0.966043686017798,-1.01896421831977,-1.13703527230706,-1.25878730062025,-1.32275075589985,-1.26745609078643,-1.03143375792053,-0.553214209942691,0.228672100506559,1.37569472078664,2.94932319825704,5.01102708027718,5.01102708027718,5.01102708027718,5.01102708027718,5.01102708027718,5.01102708027718,5.01102708027718,5.01102708027718,5.01102708027718,5.01102708027718,5.01102708027718,5.01102708027718,5.01102708027718,5.01102708027718,5.01102708027718,5.01102708027718,5.01102708027718,5.01102708027718,5.01102708027718,5.01102708027718,5.01102708027718,2.1613535832588,1.620984696683,1.0806158101072,0.540246923531409,-0.000121963044382056,-0.540490849620183,-1.05706336749937,-1.44045426461445,-1.62327915178652,-1.66803332666672,-1.68505565478514,-1.68377273210194,-1.56206600280514,-1.22037389259188,-0.632050845831586,0.155764298841753,1.04126303177799,1.93014931185625,2.79983693865666,3.66942631948258,3.66942631948258,3.66942631948258,3.66942631948258,3.66942631948258,3.66942631948258,3.66942631948258,3.66942631948258,3.66942631948258,3.66942631948258,3.66942631948258,3.66942631948258,3.66942631948258,3.66942631948258,3.66942631948258,3.66942631948258,3.66942631948258,3.66942631948258,3.66942631948258,3.66942631948258,3.66942631948258,1,1,1,1,1,1,1,1,1,1,1,1,1,1,1,1,1,1,1,1,1,1,1,1,1,1,1,1,1,1,1,1,1,1,1,1,1,1,1,1
-0.17019813343129,1.16251570019296,-0.926242795028505,0.137964900473162,1.93614302143547,3.39346425226022,1.81659787768233,-0.659814162729738,-0.777634968488583,0.502294595033007,0.862496303927822,-0.165909530582695,3.17192050852661,1.2451312236065,-1.06125379878767,-1.09349347755999,-0.589504510250595,1.58842291084438,0.960139110361812,-0.138085536824365,-0.583130051193107,-0.577146491583454,0.526079534487204,-2.76067617036969,-0.157908932636012,-3.0086285287183,-0.555781149613546,1.22054998292087,-1.76767238155863,0.800714640432206,-1.11059197759218,0.278109992644612,1.43507032369915,1.41963704313902,-0.555960868232301,-0.261739992564376,1.80350591919274,-0.682567035798733,0.870688990256772,0.80453584817613,0.34883415078979,0.350590755477058,0.352347360164326,0.354103964851595,0.355860569538863,0.357617174226131,0.359373778913399,0.361130383600667,0.362886988287935,0.364643592975204,0.366400197662474,0.368156802349741,0.369913407037009,0.371670011724278,0.373426616411548,0.375183221098814,0.376939825786083,0.378696430473349,0.380453035160619,0.38220963984789,0.38220963984789,0.38220963984789,0.38220963984789,0.38220963984789,0.38220963984789,0.38220963984789,0.38220963984789,0.38220963984789,0.38220963984789,0.38220963984789,0.38220963984789,0.38220963984789,0.38220963984789,0.38220963984789,0.38220963984789,0.38220963984789,0.38220963984789,0.38220963984789,0.38220963984789,0.38220963984789,45.6506849425779,33.3855492390689,23.317019251605,15.2486658916842,8.98406007080451,4.32677270046382,1.08037469216012,-0.951563042608594,-1.96546959234433,-2.15777404554916,-1.72490549072505,-0.863293016374064,0.230634289001765,1.36044733690046,2.32971703881996,2.94201430625822,3.00091005071328,2.30997518368304,0.672780616665525,-2.10710273884129,-2.10710273884129,-2.10710273884129,-2.10710273884129,-2.10710273884129,-2.10710273884129,-2.10710273884129,-2.10710273884129,-2.10710273884129,-2.10710273884129,-2.10710273884129,-2.10710273884129,-2.10710273884129,-2.10710273884129,-2.10710273884129,-2.10710273884129,-2.10710273884129,-2.10710273884129,-2.10710273884129,-2.10710273884129,-2.10710273884129,8.63826737937154,7.355703533214,6.07313968705641,4.79057584089884,3.50801199474129,2.22544814858372,0.986927950908287,-0.0221447278225089,-0.726411517720638,-1.11617995286344,-1.08646136067149,-0.576858997471886,0.209170496930378,0.938758191775335,1.45093604401649,1.74799536942338,1.78373704195539,1.48263264598522,0.910256514281432,0.230184704756931,0.230184704756931,0.230184704756931,0.230184704756931,0.230184704756931,0.230184704756931,0.230184704756931,0.230184704756931,0.230184704756931,0.230184704756931,0.230184704756931,0.230184704756931,0.230184704756931,0.230184704756931,0.230184704756931,0.230184704756931,0.230184704756931,0.230184704756931,0.230184704756931,0.230184704756931,0.230184704756931,0,0,1,1,1,1,1,1,1,1,1,1,1,1,1,1,1,1,1,1,1,1,1,1,1,1,1,1,1,1,1,1,1,1,1,1,1,1,1,1
-1.28774495013875,0.479926651651628,-1.79453284006877,-0.376422113411125,-0.196757602847436,-0.202035254305967,-2.37471439356502,0.465736346830252,0.848137353752985,-0.240208577324891,-1.63343042015899,-0.0562854109919826,0.866239376550602,-0.784936321226059,-1.7615750923384,0.211876924551831,-1.87855558674086,-0.18441276436158,2.4241625619935,-0.0303509247744991,0.573001387308835,-1.92023343095092,1.30225922117369,1.16813496316444,0.450739608857896,2.73611196400275,-1.24824129323232,0.530116362066991,-1.9290293844924,-0.0686771222087899,-0.734748027902082,-0.524489485043402,0.48462936164786,-0.956490513338599,-0.636483416971824,0.963511334885567,-1.18917000883252,0.324143218451878,-0.415074532429001,-0.200275615856656,-1.1686278908485,-1.14640179477406,-1.12417569869963,-1.1019496026252,-1.07972350655077,-1.05749741047634,-1.03527131440191,-1.01304521832748,-0.990819122253047,-0.968593026178619,-0.946366930104185,-0.924140834029753,-0.901914737955325,-0.879688641880893,-0.857462545806461,-0.835236449732031,-0.813010353657601,-0.790784257583168,-0.768558161508738,-0.746332065434309,-0.746332065434309,-0.746332065434309,-0.746332065434309,-0.746332065434309,-0.746332065434309,-0.746332065434309,-0.746332065434309,-0.746332065434309,-0.746332065434309,-0.746332065434309,-0.746332065434309,-0.746332065434309,-0.746332065434309,-0.746332065434309,-0.746332065434309,-0.746332065434309,-0.746332065434309,-0.746332065434309,-0.746332065434309,-0.746332065434309,14.4816722882769,9.49609798526519,5.55754540393982,2.55935233376461,0.394856564203454,-1.04260411527979,-1.85969191522126,-2.16306904615708,-2.05939771862338,-1.65534014315629,-1.05755853029196,-0.37271509056648,0.29252796548397,0.831508427323298,1.13756408441536,1.10403272622402,0.624252142213129,-0.408439878153406,-2.10070554541174,-4.55920707009798,-4.55920707009798,-4.55920707009798,-4.55920707009798,-4.55920707009798,-4.55920707009798,-4.55920707009798,-4.55920707009798,-4.55920707009798,-4.55920707009798,-4.55920707009798,-4.55920707009798,-4.55920707009798,-4.55920707009798,-4.55920707009798,-4.55920707009798,-4.55920707009798,-4.55920707009798,-4.55920707009798,-4.55920707009798,-4.55920707009798,-2.64118172041755,-2.4398041360636,-2.23842655170965,-2.03704896735569,-1.83567138300174,-1.63429379864778,-1.43119207721487,-1.22048722050509,-1.00830099605673,-0.814054364003518,-0.655225846097361,-0.536053728978221,-0.453771130808768,-0.415443285361158,-0.441995534845116,-0.548836070655899,-0.727594133836975,-0.954512579275239,-1.20930194802719,-1.47766576711752,-1.47766576711752,-1.47766576711752,-1.47766576711752,-1.47766576711752,-1.47766576711752,-1.47766576711752,-1.47766576711752,-1.47766576711752,-1.47766576711752,-1.47766576711752,-1.47766576711752,-1.47766576711752,-1.47766576711752,-1.47766576711752,-1.47766576711752,-1.47766576711752,-1.47766576711752,-1.47766576711752,-1.47766576711752,-1.47766576711752,1,1,1,1,1,1,1,1,1,1,1,1,1,1,1,1,1,1,1,1,1,1,1,1,1,1,1,1,1,1,1,1,1,1,1,1,1,1,1,1
2.96070833619455,-0.412921859706001,2.20674512127944,-1.09638888294336,-1.00240827165824,-1.82461886734194,3.38110657055387,-1.33257929360134,2.19197618354602,1.20858197172383,-0.938191735281855,-0.275477660724462,1.8504207069011,1.43169818048607,-2.26696080256355,0.65898236820952,-0.66091276912697,1.36568010043826,-2.33968147041936,1.31403678542189,-1.06633804510844,-1.35495110449079,0.782865452787403,-1.20546147677802,-0.0393130879827588,0.155939063488692,-1.45834712106969,-1.93778982209495,0.538688920786285,-2.86759706991248,0.993633562483963,1.08621440649296,-0.586753615288115,-1.14222130405456,-0.754310001448911,-0.268668850965486,-0.272290574674226,0.589663756911614,0.166210426173555,-0.0600061286025486,2.0497799393238,1.92615754743721,1.80253515555062,1.67891276366402,1.55529037177743,1.43166797989084,1.30804558800424,1.18442319611765,1.06080080423105,0.93717841234446,0.813556020457865,0.689933628571271,0.566311236684678,0.442688844798084,0.319066452911487,0.195444061024896,0.0718216691383002,-0.0518007227482951,-0.175423114634889,-0.29904550652148,-0.29904550652148,-0.29904550652148,-0.29904550652148,-0.29904550652148,-0.29904550652148,-0.29904550652148,-0.29904550652148,-0.29904550652148,-0.29904550652148,-0.29904550652148,-0.29904550652148,-0.29904550652148,-0.29904550652148,-0.29904550652148,-0.29904550652148,-0.29904550652148,-0.29904550652148,-0.29904550652148,-0.29904550652148,-0.29904550652148,-31.8789071396259,-22.5656631342411,-15.0007124895368,-9.02145182053864,-4.46527774227228,-1.16958686976342,1.02822418196226,2.2907587978791,2.7806203629614,2.66041226218349,2.09273788051968,1.24020060294429,0.265403814431671,-0.669049100043923,-1.40055475550808,-1.76650976698656,-1.60431074950501,-0.751354318089119,0.954962912235404,3.6772443264431,3.6772443264431,3.6772443264431,3.6772443264431,3.6772443264431,3.6772443264431,3.6772443264431,3.6772443264431,3.6772443264431,3.6772443264431,3.6772443264431,3.6772443264431,3.6772443264431,3.6772443264431,3.6772443264431,3.6772443264431,3.6772443264431,3.6772443264431,3.6772443264431,3.6772443264431,3.6772443264431,-15.5844853552021,-12.8773941203979,-10.1703028855936,-7.46321165078937,-4.75612041598513,-2.04902918118087,0.535852936306673,2.44611459382474,3.31554994408878,3.16616588430233,2.25911695150574,1.00942511716804,-0.151756263088256,-0.914224683678295,-1.06787454670589,-0.582821318105216,0.190570064429348,0.705266093520159,0.715719401364437,0.4026987843752,0.4026987843752,0.4026987843752,0.4026987843752,0.4026987843752,0.4026987843752,0.4026987843752,0.4026987843752,0.4026987843752,0.4026987843752,0.4026987843752,0.4026987843752,0.4026987843752,0.4026987843752,0.4026987843752,0.4026987843752,0.4026987843752,0.4026987843752,0.4026987843752,0.4026987843752,0.4026987843752,1,1,1,1,1,1,1,1,1,1,1,1,1,1,1,1,1,1,1,1,1,1,1,1,1,1,1,1,1,1,1,1,1,1,1,1,1,1,1,1
0.181562861540884,1.6305986588088,0.729558624233673,1.17404845084383,2.43518930633223,-0.740817467062106,0.48829527407703,-0.740707659661165,-1.56260708260908,1.09694362970628,-0.668966538161218,0.954180775602556,-1.90376724208976,-0.100058735220056,-0.882829216298457,1.34845521988849,0.752824512984642,0.990413623454309,-1.35607712074435,1.18353543631968,1.57839818527903,0.699278646967064,2.04755139079764,0.338095367626291,-0.741170947346074,1.40343988555032,-0.888425681102291,-1.68253135913274,-0.416017383923876,0.780636894163411,0.0694817337184013,-0.172923127515993,-2.91396296051041,0.10725334375285,-1.93906939127479,3.87661444151067,2.84997617861841,1.13889391626984,-0.178894623316431,-2.16625928846182,-0.127379545251108,-0.118632022038981,-0.109884498826855,-0.101136975614728,-0.0923894524026014,-0.0836419291904758,-0.0748944059783501,-0.0661468827662226,-0.0573993595540969,-0.0486518363419677,-0.0399043131298438,-0.0311567899177181,-0.0224092667055906,-0.0136617434934632,-0.00491422028133748,0.00383330293078821,0.0125808261429157,0.0213283493550414,0.0300758725671653,0.0388233957792927,0.0388233957792927,0.0388233957792927,0.0388233957792927,0.0388233957792927,0.0388233957792927,0.0388233957792927,0.0388233957792927,0.0388233957792927,0.0388233957792927,0.0388233957792927,0.0388233957792927,0.0388233957792927,0.0388233957792927,0.0388233957792927,0.0388233957792927,0.0388233957792927,0.0388233957792927,0.0388233957792927,0.0388233957792927,0.0388233957792927,-2.67911055393635,-2.34389604275205,-1.99540116041016,-1.64091727542875,-1.28773575632592,-0.943147971619752,-0.614445289828327,-0.30891907946974,-0.0338607090620737,0.203438452876588,0.39568703782815,0.535593677274537,0.615867002697664,0.62921564557943,0.568348237401768,0.425973409646572,0.19479979379577,-0.132463978668719,-0.563109276265006,-1.10442746751114,-1.10442746751114,-1.10442746751114,-1.10442746751114,-1.10442746751114,-1.10442746751114,-1.10442746751114,-1.10442746751114,-1.10442746751114,-1.10442746751114,-1.10442746751114,-1.10442746751114,-1.10442746751114,-1.10442746751114,-1.10442746751114,-1.10442746751114,-1.10442746751114,-1.10442746751114,-1.10442746751114,-1.10442746751114,-1.10442746751114,-0.129269039102866,-0.120297029106656,-0.111325019110444,-0.102353009114236,-0.0933809991180272,-0.0844089891218172,-0.0754368761744812,-0.0664661911144258,-0.0575058681411171,-0.0485624835142939,-0.0396369002389232,-0.0307369877719399,-0.021875737906651,-0.0130511595299598,-0.00424676257751244,0.00454265438514234,0.0133026517441746,0.0220216036259231,0.0307079413763667,0.0393803533823078,0.0393803533823078,0.0393803533823078,0.0393803533823078,0.0393803533823078,0.0393803533823078,0.0393803533823078,0.0393803533823078,0.0393803533823078,0.0393803533823078,0.0393803533823078,0.0393803533823078,0.0393803533823078,0.0393803533823078,0.0393803533823078,0.0393803533823078,0.0393803533823078,0.0393803533823078,0.0393803533823078,0.0393803533823078,0.0393803533823078,1,1,1,1,1,1,1,1,1,1,1,1,1,1,1,1,1,1,1,1,1,1,1,1,1,1,1,1,1,1,1,1,1,1,1,1,1,1,1,1
-0.468809893265468,-1.33347943682365,2.39875590794148,-0.874343336484595,1.57611920475421,-0.0902998375515587,-1.26624993700894,-1.35122804115057,-0.897562587692041,0.90759278743268,-0.924175517381386,0.545161681000204,-2.50433669426609,-0.555586993715645,-0.487526940826783,2.05120119930746,1.36134110652317,0.802105028339037,-1.32958042309131,-2.7071239202536,-1.35480096073681,0.0540181357611509,1.08648837463445,-2.4719519169851,-0.178695695431497,1.02268937185353,-2.01125968045592,-1.39375923141079,1.88570531132681,-1.84832212635369,-2.37598903397391,-1.68346653951556,-1.302942260389,-1.19997020901551,-2.73680980631349,0.475663441923791,2.21455028812563,2.49700391063069,-1.73006886631057,1.48825391979225,-1.47071071691641,-1.32671771791756,-1.18272471891871,-1.03873171991987,-0.894738720921019,-0.750745721922168,-0.606752722923323,-0.462759723924476,-0.318766724925629,-0.174773725926778,-0.030780726927933,0.113212272070914,0.257205271069761,0.40119827006861,0.545191269067454,0.689184268066301,0.833177267065151,0.977170266063997,1.12116326506284,1.26515626406169,1.26515626406169,1.26515626406169,1.26515626406169,1.26515626406169,1.26515626406169,1.26515626406169,1.26515626406169,1.26515626406169,1.26515626406169,1.26515626406169,1.26515626406169,1.26515626406169,1.26515626406169,1.26515626406169,1.26515626406169,1.26515626406169,1.26515626406169,1.26515626406169,1.26515626406169,1.26515626406169,8.19483747713474,5.23496384557811,2.9247165844056,1.19816566719859,-0.0106189324615142,-0.767567240993309,-1.13860928481541,-1.18967509034641,-0.986694684004922,-0.595598092209555,-0.0823153413788802,0.487223542068461,1.04708853171387,1.53134960113875,1.87407672392451,2.00933987365253,1.87120902390421,1.39375414826094,0.511045220304142,-0.842847786384837,-0.842847786384837,-0.842847786384837,-0.842847786384837,-0.842847786384837,-0.842847786384837,-0.842847786384837,-0.842847786384837,-0.842847786384837,-0.842847786384837,-0.842847786384837,-0.842847786384837,-0.842847786384837,-0.842847786384837,-0.842847786384837,-0.842847786384837,-0.842847786384837,-0.842847786384837,-0.842847786384837,-0.842847786384837,-0.842847786384837,-2.45190067643264,-2.19497931732783,-1.93805795822302,-1.68113659911821,-1.42421524001339,-1.16729388090859,-0.907364647332779,-0.633209061463697,-0.348737738020258,-0.0719614328913067,0.182314262033048,0.406303206596755,0.592877664717271,0.73549931096777,0.832795606545924,0.889447015522592,0.914753488881322,0.921304545879932,0.921297339767555,0.921255588391695,0.921255588391695,0.921255588391695,0.921255588391695,0.921255588391695,0.921255588391695,0.921255588391695,0.921255588391695,0.921255588391695,0.921255588391695,0.921255588391695,0.921255588391695,0.921255588391695,0.921255588391695,0.921255588391695,0.921255588391695,0.921255588391695,0.921255588391695,0.921255588391695,0.921255588391695,0.921255588391695,1,1,1,1,1,1,1,1,1,1,1,1,1,1,1,1,1,1,1,1,1,1,1,1,1,1,1,1,1,1,1,1,1,1,1,1,1,1,1,1
-1.20372256270645,-1.25459091610805,-1.73025660519533,3.07168809777111,3.2406081639093,-0.709188134266475,0.938370479457649,-2.67674289463477,1.02051354877647,0.412739342995105,-1.6224739109909,-2.99237179327991,-1.75685860428642,-0.798896673212797,0.965628370772416,-0.202392745709734,-2.05866307472693,0.225661704006454,1.88180982610939,2.97555815643109,-0.864285598406738,0.386599889249172,1.43953398776939,-0.657386044403804,1.46403033956381,-3.4377459381266,-0.576604715971229,0.993857464489365,-1.87802133308235,-1.09326247996373,0.759278944444729,0.993606393902542,-0.182891074111179,-2.01804738016604,1.86063079384304,-2.49827589923896,0.382331908802,1.77958922018711,-1.34684095444334,0.0604040981053195,1.61086359522624,1.51607281350187,1.4212820317775,1.32649125005313,1.23170046832876,1.13690968660439,1.04211890488002,0.947328123155645,0.852537341431278,0.757746559706906,0.662955777982537,0.568164996258167,0.473374214533797,0.378583432809426,0.283792651085054,0.189001869360684,0.094211087636312,-0.00057969408805647,-0.095370475812425,-0.190161257536797,-0.190161257536797,-0.190161257536797,-0.190161257536797,-0.190161257536797,-0.190161257536797,-0.190161257536797,-0.190161257536797,-0.190161257536797,-0.190161257536797,-0.190161257536797,-0.190161257536797,-0.190161257536797,-0.190161257536797,-0.190161257536797,-0.190161257536797,-0.190161257536797,-0.190161257536797,-0.190161257536797,-0.190161257536797,-0.190161257536797,-8.12562206841114,-5.34927816589732,-3.13733562910428,-1.43455366798815,-0.185691492505126,0.664491687388649,1.17123666173701,1.38978422058379,1.37537515397282,1.18325025194795,0.868650304553013,0.48681610183184,0.0929884338282765,-0.257591909413849,-0.509684137850696,-0.608047461438435,-0.497441090133206,-0.122624233891209,0.571643897331413,1.64060409357853,1.64060409357853,1.64060409357853,1.64060409357853,1.64060409357853,1.64060409357853,1.64060409357853,1.64060409357853,1.64060409357853,1.64060409357853,1.64060409357853,1.64060409357853,1.64060409357853,1.64060409357853,1.64060409357853,1.64060409357853,1.64060409357853,1.64060409357853,1.64060409357853,1.64060409357853,1.64060409357853,1.61264935970276,1.51762244143708,1.42259552317141,1.32756860490573,1.23254168664005,1.13751476837437,1.04248881749402,0.947468499266366,0.852459695029262,0.757474103714072,0.662533883756661,0.567662600676746,0.472869028423879,0.378145078159855,0.283480877818757,0.18887559007748,0.0943311729672835,-0.000158675030167643,-0.0946103437022323,-0.189044133101058,-0.189044133101058,-0.189044133101058,-0.189044133101058,-0.189044133101058,-0.189044133101058,-0.189044133101058,-0.189044133101058,-0.189044133101058,-0.189044133101058,-0.189044133101058,-0.189044133101058,-0.189044133101058,-0.189044133101058,-0.189044133101058,-0.189044133101058,-0.189044133101058,-0.189044133101058,-0.189044133101058,-0.189044133101058,-0.189044133101058,1,1,1,1,1,1,1,1,1,1,1,1,1,1,1,1,1,1,1,1,1,1,1,1,1,1,1,1,1,1,1,1,1,1,1,1,1,1,1,1
0.537655848502648,-0.83401035185011,1.80343886689133,0.0308504711504449,-1.46329050721814,1.52096414329404,0.97915228469647,0.789714004029069,1.81266699576686,0.220320292237908,-0.373490338035994,-0.868567940571539,-1.68356399530383,-0.333137840972688,1.33656445290718,-0.386827642941254,1.57318039585592,1.63874615398403,-0.37923144731845,-0.444243269986327,1.72009117602968,1.87286101338103,1.79644820637203,0.360734425037029,-0.4616539301934,-0.614557298966469,-3.54462531015588,0.371084148923394,-0.713125633204212,-0.934405478094444,1.33815223160491,0.273658917713886,2.39458793671147,0.00739499515331588,1.54019912700931,-1.61272072683679,-2.03345200937374,-1.36771500863906,1.74689680644243,0.328766849139839,-0.3308103705928,-0.382797562906197,-0.434784755219594,-0.486771947532989,-0.538759139846383,-0.590746332159783,-0.642733524473178,-0.694720716786573,-0.746707909099971,-0.798695101413367,-0.850682293726763,-0.902669486040161,-0.954656678353555,-1.00664387066695,-1.05863106298035,-1.11061825529375,-1.16260544760714,-1.21459263992054,-1.26657983223393,-1.31856702454733,-1.31856702454733,-1.31856702454733,-1.31856702454733,-1.31856702454733,-1.31856702454733,-1.31856702454733,-1.31856702454733,-1.31856702454733,-1.31856702454733,-1.31856702454733,-1.31856702454733,-1.31856702454733,-1.31856702454733,-1.31856702454733,-1.31856702454733,-1.31856702454733,-1.31856702454733,-1.31856702454733,-1.31856702454733,-1.31856702454733,-12.4717931309749,-9.12063693218461,-6.40574712404482,-4.26739510252384,-2.64585226358994,-1.48139000321141,-0.714279717356518,-0.284792801993554,-0.133200653090791,-0.199774666616502,-0.424786238538985,-0.748506764826498,-1.11120764144732,-1.45316026436974,-1.71463602956205,-1.83590633299251,-1.7572425706294,-1.41891613844102,-0.761198432395609,0.275639151538531,0.275639151538531,0.275639151538531,0.275639151538531,0.275639151538531,0.275639151538531,0.275639151538531,0.275639151538531,0.275639151538531,0.275639151538531,0.275639151538531,0.275639151538531,0.275639151538531,0.275639151538531,0.275639151538531,0.275639151538531,0.275639151538531,0.275639151538531,0.275639151538531,0.275639151538531,0.275639151538531,1.26321394819217,1.00074401012984,0.738274072067506,0.475804134005173,0.213334195942842,-0.04913574211949,-0.311552522910585,-0.57186412219685,-0.819895744544008,-1.04072640761554,-1.22214293876459,-1.35499220788644,-1.42922774434274,-1.43579840735189,-1.37310692106084,-1.24885843575691,-1.07743988781177,-0.878059052268581,-0.670098518137637,-0.46363818588053,-0.46363818588053,-0.46363818588053,-0.46363818588053,-0.46363818588053,-0.46363818588053,-0.46363818588053,-0.46363818588053,-0.46363818588053,-0.46363818588053,-0.46363818588053,-0.46363818588053,-0.46363818588053,-0.46363818588053,-0.46363818588053,-0.46363818588053,-0.46363818588053,-0.46363818588053,-0.46363818588053,-0.46363818588053,-0.46363818588053,1,1,1,1,1,1,1,1,1,1,1,1,1,1,1,1,1,1,1,1,1,1,1,1,1,1,1,1,1,1,1,1,1,1,1,1,1,1,1,1
3.71085737308936,-1.00476858406145,-1.87156410071317,-0.340008496268887,0.819232291875426,-1.00474486595997,0.149075704248927,-0.865448759682241,-2.08667472503072,0.100114116218041,-0.408185554757976,-0.644916901670676,2.70247585809716,0.506321917950942,-0.594678045711644,-1.49087984858236,-2.31751031378107,1.19512436923231,1.25650042529144,-0.412940295974757,0.457066187884557,0.417251057266713,0.480780345671736,2.28844097750376,3.06569089453275,-1.08280517572137,-1.47572390095614,1.13943827845533,1.2267860289504,0.43708240844501,-2.3025355266674,0.664030486365233,-1.7971252300051,-1.48108152368174,0.0555489862277607,-0.620292004460637,-1.2765504753745,-0.405946638986485,-0.628900397680969,0.601013033662317,-0.941968232321647,-0.819212952840356,-0.696457673359065,-0.573702393877774,-0.450947114396484,-0.328191834915195,-0.205436555433902,-0.0826812759526128,0.0400740035286784,0.16282928300997,0.285584562491259,0.40833984197255,0.53109512145384,0.653850400935132,0.776605680416422,0.899360959897711,1.022116239379,1.1448715188603,1.26762679834158,1.39038207782287,1.39038207782287,1.39038207782287,1.39038207782287,1.39038207782287,1.39038207782287,1.39038207782287,1.39038207782287,1.39038207782287,1.39038207782287,1.39038207782287,1.39038207782287,1.39038207782287,1.39038207782287,1.39038207782287,1.39038207782287,1.39038207782287,1.39038207782287,1.39038207782287,1.39038207782287,1.39038207782287,-16.7705367313547,-11.9099757132002,-7.98678886804249,-4.90942274183453,-2.58632388052923,-0.925938830079513,0.163285863561685,0.772903654441457,0.994467996606854,0.919532344104951,0.639650150982849,0.246374871287594,-0.168740040933745,-0.514141131634064,-0.698274946766322,-0.629588032283442,-0.216526934138313,0.632461801716083,2.00893162932688,4.00443600274111,4.00443600274111,4.00443600274111,4.00443600274111,4.00443600274111,4.00443600274111,4.00443600274111,4.00443600274111,4.00443600274111,4.00443600274111,4.00443600274111,4.00443600274111,4.00443600274111,4.00443600274111,4.00443600274111,4.00443600274111,4.00443600274111,4.00443600274111,4.00443600274111,4.00443600274111,4.00443600274111,-0.780721846812113,-0.757697043763324,-0.734672240714541,-0.711647437665763,-0.688622634616977,-0.665597831568192,-0.6042411466724,-0.335569179390609,0.206117320991707,0.832503869472079,1.22101554498066,1.18672927115155,0.822594798433048,0.375820138628315,0.057559185514501,-0.00126553967544218,0.265759401977339,0.804984162492149,1.44823937199314,2.07538389207124,2.07538389207124,2.07538389207124,2.07538389207124,2.07538389207124,2.07538389207124,2.07538389207124,2.07538389207124,2.07538389207124,2.07538389207124,2.07538389207124,2.07538389207124,2.07538389207124,2.07538389207124,2.07538389207124,2.07538389207124,2.07538389207124,2.07538389207124,2.07538389207124,2.07538389207124,2.07538389207124,1,1,1,1,1,1,1,1,1,1,1,1,1,1,1,1,1,1,1,1,1,1,1,1,1,1,1,1,1,1,1,1,1,1,1,1,1,1,1,1
-0.103270807242368,-1.93492015243816,2.70337435172048,-1.23255366092128,-0.244889222648987,0.546257178440226,1.07764402705202,0.588380827815835,-1.2722444018666,0.544253733395562,0.669794282259224,-2.46508514914201,-1.37582672560699,-0.200464881889221,-1.55911345808657,-0.767658567039355,1.57988912994758,-0.542192788005801,1.47999599551106,-0.380204008409679,-1.34769720523486,-1.24469666931408,0.0181703563661877,-0.036191151051753,-0.417743906201469,-1.78598412343784,0.496206719799835,0.450303476694094,2.47883949109414,-1.25836110598848,-0.47869627272525,0.859950669633211,-1.25742107302221,-0.962676888537864,-2.64528087300645,0.997997872745787,-1.14303802104052,2.27430221591671,1.59622321035128,1.87337257990834,-4.81989275272531,-4.46053014422619,-4.10116753572708,-3.74180492722797,-3.38244231872886,-3.02307971022974,-2.66371710173063,-2.30435449323152,-1.9449918847324,-1.58562927623329,-1.22626666773418,-0.866904059235065,-0.507541450735953,-0.148178842236838,0.211183766262273,0.570546374761387,0.929908983260498,1.28927159175961,1.64863420025872,2.00799680875784,2.00799680875784,2.00799680875784,2.00799680875784,2.00799680875784,2.00799680875784,2.00799680875784,2.00799680875784,2.00799680875784,2.00799680875784,2.00799680875784,2.00799680875784,2.00799680875784,2.00799680875784,2.00799680875784,2.00799680875784,2.00799680875784,2.00799680875784,2.00799680875784,2.00799680875784,2.00799680875784,-8.73846692417374,-7.16445159230055,-5.84822558078694,-4.76242580005722,-3.87968916053573,-3.1726525726468,-2.61395294681476,-2.17622719346394,-1.83211222301868,-1.55424494590331,-1.31526227254215,-1.08780111335955,-0.844498378779829,-0.557990979227311,-0.200915825126332,0.254090173098758,0.834390105023642,1.56734706022399,2.48032412827547,3.60068439875377,3.60068439875377,3.60068439875377,3.60068439875377,3.60068439875377,3.60068439875377,3.60068439875377,3.60068439875377,3.60068439875377,3.60068439875377,3.60068439875377,3.60068439875377,3.60068439875377,3.60068439875377,3.60068439875377,3.60068439875377,3.60068439875377,3.60068439875377,3.60068439875377,3.60068439875377,3.60068439875377,-3.15423855845085,-3.01103596705661,-2.86783337566236,-2.72463078426812,-2.58142819287388,-2.43822560147963,-2.29215808467203,-2.13312026086631,-1.96652146977925,-1.80324320464311,-1.63208078624812,-1.4195689998943,-1.13381879179438,-0.758104060815327,-0.285394212791662,0.287538651683569,0.956394809285307,1.70431313925958,2.50424280818824,3.32750125611013,3.32750125611013,3.32750125611013,3.32750125611013,3.32750125611013,3.32750125611013,3.32750125611013,3.32750125611013,3.32750125611013,3.32750125611013,3.32750125611013,3.32750125611013,3.32750125611013,3.32750125611013,3.32750125611013,3.32750125611013,3.32750125611013,3.32750125611013,3.32750125611013,3.32750125611013,3.32750125611013,1,1,1,1,1,1,1,1,1,1,1,1,1,1,1,1,1,1,1,1,1,1,1,1,1,1,1,1,1,1,1,1,1,1,1,1,1,1,1,1
1.50106537636192,-0.133935868874463,-1.63790233895529,-0.712521537930885,-0.905861117106054,1.4060536195422,2.62600015070442,-1.10029333368332,-0.853438217771894,1.4698957044496,0.878319349525366,1.56146363442847,0.100832435940433,-0.502221755374554,2.28859272662795,1.171693829991,-0.514952650635376,2.87911985666411,-1.9902638119116,-2.30729664374985,0.465317715843224,3.96909163214669,-0.0247222753109728,0.547947100789303,-1.30767372184719,-1.32633095526768,-2.04661529569954,-0.37998106933397,0.533549731314096,0.971845036584138,-2.05148611066483,-1.8229705440363,1.97667107686473,0.689170140661453,1.24591566726157,1.03175868951666,-1.47445259146495,-1.55536035628571,1.49896574281613,0.214262716086782,2.42037833850199,2.24740662483188,2.07443491116176,1.90146319749165,1.72849148382154,1.55551977015143,1.38254805648132,1.20957634281121,1.0366046291411,0.863632915470987,0.690661201800875,0.517689488130765,0.344717774460653,0.171746060790543,-0.00122565287956888,-0.174197366549681,-0.347169080219791,-0.520140793889905,-0.693112507560015,-0.866084221230125,-0.866084221230125,-0.866084221230125,-0.866084221230125,-0.866084221230125,-0.866084221230125,-0.866084221230125,-0.866084221230125,-0.866084221230125,-0.866084221230125,-0.866084221230125,-0.866084221230125,-0.866084221230125,-0.866084221230125,-0.866084221230125,-0.866084221230125,-0.866084221230125,-0.866084221230125,-0.866084221230125,-0.866084221230125,-0.866084221230125,39.9879757008934,29.433546475905,20.7795163165732,13.8520561683593,8.47733697672471,4.48152968713059,1.69080524503828,-0.0686654040908961,-0.970711314795683,-1.18916154161479,-0.897845139086844,-0.27059116175062,0.518771335855163,1.29641329919186,1.88850567372078,2.12121940490315,1.82072543820027,0.813194719073513,-1.0752018070159,-4.01829319460662,-4.01829319460662,-4.01829319460662,-4.01829319460662,-4.01829319460662,-4.01829319460662,-4.01829319460662,-4.01829319460662,-4.01829319460662,-4.01829319460662,-4.01829319460662,-4.01829319460662,-4.01829319460662,-4.01829319460662,-4.01829319460662,-4.01829319460662,-4.01829319460662,-4.01829319460662,-4.01829319460662,-4.01829319460662,-4.01829319460662,5.53666169644314,4.84950500501354,4.162348313584,3.47519162215444,2.78803493072488,2.10087823929532,1.42577169744968,0.831322536340312,0.423408087988362,0.259181334466383,0.278581265119419,0.36787273847804,0.489979032050305,0.663087740861853,0.810390174673932,0.758155849827531,0.397516342469318,-0.261220451906407,-1.16203456715874,-2.21012010660403,-2.21012010660403,-2.21012010660403,-2.21012010660403,-2.21012010660403,-2.21012010660403,-2.21012010660403,-2.21012010660403,-2.21012010660403,-2.21012010660403,-2.21012010660403,-2.21012010660403,-2.21012010660403,-2.21012010660403,-2.21012010660403,-2.21012010660403,-2.21012010660403,-2.21012010660403,-2.21012010660403,-2.21012010660403,-2.21012010660403,1,1,1,1,1,1,1,1,1,1,1,1,1,1,1,1,1,1,1,1,1,1,1,1,1,1,1,1,1,1,1,1,1,1,1,1,1,1,1,1
0.608030586934889,0.993653457067214,0.384091339740292,1.53363544006375,-0.807866774287531,-0.522062678461895,2.245811136734,1.91722327674011,0.0842481946520319,-1.36753528122304,2.59545494043705,-0.742011963947585,-0.674641400076458,-2.73443189106874,-2.4790196378301,-0.990207876684227,2.1247423493771,0.106200754347071,-1.56577643117372,0.525853405110283,2.1143759865148,0.562554597808166,0.0464968203082599,-0.00999717627141194,-1.2917405757341,1.49287424562871,2.30684497157211,-0.357383569833962,1.79086347385454,2.80934419833392,-1.39796129598502,-0.982423703315778,-0.943839034814145,2.34591354963052,1.41354175639309,1.79845745310599,-2.85141983577653,3.57808480342661,0.67758061093785,-1.25530604132271,1.68254634113747,1.56508264609142,1.44761895104537,1.33015525599932,1.21269156095326,1.09522786590721,0.977764170861157,0.860300475815103,0.742836780769052,0.625373085722996,0.507909390676945,0.390445695630891,0.27298200058484,0.155518305538786,0.0380546104927326,-0.0794090845533191,-0.196872779599371,-0.314336474645426,-0.431800169691479,-0.549263864737531,-0.549263864737531,-0.549263864737531,-0.549263864737531,-0.549263864737531,-0.549263864737531,-0.549263864737531,-0.549263864737531,-0.549263864737531,-0.549263864737531,-0.549263864737531,-0.549263864737531,-0.549263864737531,-0.549263864737531,-0.549263864737531,-0.549263864737531,-0.549263864737531,-0.549263864737531,-0.549263864737531,-0.549263864737531,-0.549263864737531,-15.7548445901408,-10.9845694770167,-7.13001379535383,-4.10515075230673,-1.82395355502983,-0.20039541067758,0.851550473595562,1.41791089063514,1.58471263328669,1.43798249439578,1.06374726680796,0.548033743368748,-0.0231312830762889,-0.563721019681617,-0.98770867360169,-1.20906745199093,-1.14177056200383,-0.699791210794839,0.202897394481635,1.65232204667105,1.65232204667105,1.65232204667105,1.65232204667105,1.65232204667105,1.65232204667105,1.65232204667105,1.65232204667105,1.65232204667105,1.65232204667105,1.65232204667105,1.65232204667105,1.65232204667105,1.65232204667105,1.65232204667105,1.65232204667105,1.65232204667105,1.65232204667105,1.65232204667105,1.65232204667105,1.65232204667105,-3.32786579621949,-2.59102951941294,-1.85419324260637,-1.1173569657998,-0.380520688993213,0.356315587813351,1.05467056609336,1.54015277963902,1.70261559364511,1.55609263068278,1.05132813614626,0.0752443938531542,-1.14429721258141,-1.89844832323561,-1.64882624579789,-0.680747847522339,0.223973895137641,0.636334249561328,0.7119509642606,0.722584665949165,0.722584665949165,0.722584665949165,0.722584665949165,0.722584665949165,0.722584665949165,0.722584665949165,0.722584665949165,0.722584665949165,0.722584665949165,0.722584665949165,0.722584665949165,0.722584665949165,0.722584665949165,0.722584665949165,0.722584665949165,0.722584665949165,0.722584665949165,0.722584665949165,0.722584665949165,0.722584665949165,1,1,1,1,1,1,1,1,1,1,1,1,1,1,1,1,1,1,1,1,1,1,1,1,1,1,1,1,1,1,1,1,1,1,1,1,1,1,1,1
0.945627260079462,-1.70735905222711,-0.307496676303792,-0.201270410784161,-1.21251285588374,-0.376352830858307,-0.123253498092043,0.627906068763044,-0.0422400019620017,-1.68274287160904,-0.134244109876278,0.337947123231947,-0.214392838719375,-0.214244189457389,-1.34891603004334,-2.68356085579242,-0.0235456418069795,1.52190430338375,0.175967484472714,-0.154652282318619,0.67459992481413,1.4594451704849,-1.96966930520406,0.309586335987106,-0.830258728002812,1.52925467498871,-0.205506813390341,0.508304885705829,0.05685680284477,-1.27172124524129,-0.254951524062058,1.51166201704189,1.02199360657976,-0.673474732525159,0.836114610537374,1.75600640341348,0.0956341895270754,1.26700394458108,0.378519344857958,-0.858747545074088,-0.638048322905157,-0.604189482872961,-0.570330642840768,-0.536471802808574,-0.502612962776379,-0.468754122744184,-0.434895282711991,-0.401036442679795,-0.367177602647603,-0.333318762615407,-0.299459922583214,-0.265601082551019,-0.231742242518825,-0.19788340248663,-0.164024562454435,-0.130165722422243,-0.0963068823900475,-0.0624480423578522,-0.0285892023256586,0.0052696377065331,0.0052696377065331,0.0052696377065331,0.0052696377065331,0.0052696377065331,0.0052696377065331,0.0052696377065331,0.0052696377065331,0.0052696377065331,0.0052696377065331,0.0052696377065331,0.0052696377065331,0.0052696377065331,0.0052696377065331,0.0052696377065331,0.0052696377065331,0.0052696377065331,0.0052696377065331,0.0052696377065331,0.0052696377065331,0.0052696377065331,4.46980309641036,3.44567364427962,2.52855992588578,1.71695548261298,1.00935385584538,0.404248586967128,-0.0998667826376263,-0.504498711584723,-0.811153658490017,-1.02133808196936,-1.13655844063859,-1.15832119311358,-1.08813279801014,-0.927499713944137,-0.677928399531435,-0.340925313387856,0.0820030858707277,0.589350339628483,1.17960998926955,1.85127557617811,1.85127557617811,1.85127557617811,1.85127557617811,1.85127557617811,1.85127557617811,1.85127557617811,1.85127557617811,1.85127557617811,1.85127557617811,1.85127557617811,1.85127557617811,1.85127557617811,1.85127557617811,1.85127557617811,1.85127557617811,1.85127557617811,1.85127557617811,1.85127557617811,1.85127557617811,1.85127557617811,3.39470720616904,2.85557392209326,2.31644063801752,1.77730735394177,1.238174069866,0.699040785790251,0.17569800825746,-0.260450609510879,-0.574945770616925,-0.835376344559661,-1.12508025953034,-1.42005295987133,-1.61840813992187,-1.6280050650789,-1.35702876670617,-0.734481139393747,0.169090926858999,1.14570960111173,2.03771752872598,2.84525886080777,2.84525886080777,2.84525886080777,2.84525886080777,2.84525886080777,2.84525886080777,2.84525886080777,2.84525886080777,2.84525886080777,2.84525886080777,2.84525886080777,2.84525886080777,2.84525886080777,2.84525886080777,2.84525886080777,2.84525886080777,2.84525886080777,2.84525886080777,2.84525886080777,2.84525886080777,2.84525886080777,1,1,1,1,1,1,1,1,1,1,1,1,1,1,1,1,1,1,1,1,1,1,1,1,1,1,1,1,1,1,1,1,1,1,1,1,1,1,1,1
0.311703541844008,-3.17604948541392,-2.09461793246287,-0.475723764923941,-0.553641689853209,1.89359766016842,-1.05914385485153,-1.6301178877492,-0.683960859541255,0.561993761477853,-1.02796344884682,1.29535123608729,-0.991733141474677,0.0665680107309576,1.14474501823044,0.157125144386303,0.142799892947831,-1.33654082913213,-0.212518709611276,-0.264477501541643,2.09674728980466,0.991165919482119,-0.724757232713255,-1.74017436072603,0.402943881738489,-1.18693012757951,-1.160739850037,-1.49646473787612,-1.23839990416547,-0.21979318326521,-1.26066023864159,-0.504307984934869,0.990618257339667,-0.66455719517079,0.742416561289755,0.156986092975707,-0.0414268553605162,-1.36904922186358,-2.84586719773413,-1.6634254608042,-1.51163349270418,-1.39026575973112,-1.26889802675805,-1.14753029378498,-1.02616256081192,-0.904794827838852,-0.783427094865788,-0.662059361892721,-0.540691628919657,-0.41932389594659,-0.297956162973524,-0.176588430000459,-0.0552206970273925,0.0661470359456722,0.187514768918739,0.308882501891803,0.43025023486487,0.551617967837934,0.672985700811003,0.794353433784067,0.794353433784067,0.794353433784067,0.794353433784067,0.794353433784067,0.794353433784067,0.794353433784067,0.794353433784067,0.794353433784067,0.794353433784067,0.794353433784067,0.794353433784067,0.794353433784067,0.794353433784067,0.794353433784067,0.794353433784067,0.794353433784067,0.794353433784067,0.794353433784067,0.794353433784067,0.794353433784067,13.8461696807536,9.44995830456558,5.93532322321278,3.21704083975165,1.20988755723871,-0.171360221269594,-1.01192609271675,-1.39703365404628,-1.41190650220169,-1.14176823412652,-0.671842446764236,-0.0873527370583904,0.526477298047524,1.08442406160995,1.50126395668539,1.69177338633042,1.5707287536014,1.05290646155491,0.0530829132473514,-1.51396548826473,-1.51396548826473,-1.51396548826473,-1.51396548826473,-1.51396548826473,-1.51396548826473,-1.51396548826473,-1.51396548826473,-1.51396548826473,-1.51396548826473,-1.51396548826473,-1.51396548826473,-1.51396548826473,-1.51396548826473,-1.51396548826473,-1.51396548826473,-1.51396548826473,-1.51396548826473,-1.51396548826473,-1.51396548826473,-1.51396548826473,7.39065762906467,5.9334860289768,4.47631442888897,3.01914282880111,1.56197122871325,0.104799628625413,-1.22841430511745,-1.89396632676598,-1.65053034550881,-0.855776542673011,-0.0637019930143889,0.472614640031713,0.861143849284332,1.21790079771396,1.41319285689168,1.25161340234622,0.761982008979512,0.144948959751833,-0.471461148334694,-1.07664672170974,-1.07664672170974,-1.07664672170974,-1.07664672170974,-1.07664672170974,-1.07664672170974,-1.07664672170974,-1.07664672170974,-1.07664672170974,-1.07664672170974,-1.07664672170974,-1.07664672170974,-1.07664672170974,-1.07664672170974,-1.07664672170974,-1.07664672170974,-1.07664672170974,-1.07664672170974,-1.07664672170974,-1.07664672170974,-1.07664672170974,1,1,1,1,1,1,1,1,1,1,1,1,1,1,1,1,1,1,1,1,1,1,1,1,1,1,1,1,1,1,1,1,1,1,1,1,1,1,1,1
0.659512097501295,1.81875573691355,-0.740931954493294,0.509836630380312,-1.15665476171964,0.95903353396256,0.683522546775236,-1.13166363897445,-1.53359978559474,0.154950166456523,2.15314002745422,-0.684826799522614,0.771946492845222,-0.0874785884272526,-2.47839182321432,0.874572552588427,-2.62956347413928,-0.718991991663646,0.77384606171119,-2.19347534901069,0.447651862939704,0.686965556054821,-1.66211298196394,-1.88938530793897,-1.19820897885692,1.60838453126588,-1.89706078466574,-1.41674672832741,0.132478859693103,0.707744870770187,-1.10047209157728,-0.596105692568921,1.19555031419618,3.31763188307741,1.78196376085873,-0.520531229199644,0.914911258377481,-1.84651176722247,0.327086525916739,-1.33192875217892,1.33105106685829,1.13668065872864,0.942310250598981,0.747939842469325,0.55356943433967,0.359199026210014,0.164828618080357,-0.0295417900492971,-0.223912198178953,-0.41828260630861,-0.612653014438267,-0.807023422567921,-1.00139383069758,-1.19576423882723,-1.39013464695689,-1.58450505508655,-1.7788754632162,-1.97324587134586,-2.16761627947551,-2.36198668760517,-2.36198668760517,-2.36198668760517,-2.36198668760517,-2.36198668760517,-2.36198668760517,-2.36198668760517,-2.36198668760517,-2.36198668760517,-2.36198668760517,-2.36198668760517,-2.36198668760517,-2.36198668760517,-2.36198668760517,-2.36198668760517,-2.36198668760517,-2.36198668760517,-2.36198668760517,-2.36198668760517,-2.36198668760517,-2.36198668760517,14.0033976506956,10.5715666456088,7.67850002760008,5.27954596228631,3.33005261528448,1.78536815221157,0.600840738684548,-0.268181459679642,-0.866350277264013,-1.23831754845161,-1.42873510762547,-1.48225478916861,-1.44352842746406,-1.35720785689487,-1.26794491184408,-1.22039142669472,-1.25919923582979,-1.42902017363238,-1.77450607448551,-2.34030877277216,-2.34030877277216,-2.34030877277216,-2.34030877277216,-2.34030877277216,-2.34030877277216,-2.34030877277216,-2.34030877277216,-2.34030877277216,-2.34030877277216,-2.34030877277216,-2.34030877277216,-2.34030877277216,-2.34030877277216,-2.34030877277216,-2.34030877277216,-2.34030877277216,-2.34030877277216,-2.34030877277216,-2.34030877277216,-2.34030877277216,1.33804465389272,1.14271006897228,0.947375484051848,0.75204089913141,0.55670631421097,0.361371729290532,0.166046310888285,-0.0292195980028058,-0.224349579263331,-0.419276570050959,-0.613982938450006,-0.808504068784785,-1.00287760275956,-1.19710667438632,-1.39117874002143,-1.5850817180663,-1.7787975518454,-1.972328469858,-2.16573135591902,-2.35908467839516,-2.35908467839516,-2.35908467839516,-2.35908467839516,-2.35908467839516,-2.35908467839516,-2.35908467839516,-2.35908467839516,-2.35908467839516,-2.35908467839516,-2.35908467839516,-2.35908467839516,-2.35908467839516,-2.35908467839516,-2.35908467839516,-2.35908467839516,-2.35908467839516,-2.35908467839516,-2.35908467839516,-2.35908467839516,-2.35908467839516,1,1,1,1,1,1,1,1,1,1,1,1,1,1,1,1,0,1,1,1,1,1,1,1,1,1,1,1,1,1,1,1,1,1,1,1,1,1,1,1
0.744137892336595,-2.01620942925897,-0.0738153881484225,1.89609895186945,-1.18006778877419,0.462897794875756,0.162625985807828,-0.871537749904411,-0.148032770732387,-0.171249024463918,-2.10404836391681,-0.164296152542017,0.449173111827811,-1.08896134107204,-0.04843508934586,0.283479352530799,-0.0667169961670133,-0.514950659450426,-0.389633845391257,-0.302943650015825,0.881634768205544,1.0920534640327,-0.462730093485233,0.412765743986968,0.0884250056544591,1.0768121696555,0.475172175648092,0.481921891123234,0.7805454325339,-1.81512097412254,-0.190690702553683,-1.32628833555776,0.159609324468237,-0.317117518601636,-2.37779303905586,1.85199788481173,-0.826652004906423,1.42185514753384,-0.0137647978711097,0.530490055647894,-3.10445071991503,-2.91035261990681,-2.71625451989859,-2.52215641989037,-2.32805831988215,-2.13396021987393,-1.93986211986571,-1.74576401985748,-1.55166591984926,-1.35756781984104,-1.16346971983282,-0.969371619824599,-0.775273519816377,-0.581175419808156,-0.387077319799934,-0.192979219791713,0.00111888021650586,0.19521698022473,0.389315080232951,0.583413180241173,0.583413180241173,0.583413180241173,0.583413180241173,0.583413180241173,0.583413180241173,0.583413180241173,0.583413180241173,0.583413180241173,0.583413180241173,0.583413180241173,0.583413180241173,0.583413180241173,0.583413180241173,0.583413180241173,0.583413180241173,0.583413180241173,0.583413180241173,0.583413180241173,0.583413180241173,0.583413180241173,-7.68217007633445,-7.1457206411279,-6.49962325684087,-5.76782206677758,-4.97426121424224,-4.14288484253905,-3.29763709497224,-2.462462114846,-1.66130404546454,-0.918107030132109,-0.256815212152858,0.298627265168967,0.724276258529141,0.996187624623493,1.09041722014779,0.983020901797808,0.650054526269386,0.0675739502582591,-0.788364969539796,-1.94170637642891,-1.94170637642891,-1.94170637642891,-1.94170637642891,-1.94170637642891,-1.94170637642891,-1.94170637642891,-1.94170637642891,-1.94170637642891,-1.94170637642891,-1.94170637642891,-1.94170637642891,-1.94170637642891,-1.94170637642891,-1.94170637642891,-1.94170637642891,-1.94170637642891,-1.94170637642891,-1.94170637642891,-1.94170637642891,-1.94170637642891,-8.87104302491221,-7.90777330980803,-6.94450359470384,-5.98123387959967,-5.01796416449548,-4.0546944493913,-3.1034576104568,-2.21901012099796,-1.43963048843112,-0.769802114999752,-0.206364465093289,0.239478228356727,0.535979040036743,0.653449582249415,0.598831143640606,0.405538090176734,0.0959562181064246,-0.308563532054988,-0.760400128924587,-1.21671893447545,-1.21671893447545,-1.21671893447545,-1.21671893447545,-1.21671893447545,-1.21671893447545,-1.21671893447545,-1.21671893447545,-1.21671893447545,-1.21671893447545,-1.21671893447545,-1.21671893447545,-1.21671893447545,-1.21671893447545,-1.21671893447545,-1.21671893447545,-1.21671893447545,-1.21671893447545,-1.21671893447545,-1.21671893447545,-1.21671893447545,1,1,1,1,1,1,1,1,1,1,1,1,1,1,1,1,1,1,1,1,1,1,1,1,1,1,1,1,1,1,1,1,1,1,1,1,1,1,1,1
-0.320722241976736,-0.504596590736575,-0.0660645573394136,-0.222138784271069,-0.113143707064276,-1.451801795568,-0.938147640848007,2.7735996536138,-1.82448559552781,0.924384481221516,0.69161113166661,0.962824706854347,-0.561760479736728,0.629656600728513,0.206138511972494,-2.36838683305599,-0.324741129391638,2.5728868405749,1.09804015536386,0.899272849315167,-2.13434783953708,2.45461598395147,1.49073629436554,-3.02772843248388,0.464791108113722,-0.723499462698918,-3.19496511543134,-0.14394580683522,1.43146372933579,0.205963088319093,0.920776431744676,-1.30766730188557,1.61749290466488,2.61813718629524,-0.352343460622807,-0.583978805310611,-0.976263658926527,1.8191030107209,0.619121699318628,0.216307648993029,0.33860061741092,0.341052298766422,0.343503980121922,0.345955661477422,0.348407342832923,0.350859024188424,0.353310705543924,0.355762386899427,0.358214068254926,0.360665749610428,0.363117430965929,0.365569112321431,0.368020793676932,0.370472475032432,0.372924156387933,0.375375837743432,0.377827519098934,0.380279200454435,0.382730881809936,0.385182563165436,0.385182563165436,0.385182563165436,0.385182563165436,0.385182563165436,0.385182563165436,0.385182563165436,0.385182563165436,0.385182563165436,0.385182563165436,0.385182563165436,0.385182563165436,0.385182563165436,0.385182563165436,0.385182563165436,0.385182563165436,0.385182563165436,0.385182563165436,0.385182563165436,0.385182563165436,0.385182563165436,2.9817633260606,2.44989960256247,1.97138827384349,1.54566512530109,1.17216594233268,0.850326510335683,0.579582614707512,0.359370040845583,0.189124574147318,0.0682820000101341,-0.00372189616855323,-0.0274513289913241,-0.00347051306076729,0.0676563370205372,0.185365006650015,0.349091281225066,0.558270946143127,0.812339786801598,1.11073358859791,1.45288813692948,1.45288813692948,1.45288813692948,1.45288813692948,1.45288813692948,1.45288813692948,1.45288813692948,1.45288813692948,1.45288813692948,1.45288813692948,1.45288813692948,1.45288813692948,1.45288813692948,1.45288813692948,1.45288813692948,1.45288813692948,1.45288813692948,1.45288813692948,1.45288813692948,1.45288813692948,1.45288813692948,-0.818362796416283,-0.470222318366821,-0.122081840317353,0.226058637732127,0.574199115781612,0.922339593831089,1.17754752356641,0.963286096260969,0.255903092929479,-0.514838400995645,-0.918817639126804,-0.816499299030044,-0.302713582501957,0.388982091061759,0.944953385889763,1.15316200070897,1.06264205343845,0.854661506997095,0.612610669705713,0.334125116944453,0.334125116944453,0.334125116944453,0.334125116944453,0.334125116944453,0.334125116944453,0.334125116944453,0.334125116944453,0.334125116944453,0.334125116944453,0.334125116944453,0.334125116944453,0.334125116944453,0.334125116944453,0.334125116944453,0.334125116944453,0.334125116944453,0.334125116944453,0.334125116944453,0.334125116944453,0.334125116944453,1,1,1,1,1,1,1,1,1,1,1,1,1,1,1,1,1,1,1,1,1,1,1,1,1,1,1,1,1,1,1,1,1,1,1,1,1,1,1,1
-2.10643530407085,-1.94930033869425,-1.3063939753454,0.774360424529798,2.91467608734647,-0.248921143468988,3.33935114205483,-1.27321866172831,-1.49858332342386,-1.19600094015279,1.44884874810428,0.161588861288315,1.92955887469765,-2.93320394246575,-1.20151030603922,0.280625229366141,0.149733779652015,-1.39827642536597,-1.83638004654999,-2.39085638324642,0.339152569241776,-0.290266064311028,-0.285731108747942,-0.51161395928372,1.82977854501011,1.27530629637145,0.150490926380904,0.137491652260691,2.1200970326354,-4.42729636025438,-2.82243085470542,-0.571515561778547,-0.721646710008038,1.37407359770958,-0.396911273304074,-1.57908476621327,-0.320973276441844,0.311792765152767,-1.47793514757963,1.96684206254667,0.912640002277503,0.824030638675519,0.735421275073536,0.646811911471552,0.558202547869568,0.469593184267585,0.3809838206656,0.292374457063616,0.203765093461634,0.115155729859648,0.0265463662576657,-0.0620629973443183,-0.150672360946302,-0.239281724548285,-0.327891088150269,-0.416500451752253,-0.505109815354238,-0.593719178956222,-0.682328542558203,-0.770937906160189,-0.770937906160189,-0.770937906160189,-0.770937906160189,-0.770937906160189,-0.770937906160189,-0.770937906160189,-0.770937906160189,-0.770937906160189,-0.770937906160189,-0.770937906160189,-0.770937906160189,-0.770937906160189,-0.770937906160189,-0.770937906160189,-0.770937906160189,-0.770937906160189,-0.770937906160189,-0.770937906160189,-0.770937906160189,-0.770937906160189,1.53380226364015,0.480773608383375,-0.248061258923506,-0.694433993825433,-0.900076251867341,-0.906719688594168,-0.756095959550861,-0.489936720282354,-0.14997362633358,0.222061666750514,0.584437503424985,0.895422228144902,1.11328418536533,1.19629171954132,1.10271317512794,0.790816896580239,0.218871228353306,-0.654855485097839,-1.87209489931811,-3.47457866985243,-3.47457866985243,-3.47457866985243,-3.47457866985243,-3.47457866985243,-3.47457866985243,-3.47457866985243,-3.47457866985243,-3.47457866985243,-3.47457866985243,-3.47457866985243,-3.47457866985243,-3.47457866985243,-3.47457866985243,-3.47457866985243,-3.47457866985243,-3.47457866985243,-3.47457866985243,-3.47457866985243,-3.47457866985243,-3.47457866985243,-3.49028138380196,-3.02213794892349,-2.55399451404501,-2.08585107916654,-1.61770764428807,-1.1495642094096,-0.706911444822802,-0.377400814709324,-0.0991224766546317,0.262952230319486,0.715622311164843,1.14120599196929,1.40742138255392,1.4156554159306,1.12995923725435,0.590615034452027,-0.145364348197024,-1.05609014528143,-2.11909232846544,-3.26967371615604,-3.26967371615604,-3.26967371615604,-3.26967371615604,-3.26967371615604,-3.26967371615604,-3.26967371615604,-3.26967371615604,-3.26967371615604,-3.26967371615604,-3.26967371615604,-3.26967371615604,-3.26967371615604,-3.26967371615604,-3.26967371615604,-3.26967371615604,-3.26967371615604,-3.26967371615604,-3.26967371615604,-3.26967371615604,-3.26967371615604,1,1,1,1,1,1,1,1,1,1,1,1,1,1,1,1,1,1,1,1,1,1,1,1,1,1,1,1,1,1,1,1,1,1,1,1,1,1,1,1
0.355486751782386,1.26205844145584,-1.57697397199358,-4.31571957355651,0.509753614226481,-0.186649213177313,-0.0952388720442636,0.793914959935032,1.7375333788269,-0.4482156228874,-1.62153328215073,1.10650441449174,-1.15394652154429,0.58684289293414,1.25320276774545,-2.12536246733162,1.13586378446084,-0.543701396961923,1.0969970580262,-0.871159832877042,0.637046253850034,-1.35416396531539,1.45381809213211,-0.0686618133722785,0.736090482425043,1.23383159271188,-2.90543045143475,-1.38000214124538,2.82635045462016,0.871539501173869,-0.121284974495543,-1.60711954130139,-0.49401637012507,0.223419844207804,1.92639535940604,-0.692407183338508,-0.0788696457176545,-0.877077200559805,-0.279952231418644,-1.40502652326942,2.44329599859389,2.19303944835908,1.94278289812427,1.69252634788946,1.44226979765465,1.19201324741984,0.941756697185033,0.691500146950224,0.441243596715415,0.190987046480602,-0.059269503754205,-0.309526053989016,-0.559782604223827,-0.810039154458636,-1.06029570469345,-1.31055225492826,-1.56080880516307,-1.81106535539787,-2.06132190563269,-2.3115784558675,-2.3115784558675,-2.3115784558675,-2.3115784558675,-2.3115784558675,-2.3115784558675,-2.3115784558675,-2.3115784558675,-2.3115784558675,-2.3115784558675,-2.3115784558675,-2.3115784558675,-2.3115784558675,-2.3115784558675,-2.3115784558675,-2.3115784558675,-2.3115784558675,-2.3115784558675,-2.3115784558675,-2.3115784558675,-2.3115784558675,8.57108334737602,6.64143442388847,5.01582466941297,3.66699545958994,2.56768817005981,1.69064417646301,1.00860485443996,0.494311579631082,0.120505727676822,-0.14007132578242,-0.31467820510621,-0.430573534654117,-0.515015938785718,-0.595264041860583,-0.69857646823831,-0.852211842278454,-1.08342878834058,-1.41948593078427,-1.88764189396913,-2.5151553022547,-2.5151553022547,-2.5151553022547,-2.5151553022547,-2.5151553022547,-2.5151553022547,-2.5151553022547,-2.5151553022547,-2.5151553022547,-2.5151553022547,-2.5151553022547,-2.5151553022547,-2.5151553022547,-2.5151553022547,-2.5151553022547,-2.5151553022547,-2.5151553022547,-2.5151553022547,-2.5151553022547,-2.5151553022547,-2.5151553022547,3.18338822263785,2.85676430143977,2.5301403802417,2.20351645904362,1.87689253784554,1.55026861664747,1.21428417654272,0.831730261658702,0.402451315889085,-0.0332979864724976,-0.434943969693304,-0.772439225677152,-1.01862172684412,-1.15548697927865,-1.18259660572517,-1.11431921891638,-0.975288104302264,-0.795256665840508,-0.599145573446215,-0.400000929039132,-0.400000929039132,-0.400000929039132,-0.400000929039132,-0.400000929039132,-0.400000929039132,-0.400000929039132,-0.400000929039132,-0.400000929039132,-0.400000929039132,-0.400000929039132,-0.400000929039132,-0.400000929039132,-0.400000929039132,-0.400000929039132,-0.400000929039132,-0.400000929039132,-0.400000929039132,-0.400000929039132,-0.400000929039132,-0.400000929039132,1,1,1,1,1,1,1,1,1,1,1,1,1,1,1,1,1,1,1,1,1,1,1,1,1,1,1,1,1,1,1,1,1,1,1,1,1,1,1,1
-1.27296685616909,1.03433716428709,-3.09375117112292,1.44631246553375,0.150878402953206,1.24125797396167,0.014457728647864,2.6283356284068,1.87703984857446,-0.614905306970407,1.41887975602147,-1.47318329456827,0.714354517863267,-0.447786564314949,-2.49521683917707,-2.85522060346921,1.78415479228885,1.57753502797441,-0.680952912997995,0.206569936209531,1.01389757459372,-0.837760296936425,0.50828174380492,-1.16056074288123,-1.14668524903989,-0.12830740576446,-2.0121993045081,-0.528052167081688,-0.57723641483067,-0.421488320590012,-0.464512687981649,-0.585804476330331,-1.46668092131729,-0.910786501222203,-1.57739164717655,0.983541633265359,0.262223007450762,-3.51711713036821,0.674773269430302,-1.12778433684836,3.78734325984097,3.5490355766372,3.31072789343343,3.07242021022966,2.83411252702589,2.59580484382211,2.35749716061834,2.11918947741457,1.8808817942108,1.64257411100703,1.40426642780326,1.16595874459949,0.927651061395714,0.689343378191943,0.451035694988173,0.212728011784399,-0.0255796714193703,-0.263887354623142,-0.502195037826914,-0.740502721030683,-0.740502721030683,-0.740502721030683,-0.740502721030683,-0.740502721030683,-0.740502721030683,-0.740502721030683,-0.740502721030683,-0.740502721030683,-0.740502721030683,-0.740502721030683,-0.740502721030683,-0.740502721030683,-0.740502721030683,-0.740502721030683,-0.740502721030683,-0.740502721030683,-0.740502721030683,-0.740502721030683,-0.740502721030683,-0.740502721030683,16.6547360842623,13.2621975536493,10.359710737581,7.91047974294915,5.87770867664524,4.22460164556091,2.9143627565878,1.91019611661748,1.17530583254163,0.672896011251796,0.366170759639639,0.218334184596738,0.192590393014752,0.252143491785246,0.360197587799874,0.479956787950247,0.574625199127926,0.607406928224618,0.541506082131825,0.340126767741298,0.340126767741298,0.340126767741298,0.340126767741298,0.340126767741298,0.340126767741298,0.340126767741298,0.340126767741298,0.340126767741298,0.340126767741298,0.340126767741298,0.340126767741298,0.340126767741298,0.340126767741298,0.340126767741298,0.340126767741298,0.340126767741298,0.340126767741298,0.340126767741298,0.340126767741298,0.340126767741298,4.46390001514374,4.13560118637314,3.80730235760254,3.47900352883193,3.15070470006133,2.82240587129072,2.49348872370762,2.16237622085586,1.83430785628703,1.52127052844575,1.23379202106578,0.973406036821554,0.733297999065275,0.509159995464959,0.308688126794879,0.144674167443991,0.0196695502410353,-0.0760161815196643,-0.154199861649303,-0.224189127954505,-0.224189127954505,-0.224189127954505,-0.224189127954505,-0.224189127954505,-0.224189127954505,-0.224189127954505,-0.224189127954505,-0.224189127954505,-0.224189127954505,-0.224189127954505,-0.224189127954505,-0.224189127954505,-0.224189127954505,-0.224189127954505,-0.224189127954505,-0.224189127954505,-0.224189127954505,-0.224189127954505,-0.224189127954505,-0.224189127954505,1,1,1,1,1,1,1,1,1,1,1,1,1,1,1,1,1,1,1,1,1,1,1,1,1,1,1,1,1,1,1,1,1,1,1,1,1,1,1,1
-0.305542925701607,-0.76861189022588,1.00561208957039,1.13528996823929,0.916397945706912,1.25502994902029,-0.156165675108532,-0.751707876308767,1.57259910970712,0.88252141880643,-0.217592985360357,0.410276112296151,-0.84499593614167,-2.28453593501685,2.23800176499445,0.0589490696464363,-2.00367847403654,-1.26637607559808,3.15493452892607,-0.3099139392779,-1.37725014330611,0.0310981874145089,-1.93889782842677,-0.0608307893110887,-2.05032144757532,-0.4619568531322,-1.83641360943006,2.33098465521041,-0.409147177216667,-0.0149977653041748,1.59503471834576,1.79124925819372,1.03349475796384,-0.129061850656996,-0.212076363098044,-1.72654052283182,-0.842974307937185,0.432403325614093,0.835086673838234,1.21009779820943,2.90496882484209,2.56523379033259,2.22549875582308,1.88576372131358,1.54602868680407,1.20629365229456,0.866558617785056,0.526823583275553,0.187088548766045,-0.15264648574346,-0.492381520252964,-0.832116554762472,-1.17185158927198,-1.51158662378148,-1.85132165829099,-2.1910566928005,-2.53079172731,-2.87052676181951,-3.21026179632901,-3.54999683083852,-3.54999683083852,-3.54999683083852,-3.54999683083852,-3.54999683083852,-3.54999683083852,-3.54999683083852,-3.54999683083852,-3.54999683083852,-3.54999683083852,-3.54999683083852,-3.54999683083852,-3.54999683083852,-3.54999683083852,-3.54999683083852,-3.54999683083852,-3.54999683083852,-3.54999683083852,-3.54999683083852,-3.54999683083852,-3.54999683083852,5.95222816951739,4.74276694086967,3.69159011538986,2.78488004074082,2.00881906458543,1.34958953458656,0.793373798407078,0.32635420370986,-0.065286901842228,-0.395367170586306,-0.677704254859506,-0.926115806998959,-1.15441947934178,-1.37643292422512,-1.60597379398608,-1.85685974096181,-2.14290841748944,-2.47793747590607,-2.87576456854885,-3.35020734775491,-3.35020734775491,-3.35020734775491,-3.35020734775491,-3.35020734775491,-3.35020734775491,-3.35020734775491,-3.35020734775491,-3.35020734775491,-3.35020734775491,-3.35020734775491,-3.35020734775491,-3.35020734775491,-3.35020734775491,-3.35020734775491,-3.35020734775491,-3.35020734775491,-3.35020734775491,-3.35020734775491,-3.35020734775491,-3.35020734775491,1.64133790650578,1.46091409578968,1.28049028507359,1.10006647435749,0.919642663641389,0.739218852925292,0.558466626095623,0.375319355235673,0.184782396017793,-0.0231488845400083,-0.263206137288032,-0.548946112805677,-0.884220756539294,-1.25916843778367,-1.65250197292787,-2.03769792018956,-2.39436672446528,-2.7208661289037,-3.03249615508432,-3.3428427089153,-3.3428427089153,-3.3428427089153,-3.3428427089153,-3.3428427089153,-3.3428427089153,-3.3428427089153,-3.3428427089153,-3.3428427089153,-3.3428427089153,-3.3428427089153,-3.3428427089153,-3.3428427089153,-3.3428427089153,-3.3428427089153,-3.3428427089153,-3.3428427089153,-3.3428427089153,-3.3428427089153,-3.3428427089153,-3.3428427089153,1,1,1,1,1,1,1,1,1,1,1,1,1,1,1,1,1,1,1,1,1,1,1,1,1,1,1,1,1,1,1,1,1,1,1,1,1,1,1,1
0.421777621645946,-1.07759688236325,2.27375780340481,2.38786794006658,0.81618411906513,0.142700259384624,0.941272906796766,0.883699398038843,0.987598925253836,-1.59185188886766,0.227552246852229,0.7101884027394,1.69140604551598,0.966922079924588,0.856831216837072,1.27273439763463,-0.472149803422203,-0.347689070134795,0.360696374136641,-2.28484526410727,0.764758080635918,1.11839595716189,-0.196233939493778,2.71913342431217,-0.597652999611395,-2.02437945486276,-0.9765811156522,-3.56148890077591,-1.35507640726168,2.51155406615447,-2.27012150378904,1.42568998024146,-0.675833898158402,1.06265444665546,-2.75140969690735,0.600597681591506,-0.541153520460753,-3.610599987946,2.05210514733055,-1.85843523733549,-0.402490612211481,-0.337107105884605,-0.271723599557729,-0.206340093230854,-0.140956586903977,-0.0755730805771018,-0.0101895742502256,0.0551939320766506,0.120577438403526,0.185960944730402,0.251344451057276,0.316727957384153,0.382111463711029,0.447494970037905,0.512878476364781,0.578261982691656,0.643645489018532,0.709028995345408,0.774412501672282,0.83979600799916,0.83979600799916,0.83979600799916,0.83979600799916,0.83979600799916,0.83979600799916,0.83979600799916,0.83979600799916,0.83979600799916,0.83979600799916,0.83979600799916,0.83979600799916,0.83979600799916,0.83979600799916,0.83979600799916,0.83979600799916,0.83979600799916,0.83979600799916,0.83979600799916,0.83979600799916,0.83979600799916,-14.6358680996966,-11.6161433388724,-8.9516914177237,-6.62535710332517,-4.6199851627513,-2.9184203630766,-1.50350747137562,-0.358091254722884,0.534983519807087,1.19287208513975,1.6327296742006,1.87171151991508,1.92697285520868,1.81566891300686,1.5549549262351,1.16198612781887,0.65391775068364,0.0479050277548652,-0.638896808041963,-1.38933252378136,-1.38933252378136,-1.38933252378136,-1.38933252378136,-1.38933252378136,-1.38933252378136,-1.38933252378136,-1.38933252378136,-1.38933252378136,-1.38933252378136,-1.38933252378136,-1.38933252378136,-1.38933252378136,-1.38933252378136,-1.38933252378136,-1.38933252378136,-1.38933252378136,-1.38933252378136,-1.38933252378136,-1.38933252378136,-1.38933252378136,-4.71983019758369,-4.12797524977486,-3.53612030196602,-2.94426535415719,-2.35241040634835,-1.76055545853952,-1.16714227089183,-0.570625298983491,0.00997245255198465,0.564377732829136,1.08924806970924,1.53614248269985,1.82291469784266,1.89798125540424,1.74742450065637,1.37495506513553,0.821858686981033,0.164078780219462,-0.539160599727273,-1.26102301126394,-1.26102301126394,-1.26102301126394,-1.26102301126394,-1.26102301126394,-1.26102301126394,-1.26102301126394,-1.26102301126394,-1.26102301126394,-1.26102301126394,-1.26102301126394,-1.26102301126394,-1.26102301126394,-1.26102301126394,-1.26102301126394,-1.26102301126394,-1.26102301126394,-1.26102301126394,-1.26102301126394,-1.26102301126394,-1.26102301126394,1,1,1,1,1,1,1,1,1,1,1,1,0,0,1,1,1,1,1,1,1,1,1,1,1,1,1,1,1,1,1,1,1,1,1,1,1,1,1,1
1.28231427647651,0.248728102847188,1.34300803760966,-0.285238675944393,-2.35033230226966,-0.125752782037326,0.230824449378506,-0.815917240694747,1.81009456295518,3.45496699595616,2.58564180296002,-1.70814221779912,0.604479214920646,-1.42159295133824,1.22846664437097,1.57955934139441,-0.140614121275741,-0.358493962207509,1.22158530237744,-0.93709167987407,-2.24520224345831,2.28183381221185,1.39761419704506,0.653257936498949,-0.430206968629786,0.0341549327782644,1.93763648062856,0.34938964684784,-2.03397408627625,3.01538147758222,0.306875870800154,-2.43986083257523,1.12219141898283,-1.87947363718014,1.32664457042026,1.28654047577835,-1.68857296858986,-1.44500893289923,0.888788028607214,-0.0157603088437988,-0.607889326889888,-0.516659773606691,-0.425430220323495,-0.334200667040299,-0.242971113757102,-0.151741560473907,-0.0605120071907113,0.0307175460924842,0.121947099375681,0.213176652658877,0.304406205942074,0.39563575922527,0.486865312508467,0.578094865791662,0.669324419074858,0.760553972358053,0.851783525641249,0.943013078924446,1.03424263220764,1.12547218549084,1.12547218549084,1.12547218549084,1.12547218549084,1.12547218549084,1.12547218549084,1.12547218549084,1.12547218549084,1.12547218549084,1.12547218549084,1.12547218549084,1.12547218549084,1.12547218549084,1.12547218549084,1.12547218549084,1.12547218549084,1.12547218549084,1.12547218549084,1.12547218549084,1.12547218549084,1.12547218549084,1.87601959597911,1.54359317891352,1.2365700279154,0.95717193422206,0.70762068907082,0.490138083698991,0.306945909343895,0.160265957242846,0.0523200186331572,-0.0146701152478439,-0.0384826531628679,-0.0168958038745579,0.052312223854365,0.171363221261247,0.34247897958338,0.567881290058102,0.849791943922712,1.19043273241451,1.59202544677088,2.05679187822907,2.05679187822907,2.05679187822907,2.05679187822907,2.05679187822907,2.05679187822907,2.05679187822907,2.05679187822907,2.05679187822907,2.05679187822907,2.05679187822907,2.05679187822907,2.05679187822907,2.05679187822907,2.05679187822907,2.05679187822907,2.05679187822907,2.05679187822907,2.05679187822907,2.05679187822907,2.05679187822907,4.78244098333163,4.08057510912071,3.37870923490979,2.67684336069886,1.97497748648793,1.27311161227701,0.583090099413974,-0.0271067290018951,-0.450740052358816,-0.62629948087722,-0.594808413045431,-0.439943514054958,-0.19743489314698,0.124033643016991,0.467473156410744,0.760553298671665,1.02137409068545,1.35418415911786,1.82597874503277,2.39633878470814,2.39633878470814,2.39633878470814,2.39633878470814,2.39633878470814,2.39633878470814,2.39633878470814,2.39633878470814,2.39633878470814,2.39633878470814,2.39633878470814,2.39633878470814,2.39633878470814,2.39633878470814,2.39633878470814,2.39633878470814,2.39633878470814,2.39633878470814,2.39633878470814,2.39633878470814,2.39633878470814,1,1,1,1,1,1,1,1,1,1,1,1,1,1,1,1,1,1,1,1,1,1,1,1,1,1,1,1,1,1,1,1,1,1,1,1,1,1,1,1
-0.59435477368905,1.94205965466502,0.363329301778489,1.76218188020836,-0.696954911973895,2.79165992507377,1.05552712671545,1.05750038908933,0.990047477877072,0.162522679402816,1.37017590374045,-0.0859303940931007,1.01489526291952,-0.738832469226589,-0.250060867839068,2.33015865324259,1.09864420476709,-0.1594806437149,-0.285712871832603,0.832061153724734,3.41595112514619,2.57516896955215,0.547288637508885,-0.155566354339427,-2.50959635155223,-0.0189406448792546,-1.63442527107359,-1.32362190901654,-1.2965702099171,-1.08161031974441,1.53964493901348,-0.604396591778345,-0.313102493630549,-0.00898611925013881,-2.64757093496672,-0.208910977249671,1.99579116361608,1.28844239329196,-0.100302711856175,0.839625226324843,0.36407180261839,0.493758828701453,0.623445854784514,0.753132880867574,0.882819906950637,1.0125069330337,1.14219395911676,1.27188098519982,1.40156801128288,1.53125503736594,1.66094206344901,1.79062908953207,1.92031611561513,2.05000314169819,2.17969016778125,2.30937719386431,2.43906421994737,2.56875124603044,2.6984382721135,2.82812529819656,2.82812529819656,2.82812529819656,2.82812529819656,2.82812529819656,2.82812529819656,2.82812529819656,2.82812529819656,2.82812529819656,2.82812529819656,2.82812529819656,2.82812529819656,2.82812529819656,2.82812529819656,2.82812529819656,2.82812529819656,2.82812529819656,2.82812529819656,2.82812529819656,2.82812529819656,2.82812529819656,-1.75730130957376,-1.01945964881943,-0.405489044815224,0.0976295696964193,0.502915261973069,0.823387099272288,1.07206414885164,1.26196547796869,1.406110153881,1.51751724384614,1.60920581512168,1.69419493496516,1.78550367063417,1.89615108938626,2.039156258479,2.22753824516995,2.47431611671668,2.79250894037675,3.19513578340773,3.69521571306718,3.69521571306718,3.69521571306718,3.69521571306718,3.69521571306718,3.69521571306718,3.69521571306718,3.69521571306718,3.69521571306718,3.69521571306718,3.69521571306718,3.69521571306718,3.69521571306718,3.69521571306718,3.69521571306718,3.69521571306718,3.69521571306718,3.69521571306718,3.69521571306718,3.69521571306718,3.69521571306718,1.20977779555144,1.21911048110591,1.22844316666036,1.23777585221482,1.24710853776928,1.25644122332374,1.26721321896924,1.28780079024038,1.33010551692406,1.39394277777478,1.46795418999316,1.55081322073393,1.65659514653155,1.80345636896541,2.00606826419951,2.26240512420542,2.54609858508977,2.83528082891142,3.1377279396836,3.46087375699351,3.46087375699351,3.46087375699351,3.46087375699351,3.46087375699351,3.46087375699351,3.46087375699351,3.46087375699351,3.46087375699351,3.46087375699351,3.46087375699351,3.46087375699351,3.46087375699351,3.46087375699351,3.46087375699351,3.46087375699351,3.46087375699351,3.46087375699351,3.46087375699351,3.46087375699351,3.46087375699351,1,1,1,1,1,1,1,1,1,1,1,1,1,1,1,1,1,1,1,1,1,1,1,1,1,1,1,1,1,1,1,1,1,1,1,1,1,1,1,1
-0.430752035291869,1.53316078755913,0.0980568689742842,-0.268524806330944,3.14607220043458,1.61755823868142,-3.19897020602876,-0.540920556654607,0.973043670272252,0.755923911585489,-0.273285378018461,-1.41595315259941,0.899836393965543,0.0294331369345855,1.59621304057892,0.016075456614919,0.452417595651978,0.4940066872072,-2.54521553783645,-0.0408411877902779,1.42987389042363,2.31673345397868,-0.0825597126071109,-0.0404844852893369,-0.818870894357834,0.976133543628977,-0.110892697630581,-1.00304838780331,-1.40535480001055,0.505528848826241,-0.16722661612974,0.438671928684547,-0.765041135907747,1.81374037669576,1.21939887066761,-0.442510308762467,-0.265330562608371,0.427009374367859,-2.48907738960049,0.794515144045381,-1.68766796028929,-1.52555651754406,-1.36344507479883,-1.20133363205361,-1.03922218930838,-0.877110746563149,-0.714999303817922,-0.552887861072694,-0.390776418327466,-0.228664975582237,-0.066553532837009,0.0955579099082176,0.257669352653446,0.419780795398673,0.581892238143901,0.744003680889129,0.906115123634359,1.06822656637959,1.23033800912481,1.39244945187004,1.39244945187004,1.39244945187004,1.39244945187004,1.39244945187004,1.39244945187004,1.39244945187004,1.39244945187004,1.39244945187004,1.39244945187004,1.39244945187004,1.39244945187004,1.39244945187004,1.39244945187004,1.39244945187004,1.39244945187004,1.39244945187004,1.39244945187004,1.39244945187004,1.39244945187004,1.39244945187004,-3.53362792883605,-2.58597620827247,-1.84217565065432,-1.2777926440826,-0.86839357665835,-0.58954483648258,-0.41681281165631,-0.325763890280561,-0.291964460456342,-0.290980910284693,-0.298379627866598,-0.289727001303135,-0.240589418695278,-0.126533268144032,0.0768750622495649,0.39406918438444,0.849482710159648,1.46754925147414,2.27270242022691,3.28937582831692,3.28937582831692,3.28937582831692,3.28937582831692,3.28937582831692,3.28937582831692,3.28937582831692,3.28937582831692,3.28937582831692,3.28937582831692,3.28937582831692,3.28937582831692,3.28937582831692,3.28937582831692,3.28937582831692,3.28937582831692,3.28937582831692,3.28937582831692,3.28937582831692,3.28937582831692,3.28937582831692,0.199237968863721,0.0223050042027939,-0.154627960458263,-0.331560925119263,-0.508493889780272,-0.685426854441299,-0.753347419379152,-0.374145394082978,0.0317504711760002,-0.134535585872081,-0.687172381602529,-1.03558680306696,-0.876334166463668,-0.158315184973118,0.981337674952005,2.05930689493778,2.51316298510266,2.17952165540503,1.29982541380638,0.199137529810715,0.199137529810715,0.199137529810715,0.199137529810715,0.199137529810715,0.199137529810715,0.199137529810715,0.199137529810715,0.199137529810715,0.199137529810715,0.199137529810715,0.199137529810715,0.199137529810715,0.199137529810715,0.199137529810715,0.199137529810715,0.199137529810715,0.199137529810715,0.199137529810715,0.199137529810715,0.199137529810715,1,1,1,1,1,1,1,1,1,1,1,1,1,1,1,1,1,1,1,1,1,1,1,1,1,1,1,1,1,1,1,1,1,1,1,1,1,1,1,1
-2.15805403534749,0.200619882627237,0.0293585891388268,-0.726567640927134,0.67072752278523,-0.454053682867304,-1.51619318511459,1.24775198725432,-1.6238526874212,-0.943607446504961,-1.04381434266447,0.0181570350217104,0.106144480669345,0.101606725249514,-0.465616956886075,0.837629591237706,1.45783938252933,-1.80491553429736,-0.698390136959219,-0.732681754440415,-0.460792560728272,0.810947391104616,-0.325875451879948,0.19290647167241,-0.876846204534569,-1.03185594035492,-1.5830306553218,1.58672044901191,-0.593861941834446,-0.315960351457331,0.0180573036254934,-0.737907435577537,-2.03091500634129,-0.767635886012515,-0.442009298604662,1.64601580954394,2.25573716009724,-0.372708122923662,-1.3838412052801,0.581140281245075,1.96366628411143,1.78918582347641,1.6147053628414,1.44022490220638,1.26574444157137,1.09126398093636,0.91678352030134,0.742303059666328,0.567822599031311,0.393342138396299,0.218861677761284,0.0443812171262685,-0.130099243508743,-0.304579704143759,-0.479060164778772,-0.653540625413788,-0.828021086048802,-1.00250154668382,-1.17698200731883,-1.35146246795384,-1.35146246795384,-1.35146246795384,-1.35146246795384,-1.35146246795384,-1.35146246795384,-1.35146246795384,-1.35146246795384,-1.35146246795384,-1.35146246795384,-1.35146246795384,-1.35146246795384,-1.35146246795384,-1.35146246795384,-1.35146246795384,-1.35146246795384,-1.35146246795384,-1.35146246795384,-1.35146246795384,-1.35146246795384,-1.35146246795384,6.29934252232257,3.17806871698609,0.926813753172808,-0.561049114664938,-1.3921466320748,-1.67310554460446,-1.51055259780156,-1.01111453721375,-0.28141810838871,0.571909943125913,1.44224287178243,2.22295393203322,2.80741637833061,3.08900346512693,2.96108844687453,2.31704457802574,1.05024511303292,-0.9459366936516,-3.7781275875755,-7.55295431428641,-7.55295431428641,-7.55295431428641,-7.55295431428641,-7.55295431428641,-7.55295431428641,-7.55295431428641,-7.55295431428641,-7.55295431428641,-7.55295431428641,-7.55295431428641,-7.55295431428641,-7.55295431428641,-7.55295431428641,-7.55295431428641,-7.55295431428641,-7.55295431428641,-7.55295431428641,-7.55295431428641,-7.55295431428641,-7.55295431428641,-4.22123279076436,-3.67103540756239,-3.12083802436042,-2.57064064115845,-2.02044325795647,-1.4702458747545,-0.91178473775931,-0.316637924156867,0.294044382764845,0.869145163154718,1.38444405042707,1.81568190370201,2.0757206595652,2.03665659766198,1.61962281076833,0.835963132389837,-0.248061902557692,-1.55175509235919,-2.99041937068913,-4.48562611950675,-4.48562611950675,-4.48562611950675,-4.48562611950675,-4.48562611950675,-4.48562611950675,-4.48562611950675,-4.48562611950675,-4.48562611950675,-4.48562611950675,-4.48562611950675,-4.48562611950675,-4.48562611950675,-4.48562611950675,-4.48562611950675,-4.48562611950675,-4.48562611950675,-4.48562611950675,-4.48562611950675,-4.48562611950675,-4.48562611950675,1,1,1,1,1,1,1,1,1,1,1,1,1,1,1,1,1,1,1,1,1,1,1,1,1,1,1,1,1,1,1,1,1,1,1,1,1,1,1,1
-0.95145251404379,0.113356829289128,2.58472833568994,-0.840499815999019,-2.46993100874241,-1.93695468587388,-3.27689635665326,1.34105224496873,-1.03818156018983,-0.567966062344109,-1.12828421224566,-0.511226841860529,-2.66330497096504,-0.980656549857677,-1.1865643197245,0.0914738012877869,-1.29826481909823,1.37077559751707,1.70142784481443,0.696259925965334,3.16856601184218,-1.67397900683279,-1.26576071582706,0.881825836448487,2.08654121128694,-0.390449074381241,0.467263036802066,-0.085604342220746,2.14679119167432,-2.76783938059419,1.61627601018309,0.761624744323726,-2.34683988878038,-2.5234559897379,2.62486752282117,-0.272613220660006,-0.3333980713751,1.26902959525322,0.475347453327347,0.461890632051675,-4.7037082712518,-4.4304140985643,-4.15711992587681,-3.88382575318932,-3.61053158050182,-3.33723740781433,-3.06394323512684,-2.79064906243935,-2.51735488975185,-2.24406071706436,-1.97076654437687,-1.69747237168938,-1.42417819900188,-1.15088402631439,-0.877589853626898,-0.604295680939405,-0.331001508251914,-0.0577073355644195,0.215586837123075,0.488881009810564,0.488881009810564,0.488881009810564,0.488881009810564,0.488881009810564,0.488881009810564,0.488881009810564,0.488881009810564,0.488881009810564,0.488881009810564,0.488881009810564,0.488881009810564,0.488881009810564,0.488881009810564,0.488881009810564,0.488881009810564,0.488881009810564,0.488881009810564,0.488881009810564,0.488881009810564,0.488881009810564,-2.45398984003371,-2.82530038229249,-3.07735580855245,-3.22096865303424,-3.26695144995857,-3.22611673354611,-3.10927703801754,-2.92724489759354,-2.69083284649481,-2.41085341894201,-2.09811914915585,-1.76344257135698,-1.4176362197661,-1.0715126286039,-0.735884332091043,-0.421563864448236,-0.13936375989614,0.0999034473445608,0.285425223053162,0.406389033009008,0.406389033009008,0.406389033009008,0.406389033009008,0.406389033009008,0.406389033009008,0.406389033009008,0.406389033009008,0.406389033009008,0.406389033009008,0.406389033009008,0.406389033009008,0.406389033009008,0.406389033009008,0.406389033009008,0.406389033009008,0.406389033009008,0.406389033009008,0.406389033009008,0.406389033009008,0.406389033009008,-4.89186412824415,-4.59438428068165,-4.29690443311915,-3.99942458555665,-3.70194473799414,-3.40446489043164,-3.10686472070984,-2.80893701127959,-2.51216749997941,-2.21923335604939,-1.93223395419022,-1.65202141927155,-1.37836897828124,-1.11037202932459,-0.847129308402614,-0.587934160900108,-0.331749350946469,-0.0772532416484744,0.176453235524864,0.429796137597814,0.429796137597814,0.429796137597814,0.429796137597814,0.429796137597814,0.429796137597814,0.429796137597814,0.429796137597814,0.429796137597814,0.429796137597814,0.429796137597814,0.429796137597814,0.429796137597814,0.429796137597814,0.429796137597814,0.429796137597814,0.429796137597814,0.429796137597814,0.429796137597814,0.429796137597814,0.429796137597814,1,1,1,1,1,1,0,0,1,1,1,1,1,1,1,1,1,1,1,1,1,1,1,1,1,1,1,1,1,1,1,1,1,1,1,1,1,1,1,1
1.36432899682721,0.28257599096398,2.43159149695174,0.0767585847684105,-1.13593882013456,1.49847350434156,0.401553819328192,1.97247698740198,-1.50802125826055,0.720441627577811,0.208970931901131,0.900551843415251,1.22520230099991,-2.29662303288083,-0.525280364632019,-1.38615570552771,-3.53729408778962,1.05312842006059,-0.605027405638896,0.547622196824134,-1.49743625913683,2.03542041736887,-1.18403192293607,-2.15572993242307,1.33424173194099,-1.28710140824716,0.0973955054845312,0.940581666843437,-1.64299415995557,0.775564916154879,-0.985388864152272,-1.94109494442741,0.680276113450772,-2.01548009501686,-0.25421517969146,0.84871683020455,0.765313961684273,-0.578731623177697,-3.31114044706707,-1.53639071032362,0.246928455711927,0.224939710146678,0.202950964581429,0.180962219016179,0.15897347345093,0.13698472788568,0.114995982320432,0.0930072367551817,0.0710184911899319,0.0490297456246811,0.0270410000594321,0.00505225449418312,-0.0169364910710659,-0.0389252366363166,-0.0609139822015639,-0.0829027277668146,-0.104891473332062,-0.126880218897316,-0.148868964462565,-0.170857710027814,-0.170857710027814,-0.170857710027814,-0.170857710027814,-0.170857710027814,-0.170857710027814,-0.170857710027814,-0.170857710027814,-0.170857710027814,-0.170857710027814,-0.170857710027814,-0.170857710027814,-0.170857710027814,-0.170857710027814,-0.170857710027814,-0.170857710027814,-0.170857710027814,-0.170857710027814,-0.170857710027814,-0.170857710027814,-0.170857710027814,-22.9010443370033,-16.525771448605,-11.334077279187,-7.21527570051319,-4.05868058434743,-1.75360580245354,-0.189365226595364,0.744727271463265,1.15935781995851,1.16521254712655,0.872977581203509,0.393339050425579,-0.163016916971063,-0.685404192750291,-1.06313664867591,-1.18552815651178,-0.941892588021718,-0.221543814969595,1.0862042908808,3.09203785776564,3.09203785776564,3.09203785776564,3.09203785776564,3.09203785776564,3.09203785776564,3.09203785776564,3.09203785776564,3.09203785776564,3.09203785776564,3.09203785776564,3.09203785776564,3.09203785776564,3.09203785776564,3.09203785776564,3.09203785776564,3.09203785776564,3.09203785776564,3.09203785776564,3.09203785776564,3.09203785776564,-2.50318634384341,-2.16864812945516,-1.83410991506689,-1.49957170067863,-1.16503348629037,-0.83049527190211,-0.497803676188289,-0.178497939164541,0.103961597241771,0.323501758547199,0.469965596773365,0.553267194205064,0.580853161521434,0.542205880796079,0.431290054848315,0.274618271001431,0.11748207048608,-0.0146610282547499,-0.127351051313186,-0.234626751624862,-0.234626751624862,-0.234626751624862,-0.234626751624862,-0.234626751624862,-0.234626751624862,-0.234626751624862,-0.234626751624862,-0.234626751624862,-0.234626751624862,-0.234626751624862,-0.234626751624862,-0.234626751624862,-0.234626751624862,-0.234626751624862,-0.234626751624862,-0.234626751624862,-0.234626751624862,-0.234626751624862,-0.234626751624862,-0.234626751624862,1,1,1,1,1,1,1,1,1,1,1,1,1,1,1,1,1,1,1,1,1,1,1,1,1,1,1,1,1,1,1,1,1,1,1,1,1,1,1,1
-1.89841295156897,-1.77170865894425,2.1126762198173,1.67859603252791,1.9099439068081,-0.221392107766171,-0.402667293190403,-1.37781060142489,-2.15881242343179,-1.31407570781789,-0.454558084854936,0.0156077018010183,2.50328053577625,-0.910151497942767,0.842424208109087,0.867428263214922,0.911215661559066,-0.0113654099203639,0.00876045172987006,-0.535404624009654,1.32563960536019,2.01283181866768,0.658016489894193,1.51983386145468,0.856314728014555,-0.996772616002559,-1.6058161986447,-0.0778311456928957,-1.81001515022255,1.32150545112871,0.244392548939699,0.933714316424568,1.80746953928112,-0.0386981838108795,-0.864181241264813,-2.05723846990272,1.00823258031837,1.37577381768571,0.168386511751072,0.46807738212895,-5.23286389059098,-4.85405699176136,-4.47525009293174,-4.09644319410213,-3.71763629527251,-3.33882939644289,-2.96002249761328,-2.58121559878366,-2.20240869995404,-1.82360180112443,-1.44479490229481,-1.0659880034652,-0.687181104635579,-0.308374205805961,0.0704326930236512,0.449239591853273,0.828046490682889,1.2068533895125,1.58566028834212,1.96446718717174,1.96446718717174,1.96446718717174,1.96446718717174,1.96446718717174,1.96446718717174,1.96446718717174,1.96446718717174,1.96446718717174,1.96446718717174,1.96446718717174,1.96446718717174,1.96446718717174,1.96446718717174,1.96446718717174,1.96446718717174,1.96446718717174,1.96446718717174,1.96446718717174,1.96446718717174,1.96446718717174,-16.723183060371,-14.2397678715687,-11.9295135919314,-9.79467791283007,-7.83751852563577,-6.06029312171948,-4.46525939245222,-3.05467502920498,-1.83079772334878,-0.795885166254612,0.0478049507064942,0.698014936163524,1.1524870987455,1.40896374708138,1.46518718980021,1.31889973553092,0.967843692902536,0.409761370544039,-0.357604922915545,-1.33651287884731,-1.33651287884731,-1.33651287884731,-1.33651287884731,-1.33651287884731,-1.33651287884731,-1.33651287884731,-1.33651287884731,-1.33651287884731,-1.33651287884731,-1.33651287884731,-1.33651287884731,-1.33651287884731,-1.33651287884731,-1.33651287884731,-1.33651287884731,-1.33651287884731,-1.33651287884731,-1.33651287884731,-1.33651287884731,-1.33651287884731,-6.87641750108988,-6.35117611027506,-5.82593471946022,-5.3006933286454,-4.77545193783058,-4.25021054701575,-3.71255237294878,-3.10161940918793,-2.36321531112877,-1.51665283185216,-0.660746041229558,0.0862131269308648,0.643714004393178,0.979723499971792,1.10261571541278,1.05399993847719,0.88445126657013,0.623137064050116,0.283037827629247,-0.106769106331367,-0.106769106331367,-0.106769106331367,-0.106769106331367,-0.106769106331367,-0.106769106331367,-0.106769106331367,-0.106769106331367,-0.106769106331367,-0.106769106331367,-0.106769106331367,-0.106769106331367,-0.106769106331367,-0.106769106331367,-0.106769106331367,-0.106769106331367,-0.106769106331367,-0.106769106331367,-0.106769106331367,-0.106769106331367,-0.106769106331367,1,1,1,1,1,1,0,1,1,1,1,1,1,1,1,1,1,1,1,1,1,1,1,1,1,1,1,1,1,1,1,1,1,1,1,1,1,1,1,1
-0.879620068774514,0.843587980219665,1.66747875164593,0.660073191804496,-0.368758176514904,1.92371987204468,0.910716415585393,-1.18492799263989,-2.22529847007961,0.434347161156108,-1.51995448349371,-0.680089660483127,-1.25473941986152,0.277303980597837,0.792533234546207,-0.40335037317883,1.27407358705517,0.319997829079069,1.28935228724901,0.614469556019676,-1.20727224225281,2.60023356125576,1.04217661522806,0.00865412043235025,3.68581902968855,-2.3014186017207,-0.015492468986114,0.862016485406878,-1.64845807170525,1.32103701001111,1.9133577515204,-1.37112057914789,3.30003730365555,-0.295585414860557,-0.540945037385296,-0.708610800410481,-0.4576178598046,1.90633038729481,-0.991310600374634,2.11339925419386,-0.440083148432632,-0.249735714211086,-0.0593882799895411,0.130959154232004,0.321306588453551,0.511654022675094,0.702001456896641,0.892348891118186,1.08269632533973,1.27304375956128,1.46339119378282,1.65373862800437,1.84408606222591,2.03443349644746,2.224780930669,2.41512836489055,2.60547579911209,2.79582323333364,2.98617066755518,3.17651810177673,3.17651810177673,3.17651810177673,3.17651810177673,3.17651810177673,3.17651810177673,3.17651810177673,3.17651810177673,3.17651810177673,3.17651810177673,3.17651810177673,3.17651810177673,3.17651810177673,3.17651810177673,3.17651810177673,3.17651810177673,3.17651810177673,3.17651810177673,3.17651810177673,3.17651810177673,3.17651810177673,27.5153214871369,19.4961676834959,13.0717288611942,8.08849028525844,4.39293722071494,1.83155493259017,0.250828685910568,-0.502756254297426,-0.582714623007357,-0.142561155192819,0.66418941417267,1.68402235011553,2.76342291766221,3.74887638183914,4.48686800767277,4.82388306018954,4.60640680441591,3.68092450537827,1.89392142810307,-0.908117162383192,-0.908117162383192,-0.908117162383192,-0.908117162383192,-0.908117162383192,-0.908117162383192,-0.908117162383192,-0.908117162383192,-0.908117162383192,-0.908117162383192,-0.908117162383192,-0.908117162383192,-0.908117162383192,-0.908117162383192,-0.908117162383192,-0.908117162383192,-0.908117162383192,-0.908117162383192,-0.908117162383192,-0.908117162383192,-0.908117162383192,3.63741981248757,3.07449988034631,2.51157994820506,1.94866001606381,1.38574008392256,0.822820151781317,0.293727054654887,-0.0233407627163125,0.0815738105062476,0.625533923727108,1.39097819992931,2.1315589723735,2.71884748989646,3.11124375731774,3.31235528197997,3.34265778179995,3.18853770359923,2.83675137707992,2.35520519876611,1.8402425462961,1.8402425462961,1.8402425462961,1.8402425462961,1.8402425462961,1.8402425462961,1.8402425462961,1.8402425462961,1.8402425462961,1.8402425462961,1.8402425462961,1.8402425462961,1.8402425462961,1.8402425462961,1.8402425462961,1.8402425462961,1.8402425462961,1.8402425462961,1.8402425462961,1.8402425462961,1.8402425462961,1,1,1,1,1,1,1,1,1,1,1,0,0,0,0,0,0,0,1,1,1,1,1,1,1,1,1,1,1,1,1,1,1,1,1,1,1,1,1,1
-2.6196247559663,1.36603168666425,-0.608644637910591,0.0459943817101713,0.458402823520944,-0.282786682064904,2.65072967211431,-0.254388343072863,-1.93014498954571,-0.481100232296921,0.0794658666307821,1.51936346616316,0.126788554485847,1.91925781758373,0.490051829839262,0.53447531906235,-1.20853840849595,-2.16153707747318,-0.186995003471381,0.188393322189439,2.72184016874463,-0.128518121999656,-2.92391783110378,0.849876190433882,3.06517877660563,0.928996273860308,0.0661517682008714,0.691031892341552,-1.10479498128837,0.685980974218021,0.0587402859782795,0.903695156105611,-0.455254962396999,-2.20789230467022,1.21774041617562,0.256316299943363,1.12467164185495,0.705683702762869,-0.463715890859698,-1.58161151207598,4.9430104294393,4.46343978659629,3.98386914375328,3.50429850091027,3.02472785806726,2.54515721522425,2.06558657238124,1.58601592953824,1.10644528669522,0.626874643852217,0.147304001009207,-0.332266641833803,-0.811837284676811,-1.29140792751982,-1.77097857036283,-2.25054921320584,-2.73011985604885,-3.20969049889186,-3.68926114173487,-4.16883178457788,-4.16883178457788,-4.16883178457788,-4.16883178457788,-4.16883178457788,-4.16883178457788,-4.16883178457788,-4.16883178457788,-4.16883178457788,-4.16883178457788,-4.16883178457788,-4.16883178457788,-4.16883178457788,-4.16883178457788,-4.16883178457788,-4.16883178457788,-4.16883178457788,-4.16883178457788,-4.16883178457788,-4.16883178457788,-4.16883178457788,-1.78913926323209,-0.136120894629991,1.0750779313736,1.88907292327575,2.35047978957352,2.50391423876398,2.3939919793442,2.06532871981123,1.56254016866214,0.930242034394002,0.213050025503875,-0.544420149511184,-1.29755278215409,-2.00173216392781,-2.61234258633525,-3.08476834087935,-3.37439371906306,-3.43660301238929,-3.22678051236102,-2.70031051048114,-2.70031051048114,-2.70031051048114,-2.70031051048114,-2.70031051048114,-2.70031051048114,-2.70031051048114,-2.70031051048114,-2.70031051048114,-2.70031051048114,-2.70031051048114,-2.70031051048114,-2.70031051048114,-2.70031051048114,-2.70031051048114,-2.70031051048114,-2.70031051048114,-2.70031051048114,-2.70031051048114,-2.70031051048114,-2.70031051048114,4.9419486995516,4.46253855144218,3.98312840333275,3.50371825522332,3.02430810711389,2.54489795900446,2.06548559427623,1.5860604818245,1.10661096716594,0.627120372614725,0.147569578135164,-0.332044930199617,-0.811706396697636,-1.29139296239745,-1.77108484770912,-2.25075950495061,-2.73039530625841,-3.20998302260869,-3.68953001455968,-4.16905526669247,-4.16905526669247,-4.16905526669247,-4.16905526669247,-4.16905526669247,-4.16905526669247,-4.16905526669247,-4.16905526669247,-4.16905526669247,-4.16905526669247,-4.16905526669247,-4.16905526669247,-4.16905526669247,-4.16905526669247,-4.16905526669247,-4.16905526669247,-4.16905526669247,-4.16905526669247,-4.16905526669247,-4.16905526669247,-4.16905526669247,1,1,1,1,1,1,1,1,1,1,1,1,1,1,1,1,1,1,1,1,1,1,1,1,1,1,1,1,1,1,1,1,1,1,1,1,1,1,1,1
0.0778695101135654,1.57236691605249,-1.30156008774596,0.383665369777188,1.8856444165279,1.37917806832098,1.99841072757701,-0.374229921616861,-0.0546326750425745,0.147784825146152,0.249240317608365,-0.624895004415432,1.08447914973752,-0.852430963962178,-1.23793987866927,0.154444209970247,-1.81136053680463,-0.576164669154922,3.06733840002683,-1.00127299207579,-0.792834825823711,-0.123646454988242,1.38979293757619,0.319919916996042,-0.116573707253069,-0.0813974724045394,-0.447076504216046,-1.81904602281591,-0.14913965343619,-1.19322904810228,-0.0960619422061644,-1.50498837037484,1.01221703115436,-0.461535013923575,-0.0602122749757719,1.856667691886,0.991013085613549,1.04786941442291,-1.16890212648305,2.14329373270454,-0.630025336637392,-0.568299121959474,-0.506572907281559,-0.444846692603641,-0.383120477925726,-0.321394263247808,-0.259668048569893,-0.197941833891976,-0.136215619214058,-0.0744894045361413,-0.0127631898582248,0.0489630248196917,0.110689239497608,0.172415454175523,0.234141668853439,0.295867883531358,0.357594098209276,0.419320312887191,0.481046527565107,0.542772742243022,0.542772742243022,0.542772742243022,0.542772742243022,0.542772742243022,0.542772742243022,0.542772742243022,0.542772742243022,0.542772742243022,0.542772742243022,0.542772742243022,0.542772742243022,0.542772742243022,0.542772742243022,0.542772742243022,0.542772742243022,0.542772742243022,0.542772742243022,0.542772742243022,0.542772742243022,0.542772742243022,1.33985058994942,1.09716575337337,0.851139679229621,0.608191533810562,0.374740483408583,0.157205694316077,-0.037993667174562,-0.204438434770944,-0.335709442180677,-0.425387523111372,-0.467053511270635,-0.454288240366077,-0.380672544105302,-0.239787256195923,-0.0252132103455445,0.269468759738221,0.650677820347774,1.12483313777549,1.69835387831377,2.37765920825501,2.37765920825501,2.37765920825501,2.37765920825501,2.37765920825501,2.37765920825501,2.37765920825501,2.37765920825501,2.37765920825501,2.37765920825501,2.37765920825501,2.37765920825501,2.37765920825501,2.37765920825501,2.37765920825501,2.37765920825501,2.37765920825501,2.37765920825501,2.37765920825501,2.37765920825501,2.37765920825501,0.849847181156683,0.69086302159263,0.531878862028569,0.37289470246451,0.213910542900453,0.0549263833363938,-0.105938880383001,-0.271364626238018,-0.411167741794776,-0.461819994102738,-0.387246559751311,-0.22840716515686,-0.0602478545251124,0.0850445927187806,0.223182083691183,0.378526387868572,0.576285698175884,0.844386171388447,1.18822440823553,1.5770003926494,1.5770003926494,1.5770003926494,1.5770003926494,1.5770003926494,1.5770003926494,1.5770003926494,1.5770003926494,1.5770003926494,1.5770003926494,1.5770003926494,1.5770003926494,1.5770003926494,1.5770003926494,1.5770003926494,1.5770003926494,1.5770003926494,1.5770003926494,1.5770003926494,1.5770003926494,1.5770003926494,1,1,1,1,1,1,1,1,1,1,1,1,1,1,1,1,1,1,1,1,1,1,1,1,1,1,1,1,1,1,1,1,1,1,1,1,1,1,1,1
3.36414046350854,-0.129196832457443,-2.11214039273543,1.72809922295587,-0.0904770865432631,3.37306008679849,1.61969662168979,-3.05485590926409,3.10654805688047,-0.213754714904441,-0.157722772273811,1.07278350409131,-0.11354478302261,-0.288805084087539,1.10062422522141,0.431560234860111,-0.0449897468699394,3.70805024593072,-0.976362396040319,-1.22236411365207,-0.768850848670848,0.661944357569006,0.44109986036058,-0.14733025789509,-0.807399846315642,2.46864011243941,-0.292931098289195,-3.60891802358039,-0.998682219822575,1.40308548798738,-0.595135236274515,-2.74278838588427,-1.23039988014762,-1.72663217019714,-1.96406678810122,2.730110675306,0.892508461141569,-0.245212717766654,-0.333819713346978,-0.995645517019485,4.69467475345664,4.37250586266108,4.05033697186553,3.72816808106997,3.40599919027442,3.08383029947886,2.76166140868331,2.43949251788775,2.1173236270922,1.79515473629665,1.47298584550109,1.15081695470554,0.828648063909981,0.506479173114426,0.184310282318874,-0.13785860847668,-0.460027499272238,-0.78219639006779,-1.10436528086335,-1.4265341716589,-1.4265341716589,-1.4265341716589,-1.4265341716589,-1.4265341716589,-1.4265341716589,-1.4265341716589,-1.4265341716589,-1.4265341716589,-1.4265341716589,-1.4265341716589,-1.4265341716589,-1.4265341716589,-1.4265341716589,-1.4265341716589,-1.4265341716589,-1.4265341716589,-1.4265341716589,-1.4265341716589,-1.4265341716589,-1.4265341716589,8.72181023506738,7.52222478945641,6.43005362371035,5.4406781695856,4.54947985883852,3.75184012322548,3.04314039450287,2.41876210442704,1.87408668475438,1.40449556724126,1.00537018364406,0.672091965719138,0.400042345222891,0.184602753911662,0.0211546235418485,-0.0949206141301726,-0.168241527348036,-0.203426684355382,-0.205094653395825,-0.177864002712973,-0.177864002712973,-0.177864002712973,-0.177864002712973,-0.177864002712973,-0.177864002712973,-0.177864002712973,-0.177864002712973,-0.177864002712973,-0.177864002712973,-0.177864002712973,-0.177864002712973,-0.177864002712973,-0.177864002712973,-0.177864002712973,-0.177864002712973,-0.177864002712973,-0.177864002712973,-0.177864002712973,-0.177864002712973,-0.177864002712973,7.54743108818906,6.86328564727452,6.17914020635999,5.49499476544546,4.81084932453092,4.12670388361639,3.44711281362319,2.77318995104558,2.03311146277483,1.20203260217135,0.397176852936045,-0.229152793388369,-0.59170980361524,-0.674023488120813,-0.537269880494627,-0.285566216735821,0.0391036227020329,0.450509235697554,0.916827604916433,1.38369952022325,1.38369952022325,1.38369952022325,1.38369952022325,1.38369952022325,1.38369952022325,1.38369952022325,1.38369952022325,1.38369952022325,1.38369952022325,1.38369952022325,1.38369952022325,1.38369952022325,1.38369952022325,1.38369952022325,1.38369952022325,1.38369952022325,1.38369952022325,1.38369952022325,1.38369952022325,1.38369952022325,1,1,1,1,1,1,1,1,1,1,1,1,1,1,1,1,1,1,1,1,1,1,1,1,1,1,1,1,1,1,1,1,1,1,1,1,1,1,1,1
0.32901477579789,-4.04143915415477,-1.21907363705824,-0.2553537703325,2.75132146320899,2.50968108299379,0.456512522484347,-1.12383411987745,1.20477975172348,0.902467712162272,0.518229730115978,-0.0502474284244627,1.62897632278636,0.451753413905271,0.947502749415511,-1.48494798205759,-2.15671596493229,-1.11247984379941,0.368453652948277,0.1417467513775,-1.70446419727977,-0.386480884762639,2.78616027200397,0.141680498838639,-3.8978252842823,0.477434331685552,0.150335926674792,-2.29414647123896,1.48428291701047,-1.90904210431388,-0.485836237836203,0.228795529228014,1.68188899144062,0.072318499304048,0.261122378890118,-0.953878114253223,1.12605706120282,-0.0148313842932897,0.0736853624495861,1.99080414106185,1.39396656972884,1.34501184414876,1.29605711856869,1.24710239298861,1.19814766740853,1.14919294182845,1.10023821624838,1.0512834906683,1.00232876508822,0.953374039508143,0.904419313928067,0.85546458834799,0.806509862767912,0.757555137187834,0.708600411607756,0.659645686027678,0.610690960447602,0.561736234867523,0.512781509287448,0.463826783707368,0.463826783707368,0.463826783707368,0.463826783707368,0.463826783707368,0.463826783707368,0.463826783707368,0.463826783707368,0.463826783707368,0.463826783707368,0.463826783707368,0.463826783707368,0.463826783707368,0.463826783707368,0.463826783707368,0.463826783707368,0.463826783707368,0.463826783707368,0.463826783707368,0.463826783707368,0.463826783707368,13.1661040205703,10.72800767205,8.55722741854255,6.64384649779297,4.97794814754613,3.54961560554694,2.34893210954027,1.36598089727105,0.590845206484165,0.0136082749245201,-0.375646659662999,-0.586836359533468,-0.62987758694201,-0.514687104143723,-0.251181673393694,0.15072194305295,0.681106982941145,1.33005668401577,2.08765428402172,2.9439830207039,2.9439830207039,2.9439830207039,2.9439830207039,2.9439830207039,2.9439830207039,2.9439830207039,2.9439830207039,2.9439830207039,2.9439830207039,2.9439830207039,2.9439830207039,2.9439830207039,2.9439830207039,2.9439830207039,2.9439830207039,2.9439830207039,2.9439830207039,2.9439830207039,2.9439830207039,2.9439830207039,4.24211472220848,3.80642992949446,3.37074513678043,2.9350603440664,2.49937555135237,2.06369075863834,1.63555634301101,1.24663364433462,0.908428731916345,0.615841859992951,0.373063228889524,0.191790631246507,0.086130469802594,0.0762861329352038,0.175369391697229,0.372845785270865,0.645587538286414,0.975711931630361,1.34751537809812,1.74047023047251,1.74047023047251,1.74047023047251,1.74047023047251,1.74047023047251,1.74047023047251,1.74047023047251,1.74047023047251,1.74047023047251,1.74047023047251,1.74047023047251,1.74047023047251,1.74047023047251,1.74047023047251,1.74047023047251,1.74047023047251,1.74047023047251,1.74047023047251,1.74047023047251,1.74047023047251,1.74047023047251,1,1,1,1,1,1,1,1,1,1,1,1,1,1,1,1,1,1,1,1,1,1,1,1,1,1,1,1,1,1,1,1,1,1,1,1,1,1,1,1
0.424806341557669,1.08497100097339,0.571230039708307,2.40097118046558,0.789054833279058,-1.11205312617532,-0.98275457444974,-1.53820794330739,-2.1228163119221,-1.22917358765832,0.611294885000554,1.20842674078662,0.51717987502888,-0.575579002219387,2.00281587269439,-0.188116613879972,0.22643490493239,-0.389808657324243,-0.883134308430073,-0.739559567690154,0.176332235458201,1.20756875226503,-1.02083330138285,-0.745334098670634,-0.434860502561085,1.08167005317103,-0.308498507842048,-1.91492296207497,0.432134291716492,-1.28603987474355,-1.15026486690323,-1.03704650081661,0.232559647325468,0.264502863883772,-1.50417165934687,1.75606528647832,-1.4417872647628,1.45963361305203,0.794963450867536,-0.765049428641188,-1.77820944956967,-1.69308035034628,-1.6079512511229,-1.52282215189951,-1.43769305267612,-1.35256395345273,-1.26743485422935,-1.18230575500596,-1.09717665578257,-1.01204755655919,-0.9269184573358,-0.841789358112415,-0.756660258889028,-0.671531159665639,-0.586402060442254,-0.501272961218865,-0.416143861995478,-0.331014762772091,-0.245885663548703,-0.160756564325316,-0.160756564325316,-0.160756564325316,-0.160756564325316,-0.160756564325316,-0.160756564325316,-0.160756564325316,-0.160756564325316,-0.160756564325316,-0.160756564325316,-0.160756564325316,-0.160756564325316,-0.160756564325316,-0.160756564325316,-0.160756564325316,-0.160756564325316,-0.160756564325316,-0.160756564325316,-0.160756564325316,-0.160756564325316,-0.160756564325316,-4.81628091323975,-3.67965912995628,-2.77488053494471,-2.07741342788445,-1.56272610845491,-1.2062868763355,-0.98356403120561,-0.87002587274468,-0.841140700632081,-0.872376814547216,-0.939202514169544,-1.01708609917841,-1.08149586925324,-1.10790012407344,-1.07176716331846,-0.948565286667632,-0.713762793800399,-0.342827984396195,0.188770841865676,0.90556538530568,0.90556538530568,0.90556538530568,0.90556538530568,0.90556538530568,0.90556538530568,0.90556538530568,0.90556538530568,0.90556538530568,0.90556538530568,0.90556538530568,0.90556538530568,0.90556538530568,0.90556538530568,0.90556538530568,0.90556538530568,0.90556538530568,0.90556538530568,0.90556538530568,0.90556538530568,0.90556538530568,1.49985173114078,1.14818420576384,0.796516680386897,0.444849155009966,0.0931816296330261,-0.25848589574391,-0.640337301632884,-1.14527036240427,-1.64043319907648,-1.87857778192954,-1.77836490659267,-1.43925421598628,-1.01766460663321,-0.637379583601447,-0.319800580833808,-0.031931238652767,0.171567090756232,0.184349351449862,0.0170762360671688,-0.223470546158911,-0.223470546158911,-0.223470546158911,-0.223470546158911,-0.223470546158911,-0.223470546158911,-0.223470546158911,-0.223470546158911,-0.223470546158911,-0.223470546158911,-0.223470546158911,-0.223470546158911,-0.223470546158911,-0.223470546158911,-0.223470546158911,-0.223470546158911,-0.223470546158911,-0.223470546158911,-0.223470546158911,-0.223470546158911,-0.223470546158911,1,1,1,1,1,1,1,1,1,1,1,1,1,1,1,1,1,1,1,1,1,1,1,1,1,1,1,1,1,1,1,1,1,1,1,1,1,1,1,1
2.07376904571198,0.111685116862105,-0.993981113775301,-0.453236621552604,-0.394044190010518,0.439016087977119,-1.23400169255129,-0.843372208124318,1.01007386913863,-0.470128820727632,0.331276478362758,0.944782791978721,-0.907895662443847,-1.69322678103882,1.31755964957436,0.0729461333563393,-0.898121526147001,-0.96740243106786,-0.108023550695629,-0.613690995612611,-0.482636289168523,1.4721127289309,-0.989411881481518,-1.27845080801275,0.717228933728617,1.53224458366104,-0.170165407170231,-2.0962026150465,3.4551005462263,-0.664835977075596,-0.542133932705211,2.53186775943077,1.24194587209297,-1.37929924595996,-1.948957172528,2.35491739843397,3.46619426927381,-2.61510222367308,-0.383230613690984,1.35121369807383,-4.55138285313553,-4.28751915362608,-4.02365545411662,-3.75979175460716,-3.4959280550977,-3.23206435558824,-2.96820065607878,-2.70433695656933,-2.44047325705987,-2.17660955755041,-1.91274585804095,-1.64888215853149,-1.38501845902204,-1.12115475951258,-0.857291060003121,-0.593427360493662,-0.329563660984203,-0.0656999614747438,0.198163738034715,0.462027437544171,0.462027437544171,0.462027437544171,0.462027437544171,0.462027437544171,0.462027437544171,0.462027437544171,0.462027437544171,0.462027437544171,0.462027437544171,0.462027437544171,0.462027437544171,0.462027437544171,0.462027437544171,0.462027437544171,0.462027437544171,0.462027437544171,0.462027437544171,0.462027437544171,0.462027437544171,0.462027437544171,-9.03982451798731,-7.81481014766915,-6.71663982145733,-5.73748184781436,-4.86950453520277,-4.10487619208509,-3.43576512692383,-2.85433964818151,-2.35276806432066,-1.9232186838038,-1.55785981509345,-1.24885976665214,-0.988386846942381,-0.768609364426704,-0.581695627567623,-0.419813944827672,-0.275132624669359,-0.139819975555213,-0.00604430594776062,0.134026075690482,0.134026075690482,0.134026075690482,0.134026075690482,0.134026075690482,0.134026075690482,0.134026075690482,0.134026075690482,0.134026075690482,0.134026075690482,0.134026075690482,0.134026075690482,0.134026075690482,0.134026075690482,0.134026075690482,0.134026075690482,0.134026075690482,0.134026075690482,0.134026075690482,0.134026075690482,0.134026075690482,-5.63680067826848,-5.26033323750764,-4.8838657967468,-4.50739835598596,-4.13093091522512,-3.75446347446428,-3.37468580923848,-2.97670236386002,-2.55195099233594,-2.10770246037559,-1.66350274561226,-1.24481394908874,-0.879372669959086,-0.595051158412559,-0.409624608834047,-0.310944042577869,-0.252765485914901,-0.184917729644585,-0.0877937470118013,0.0279692486253573,0.0279692486253573,0.0279692486253573,0.0279692486253573,0.0279692486253573,0.0279692486253573,0.0279692486253573,0.0279692486253573,0.0279692486253573,0.0279692486253573,0.0279692486253573,0.0279692486253573,0.0279692486253573,0.0279692486253573,0.0279692486253573,0.0279692486253573,0.0279692486253573,0.0279692486253573,0.0279692486253573,0.0279692486253573,0.0279692486253573,1,1,1,1,1,1,0,0,0,1,1,1,1,1,1,1,1,1,1,1,1,1,1,1,1,1,1,1,1,1,1,1,1,1,1,1,1,1,1,1
-0.517742322883516,-0.962981941285702,-0.024022578265277,-0.129424279594762,-0.827391597889624,0.00648896054435255,1.82938624402104,-0.380177703451528,-0.481666097564517,1.43721781263057,-1.07959076515862,0.186705004160432,-2.02951072709343,-0.358204761222348,-0.668098654734823,-0.520181630639936,-0.390723904234857,2.33303665520655,-0.141247134086957,-0.668743523475396,0.105548401636987,0.485434636211224,1.40587999774135,-0.564262341330199,0.362268811125247,1.33359849878955,-2.3284483588043,-0.0108734919346762,-0.915315222981784,-1.26062149585112,-0.611846583161102,0.423844227422217,-0.70118528160336,0.374121886072079,0.664224631411466,-1.10384837541586,-0.0104102799153161,-1.94918479011543,-0.0667832758555758,0.321445021076261,2.73919252912962,2.53347794228941,2.3277633554492,2.12204876860898,1.91633418176877,1.71061959492856,1.50490500808835,1.29919042124814,1.09347583440793,0.887761247567722,0.68204666072751,0.476332073887299,0.27061748704709,0.0649029002068797,-0.140811686633331,-0.346526273473543,-0.552240860313752,-0.757955447153963,-0.963670033994175,-1.16938462083439,-1.16938462083439,-1.16938462083439,-1.16938462083439,-1.16938462083439,-1.16938462083439,-1.16938462083439,-1.16938462083439,-1.16938462083439,-1.16938462083439,-1.16938462083439,-1.16938462083439,-1.16938462083439,-1.16938462083439,-1.16938462083439,-1.16938462083439,-1.16938462083439,-1.16938462083439,-1.16938462083439,-1.16938462083439,-1.16938462083439,19.6720639894087,14.1971173589801,9.7914964279637,6.3493267215356,3.76473376487214,1.93184308314957,0.744780201544163,0.0976706452322009,-0.115360060610053,-0.000186390806307557,0.337317179819683,0.791276176444196,1.25581612424352,1.62506254839394,1.79314097407167,1.65417692645306,1.10229593071432,0.0316235120317661,-1.66371480441839,-4.08959349345978,-4.08959349345978,-4.08959349345978,-4.08959349345978,-4.08959349345978,-4.08959349345978,-4.08959349345978,-4.08959349345978,-4.08959349345978,-4.08959349345978,-4.08959349345978,-4.08959349345978,-4.08959349345978,-4.08959349345978,-4.08959349345978,-4.08959349345978,-4.08959349345978,-4.08959349345978,-4.08959349345978,-4.08959349345978,-4.08959349345978,9.46614145012926,7.9926236924297,6.51910593473009,5.04558817703049,3.5720704193309,2.09855266163133,0.67505307199694,-0.38799902593397,-0.578769489912437,0.172647983993237,1.28412129079048,2.13636224991977,2.43707438418374,2.0887038309785,1.25414460227048,0.349270234723798,-0.422028976059908,-1.22439521685974,-2.17238805972602,-3.183605576117,-3.183605576117,-3.183605576117,-3.183605576117,-3.183605576117,-3.183605576117,-3.183605576117,-3.183605576117,-3.183605576117,-3.183605576117,-3.183605576117,-3.183605576117,-3.183605576117,-3.183605576117,-3.183605576117,-3.183605576117,-3.183605576117,-3.183605576117,-3.183605576117,-3.183605576117,-3.183605576117,1,1,1,1,1,1,1,1,1,1,1,1,1,1,1,1,1,1,1,1,1,1,1,1,1,1,1,1,1,1,1,1,1,1,1,1,1,1,1,1
-1.81638198651479,-1.20124011389514,3.23545367508941,1.58013664872889,-0.598343465350776,0.375808011624069,-1.04828001019463,-0.940689953891162,-0.742672634257019,0.630174532170273,0.372779909333703,0.179433772483018,1.22897432432707,1.04171660098102,2.60343030856311,0.25623010261606,-0.890874691598158,1.8111297798416,0.737484953650716,-1.32951372228988,0.720023301991535,-1.89115664257704,0.484883475765159,-0.937207198032279,2.47008869692846,-2.01556046860735,-0.367539627085906,-0.110764083167187,0.0582361229271324,2.03159107550963,-0.409847954539336,-0.698720481049019,0.396286489408197,1.677304001862,-1.62933413790617,-2.60490923801027,0.621871511939434,0.506367218239143,0.87860365969086,-2.36640452995372,-0.527173368342604,-0.583067337252792,-0.63896130616298,-0.694855275073168,-0.750749243983356,-0.806643212893544,-0.862537181803734,-0.918431150713922,-0.97432511962411,-1.0302190885343,-1.08611305744449,-1.14200702635467,-1.19790099526486,-1.25379496417505,-1.30968893308524,-1.36558290199543,-1.42147687090561,-1.4773708398158,-1.53326480872599,-1.58915877763618,-1.58915877763618,-1.58915877763618,-1.58915877763618,-1.58915877763618,-1.58915877763618,-1.58915877763618,-1.58915877763618,-1.58915877763618,-1.58915877763618,-1.58915877763618,-1.58915877763618,-1.58915877763618,-1.58915877763618,-1.58915877763618,-1.58915877763618,-1.58915877763618,-1.58915877763618,-1.58915877763618,-1.58915877763618,-1.58915877763618,38.6889230925795,28.0620059428358,19.3152288826973,12.2815187119489,6.79380223037552,2.68500623776217,-0.211942466106243,-2.06411708144478,-3.0385908084685,-3.30243684739247,-3.02272839843175,-2.36653866180135,-1.5009408377164,-0.593008126391947,0.190186271956962,0.681569157115261,0.714067328867921,0.120607586999819,-1.26588326870405,-3.61247843845877,-3.61247843845877,-3.61247843845877,-3.61247843845877,-3.61247843845877,-3.61247843845877,-3.61247843845877,-3.61247843845877,-3.61247843845877,-3.61247843845877,-3.61247843845877,-3.61247843845877,-3.61247843845877,-3.61247843845877,-3.61247843845877,-3.61247843845877,-3.61247843845877,-3.61247843845877,-3.61247843845877,-3.61247843845877,-3.61247843845877,6.79242997565961,5.7116271298595,4.63082428405944,3.55002143825934,2.46921859245925,1.38841574665916,0.297140471680033,-0.826381175841798,-1.87080282622825,-2.62746049941674,-2.97034742755786,-2.91724142291362,-2.50724208829469,-1.73223019292139,-0.685359529764499,0.284452079014413,0.703606597793275,0.305790134477609,-0.796114702504159,-2.25199661172275,-2.25199661172275,-2.25199661172275,-2.25199661172275,-2.25199661172275,-2.25199661172275,-2.25199661172275,-2.25199661172275,-2.25199661172275,-2.25199661172275,-2.25199661172275,-2.25199661172275,-2.25199661172275,-2.25199661172275,-2.25199661172275,-2.25199661172275,-2.25199661172275,-2.25199661172275,-2.25199661172275,-2.25199661172275,-2.25199661172275,1,1,1,1,1,1,1,1,1,1,1,1,1,1,1,1,1,1,1,1,1,1,1,1,1,1,1,1,1,1,1,1,1,1,1,1,1,1,1,1
-0.212575055896657,0.535213418091551,0.522539086791638,-1.37461037806141,-0.946704561015805,0.790169895936987,-0.864748929013254,-1.25669778004005,-0.626848389134176,0.475198687358422,1.01769784754626,-2.10912349246644,3.21296597253583,-2.20225313237489,2.08516252309736,1.06273529228309,0.269149077253775,-1.66374324603554,-0.856406221831614,-1.02756474022819,1.68254469781728,0.345799941494345,1.23739212909029,0.135492769183388,-1.68034931991846,-2.74518967544466,1.84744021320922,0.384907655701198,-1.33621750578705,3.8204888005333,1.01673856793875,0.951643787694438,-0.13152739544328,-1.06762647483471,-0.50077646386735,0.284979979962149,-0.383973732021122,0.0784311197921799,1.20833381108931,0.859042204676605,2.79947350927447,2.57873456105933,2.35799561284419,2.13725666462905,1.91651771641391,1.69577876819877,1.47503981998362,1.25430087176849,1.03356192355334,0.812822975338204,0.592084027123063,0.371345078907922,0.150606130692779,-0.0701328175223619,-0.290871765737503,-0.511610713952642,-0.732349662167783,-0.953088610382924,-1.17382755859806,-1.3945665068132,-1.3945665068132,-1.3945665068132,-1.3945665068132,-1.3945665068132,-1.3945665068132,-1.3945665068132,-1.3945665068132,-1.3945665068132,-1.3945665068132,-1.3945665068132,-1.3945665068132,-1.3945665068132,-1.3945665068132,-1.3945665068132,-1.3945665068132,-1.3945665068132,-1.3945665068132,-1.3945665068132,-1.3945665068132,-1.3945665068132,-2.13879594172671,-1.72496002692587,-1.28926457534181,-0.844854358555355,-0.404874148147317,0.0175312843014712,0.40921716721018,0.757038728998008,1.04785119808413,1.2685098028877,1.40586977182788,1.44678633332394,1.37811471579496,1.18671014766013,0.859427857338677,0.383123073249763,-0.255348976187477,-1.06913306255381,-2.07137395743015,-3.2752164323972,-3.2752164323972,-3.2752164323972,-3.2752164323972,-3.2752164323972,-3.2752164323972,-3.2752164323972,-3.2752164323972,-3.2752164323972,-3.2752164323972,-3.2752164323972,-3.2752164323972,-3.2752164323972,-3.2752164323972,-3.2752164323972,-3.2752164323972,-3.2752164323972,-3.2752164323972,-3.2752164323972,-3.2752164323972,-3.2752164323972,-3.86188851898756,-3.16919195533518,-2.47649539168282,-1.78379882803046,-1.09110226437808,-0.398405700725713,0.272319126462561,0.827605754389216,1.22807669290921,1.48668429555737,1.6028257236455,1.57550139714976,1.42248221212504,1.15095996053652,0.742433003935734,0.165575058715985,-0.593489856601348,-1.47549159074622,-2.35790967673198,-3.18124895906859,-3.18124895906859,-3.18124895906859,-3.18124895906859,-3.18124895906859,-3.18124895906859,-3.18124895906859,-3.18124895906859,-3.18124895906859,-3.18124895906859,-3.18124895906859,-3.18124895906859,-3.18124895906859,-3.18124895906859,-3.18124895906859,-3.18124895906859,-3.18124895906859,-3.18124895906859,-3.18124895906859,-3.18124895906859,-3.18124895906859,1,1,1,1,1,1,1,1,1,1,1,1,1,1,1,1,1,1,1,1,1,1,1,1,1,1,1,1,1,1,1,1,1,1,1,1,1,1,1,1
0.809321634097173,0.734081618441097,2.99818142872419,-1.18470415877727,2.13129656905512,0.720116888550031,-1.96651190202116,-1.02174585613123,-1.37533073784396,0.564086663055042,0.167211058918868,-0.590340102317102,0.333895698169684,1.82343162383179,0.791685593281983,2.01476109820308,-0.502281975940198,-0.494541063590843,2.20308431736258,2.09256624991977,-0.115386663609021,2.27885037288697,-0.731921139517382,-0.213445936793923,3.78374877398143,-0.644092410175775,-0.573209028122873,0.0722435353112996,0.763162592273378,-1.2151571251264,0.775822874679589,2.11478109579765,0.328582882934533,1.8390880257795,-0.959989414725662,2.05023041323607,-0.404988472000522,-0.156606003878814,1.38893748739533,-1.53483435527192,-1.34078271054347,-1.2217639147146,-1.10274511888573,-0.983726323056858,-0.864707527227988,-0.74568873139912,-0.626669935570249,-0.50765113974138,-0.38863234391251,-0.26961354808364,-0.150594752254769,-0.0315759564259004,0.0874428394029696,0.20646163523184,0.325480431060708,0.44449922688958,0.56351802271845,0.68253681854732,0.801555614376188,0.920574410205058,0.920574410205058,0.920574410205058,0.920574410205058,0.920574410205058,0.920574410205058,0.920574410205058,0.920574410205058,0.920574410205058,0.920574410205058,0.920574410205058,0.920574410205058,0.920574410205058,0.920574410205058,0.920574410205058,0.920574410205058,0.920574410205058,0.920574410205058,0.920574410205058,0.920574410205058,0.920574410205058,-15.40996038949,-11.4610459704792,-8.20662129815433,-5.58320852565348,-3.52732980611476,-1.97550729267624,-0.864263138476051,-0.130119496652286,0.290401479656962,0.460777637313621,0.444486823179584,0.305006884116722,0.105815666986958,-0.0896089813478067,-0.217789214025625,-0.215247184184687,-0.0185050449630193,0.43591505050124,1.21149094907007,2.37170049760529,2.37170049760529,2.37170049760529,2.37170049760529,2.37170049760529,2.37170049760529,2.37170049760529,2.37170049760529,2.37170049760529,2.37170049760529,2.37170049760529,2.37170049760529,2.37170049760529,2.37170049760529,2.37170049760529,2.37170049760529,2.37170049760529,2.37170049760529,2.37170049760529,2.37170049760529,2.37170049760529,-9.99117848750288,-8.49636723481234,-7.0015559821218,-5.50674472943125,-4.01193347674071,-2.51712222405015,-1.08328616313506,0.0369875434774602,0.763402620641619,1.13909936684066,1.14236621528383,0.809568092847103,0.311953094517017,-0.234117425595192,-0.812941510637087,-1.27925809508871,-1.2685735736516,-0.432812216149456,1.26313742532293,3.47348428864399,3.47348428864399,3.47348428864399,3.47348428864399,3.47348428864399,3.47348428864399,3.47348428864399,3.47348428864399,3.47348428864399,3.47348428864399,3.47348428864399,3.47348428864399,3.47348428864399,3.47348428864399,3.47348428864399,3.47348428864399,3.47348428864399,3.47348428864399,3.47348428864399,3.47348428864399,3.47348428864399,1,1,1,1,1,1,1,1,1,1,1,1,1,1,1,1,1,1,1,1,1,1,1,1,1,1,1,1,1,1,1,1,1,1,1,1,1,1,1,1
-0.658546346044193,1.48198670319895,-0.572092143543586,0.100740291441626,-2.38481290209457,-0.128985749395641,-0.0781074474264862,-0.312443152945239,-0.719033503788506,-0.632474409694845,-0.531884475896119,0.389431414321825,0.240475698694057,0.370940958087616,-3.05190018795829,-0.637530270603978,1.58901641221258,1.50327013968181,0.13926133316631,-1.18619121771941,0.840119455812136,1.53042620501123,2.54557051274617,1.13106239958277,-0.840452505228198,-0.558126606004889,-0.193690585620717,-0.229735811933294,0.868633019315363,-2.03161280959794,1.90939327165843,-1.16195588885437,1.18851084471838,1.50314941525411,0.732391691790365,-1.55793643017769,0.309357913992617,-1.79134477387542,1.57170997277161,-0.645113522848883,-1.6954995802466,-1.56100515789337,-1.42651073554013,-1.29201631318689,-1.15752189083365,-1.02302746848041,-0.888533046127174,-0.754038623773937,-0.619544201420698,-0.485049779067461,-0.350555356714221,-0.216060934360984,-0.0815665120077451,0.0529279103454918,0.187422332698732,0.321916755051969,0.456411177405208,0.590905599758445,0.72540002211168,0.859894444464919,0.859894444464919,0.859894444464919,0.859894444464919,0.859894444464919,0.859894444464919,0.859894444464919,0.859894444464919,0.859894444464919,0.859894444464919,0.859894444464919,0.859894444464919,0.859894444464919,0.859894444464919,0.859894444464919,0.859894444464919,0.859894444464919,0.859894444464919,0.859894444464919,0.859894444464919,0.859894444464919,13.4166358118674,10.0946204944372,7.25950942916285,4.87926770213846,2.92186039945827,1.35525260721648,0.147409411507294,-0.733704101575093,-1.32012284593647,-1.64388173548265,-1.73701568411943,-1.63155960575259,-1.35954841428796,-0.953017023631316,-0.444000347688476,0.135466699634769,0.753349204432618,1.37761225279928,1.97622093082895,2.51714032461584,2.51714032461584,2.51714032461584,2.51714032461584,2.51714032461584,2.51714032461584,2.51714032461584,2.51714032461584,2.51714032461584,2.51714032461584,2.51714032461584,2.51714032461584,2.51714032461584,2.51714032461584,2.51714032461584,2.51714032461584,2.51714032461584,2.51714032461584,2.51714032461584,2.51714032461584,2.51714032461584,0.177190799438952,0.0960308254964133,0.0148708515538711,-0.066289122388671,-0.14744909633122,-0.228609070273755,-0.312919839249135,-0.412071441968219,-0.523359200875374,-0.639212128476835,-0.767808300186934,-0.909100576601897,-1.01131773952552,-0.990334557607918,-0.79281517229634,-0.402565025218825,0.192070385736519,0.975146704249362,1.870733481886,2.79672358304545,2.79672358304545,2.79672358304545,2.79672358304545,2.79672358304545,2.79672358304545,2.79672358304545,2.79672358304545,2.79672358304545,2.79672358304545,2.79672358304545,2.79672358304545,2.79672358304545,2.79672358304545,2.79672358304545,2.79672358304545,2.79672358304545,2.79672358304545,2.79672358304545,2.79672358304545,2.79672358304545,1,1,1,1,1,1,1,1,1,1,1,1,1,1,1,1,1,1,1,1,1,1,1,1,1,1,1,1,1,1,1,1,1,1,1,1,1,1,1,1
0.426402006696458,-0.750329727223428,-0.139547697600932,-1.73891312497495,-0.17579079179414,1.23435549972854,1.42234664112939,0.155336353970631,0.222012698357261,1.65584610591805,0.765573429480455,-0.384756222615993,-0.530865279910087,-0.132792332209119,0.212497738601639,1.7351706890921,0.66620811272927,1.14940646505376,0.337069784502004,-1.08749671137399,1.44873638659896,-2.81252298642007,0.63913197962578,-1.95102151667756,-1.90617346625599,-0.632261165373533,1.82505833247052,0.0652919756005641,-0.522993417444917,0.849865982917063,-0.0127293908213275,2.73519651520269,0.0462555562431994,0.317298244214774,-0.265505277307772,0.559349793046731,1.28275294625657,0.932999411289728,-1.21574666680694,-2.96417126619909,2.46649249507597,2.37437680908606,2.28226112309615,2.19014543710623,2.09802975111632,2.00591406512641,1.91379837913649,1.82168269314658,1.72956700715667,1.63745132116675,1.54533563517684,1.45321994918693,1.36110426319702,1.2689885772071,1.17687289121719,1.08475720522727,0.992641519237361,0.900525833247448,0.808410147257538,0.716294461267617,0.716294461267617,0.716294461267617,0.716294461267617,0.716294461267617,0.716294461267617,0.716294461267617,0.716294461267617,0.716294461267617,0.716294461267617,0.716294461267617,0.716294461267617,0.716294461267617,0.716294461267617,0.716294461267617,0.716294461267617,0.716294461267617,0.716294461267617,0.716294461267617,0.716294461267617,0.716294461267617,-16.578800309368,-11.2941599274099,-7.0351936865295,-3.70316070381562,-1.19932009635695,0.575069018757771,1.71874752443976,2.33045630360033,2.50893623915068,2.35292821400211,1.96117311106585,1.43241181325319,0.865385203475327,0.358834164643575,0.0114995796691737,-0.0778776685366545,0.189443302937432,0.912203377002591,2.18914343657016,4.11900436455134,4.11900436455134,4.11900436455134,4.11900436455134,4.11900436455134,4.11900436455134,4.11900436455134,4.11900436455134,4.11900436455134,4.11900436455134,4.11900436455134,4.11900436455134,4.11900436455134,4.11900436455134,4.11900436455134,4.11900436455134,4.11900436455134,4.11900436455134,4.11900436455134,4.11900436455134,4.11900436455134,-0.44493623338244,-0.0668744042164815,0.311187424949505,0.689249254115486,1.06731108328145,1.44537291244743,1.81047390949222,2.0877782001824,2.16316081290528,1.9875736386429,1.60791311108859,1.10831087930681,0.617858896800394,0.309580039712595,0.282313808159401,0.520526482788533,0.990636232701036,1.6324566430582,2.30070099461172,2.9007064335767,2.9007064335767,2.9007064335767,2.9007064335767,2.9007064335767,2.9007064335767,2.9007064335767,2.9007064335767,2.9007064335767,2.9007064335767,2.9007064335767,2.9007064335767,2.9007064335767,2.9007064335767,2.9007064335767,2.9007064335767,2.9007064335767,2.9007064335767,2.9007064335767,2.9007064335767,2.9007064335767,1,1,1,1,1,1,1,1,1,1,1,1,1,1,1,1,1,1,1,1,1,1,1,1,1,1,1,1,1,1,1,1,1,1,1,1,1,1,1,1
-1.57673572888363,-2.61167659998164,-0.538797076696739,1.97718073725201,-1.81439766220014,-0.549511268292582,-2.04670550370356,-0.338770134552902,-0.755926095604746,0.691353649244599,0.910318296946629,-1.18353206509579,-0.710406316260954,0.763671583215876,0.324016592432738,-1.38743097464284,-0.55343073610123,-0.930462974437054,0.231278181506781,-1.30007525405069,-0.979956159899052,-1.01247636903215,-1.63079731974253,-0.862669317172299,1.3973871652867,1.61219948857133,0.191237588642547,0.0315869494040033,-0.398934485727928,1.50666196058923,0.646414178883175,0.678548955491873,0.877804073885395,-1.67940287102799,-0.907936395234849,-1.63147074900515,0.812051113283006,0.560613101639788,-1.3188252921482,-0.979125521661013,1.66191488736506,1.57816733505695,1.49441978274883,1.41067223044071,1.32692467813259,1.24317712582447,1.15942957351635,1.07568202120823,0.991934468900112,0.90818691659199,0.824439364283872,0.740691811975754,0.656944259667634,0.573196707359516,0.489449155051394,0.405701602743276,0.321954050435158,0.23820649812704,0.154458945818918,0.0707113935108001,0.0707113935108001,0.0707113935108001,0.0707113935108001,0.0707113935108001,0.0707113935108001,0.0707113935108001,0.0707113935108001,0.0707113935108001,0.0707113935108001,0.0707113935108001,0.0707113935108001,0.0707113935108001,0.0707113935108001,0.0707113935108001,0.0707113935108001,0.0707113935108001,0.0707113935108001,0.0707113935108001,0.0707113935108001,0.0707113935108001,17.0145460190092,12.7463213769896,9.23491799530731,6.41164585728106,4.20781494622955,2.55473524547143,1.38371673832539,0.626069408110107,0.21310323814426,0.0761282117465143,0.146454312235583,0.355391522930109,0.634249827148789,0.914339208210288,1.12696964943331,1.20345113413649,1.07509364563857,0.673207167258214,-0.0708983176859856,-1.22591282587523,-1.22591282587523,-1.22591282587523,-1.22591282587523,-1.22591282587523,-1.22591282587523,-1.22591282587523,-1.22591282587523,-1.22591282587523,-1.22591282587523,-1.22591282587523,-1.22591282587523,-1.22591282587523,-1.22591282587523,-1.22591282587523,-1.22591282587523,-1.22591282587523,-1.22591282587523,-1.22591282587523,-1.22591282587523,-1.22591282587523,3.09255471208471,2.81912401852377,2.54569332496283,2.27226263140189,1.99883193784094,1.72540124428,1.45343761635097,1.19165101364722,0.955092129661764,0.755455653120016,0.593473719819691,0.462317171742741,0.35594282408981,0.273467135704847,0.221263172613737,0.213049747721634,0.25920297551869,0.350337252274151,0.459917950175367,0.569001135761797,0.569001135761797,0.569001135761797,0.569001135761797,0.569001135761797,0.569001135761797,0.569001135761797,0.569001135761797,0.569001135761797,0.569001135761797,0.569001135761797,0.569001135761797,0.569001135761797,0.569001135761797,0.569001135761797,0.569001135761797,0.569001135761797,0.569001135761797,0.569001135761797,0.569001135761797,0.569001135761797,1,1,1,1,1,1,1,1,1,1,1,1,1,1,1,1,1,1,1,1,1,1,1,1,1,1,1,1,1,1,1,1,1,1,1,1,1,1,1,1
0.967026980325933,-1.39703385932878,-0.400069928889552,-0.0764520099350303,1.99124677940251,0.829153136741652,0.417859166782485,-3.60655758210432,0.526504077296181,2.13593940683707,-2.61282729856948,-0.813427738137522,-1.65280195817074,-0.318040886128559,2.15444856811026,1.27685379874523,-0.792079280821936,0.955302101377102,0.521330981390742,2.52940426135461,0.331348598256854,0.847112070830748,-4.03719438464235,-0.510016055818317,-0.276269161059519,0.496586481408297,-0.612462491544022,1.16265187259993,-1.05831532917861,-1.51495657573293,1.26413964020734,0.439474797764566,-1.35046426996951,1.60277824282943,-0.0920081526232881,1.10807211821101,2.86381837569376,-2.91801207402445,-1.36599148246197,1.8066823076357,1.90744972891291,1.84645901160134,1.78546829428978,1.72447757697821,1.66348685966664,1.60249614235508,1.54150542504351,1.48051470773194,1.41952399042038,1.35853327310881,1.29754255579724,1.23655183848568,1.17556112117411,1.11457040386254,1.05357968655097,0.992588969239407,0.931598251927841,0.870607534616274,0.809616817304708,0.748626099993139,0.748626099993139,0.748626099993139,0.748626099993139,0.748626099993139,0.748626099993139,0.748626099993139,0.748626099993139,0.748626099993139,0.748626099993139,0.748626099993139,0.748626099993139,0.748626099993139,0.748626099993139,0.748626099993139,0.748626099993139,0.748626099993139,0.748626099993139,0.748626099993139,0.748626099993139,0.748626099993139,3.18776382102334,2.69678633595803,2.29266167664286,1.96745793217305,1.71324319164382,1.52208554415038,1.38605307878795,1.29721388465176,1.24763605083701,1.22938766643893,1.23453682055274,1.25515160227367,1.28330010069693,1.3110504049177,1.33047060403128,1.33362878713281,1.31259304331757,1.25943146168074,1.16621213131751,1.02500314132321,1.02500314132321,1.02500314132321,1.02500314132321,1.02500314132321,1.02500314132321,1.02500314132321,1.02500314132321,1.02500314132321,1.02500314132321,1.02500314132321,1.02500314132321,1.02500314132321,1.02500314132321,1.02500314132321,1.02500314132321,1.02500314132321,1.02500314132321,1.02500314132321,1.02500314132321,1.02500314132321,5.20121848809177,4.66672038244354,4.1322222767953,3.59772417114706,3.06322606549882,2.52872795985058,2.00354097438822,1.53115543912543,1.14719258982568,0.863821017156949,0.685474693798849,0.612960063965362,0.632223315420925,0.716530267561334,0.845006376497166,1.00933264716976,1.20094648811941,1.4034218573819,1.60236754503999,1.79540257019424,1.79540257019424,1.79540257019424,1.79540257019424,1.79540257019424,1.79540257019424,1.79540257019424,1.79540257019424,1.79540257019424,1.79540257019424,1.79540257019424,1.79540257019424,1.79540257019424,1.79540257019424,1.79540257019424,1.79540257019424,1.79540257019424,1.79540257019424,1.79540257019424,1.79540257019424,1.79540257019424,1,1,1,1,1,1,1,1,1,1,1,1,1,1,1,1,1,1,1,1,1,1,1,1,1,1,1,1,1,1,1,1,1,1,1,1,1,1,1,1
-1.19002148501549,-2.1799496524379,-2.49218789023699,-1.29667635069253,1.27312413778817,0.338352951975897,-0.804802919287624,0.630768192303803,-0.674244865027408,-0.307291837666982,1.75061951668171,-0.876586918639687,-1.60525146792592,1.18793547847125,-1.48951062808564,-1.46456327794534,-0.363088179087155,-0.570581811871834,0.281562911658799,-0.863682359328799,0.560330692473666,-0.746702821531576,0.444470538437438,-0.792920953005959,0.662911239477385,-0.227455271547356,1.31091290222889,0.900379231681381,0.504457739018399,-0.945284565181844,-0.716066316704474,-0.581772073175467,1.15700756484766,-0.49248380825475,-0.0600805378119489,-1.07569137442552,2.20328015677205,-1.30870736642265,-0.317486257845331,1.24713941486671,-0.785779217566677,-0.739824671622893,-0.69387012567911,-0.647915579735328,-0.601961033791545,-0.556006487847764,-0.51005194190398,-0.464097395960197,-0.418142850016412,-0.37218830407263,-0.326233758128847,-0.280279212185064,-0.234324666241282,-0.188370120297499,-0.142415574353713,-0.0964610284099336,-0.0505064824661527,-0.00455193652236652,0.0414026094214162,0.0873571553651988,0.0873571553651988,0.0873571553651988,0.0873571553651988,0.0873571553651988,0.0873571553651988,0.0873571553651988,0.0873571553651988,0.0873571553651988,0.0873571553651988,0.0873571553651988,0.0873571553651988,0.0873571553651988,0.0873571553651988,0.0873571553651988,0.0873571553651988,0.0873571553651988,0.0873571553651988,0.0873571553651988,0.0873571553651988,0.0873571553651988,-14.8380599303439,-10.6767544792757,-7.32119084307551,-4.69242072390736,-2.71149582393515,-1.29946784532281,-0.377388490234263,0.133690539166551,0.312717540715727,0.238640812249312,-0.00959134839660258,-0.353030643385996,-0.71272877488272,-1.00973744505074,-1.165108356054,-1.0998932100564,-0.735143709221893,0.00808844428560818,1.20875154830217,2.94579390066383,2.94579390066383,2.94579390066383,2.94579390066383,2.94579390066383,2.94579390066383,2.94579390066383,2.94579390066383,2.94579390066383,2.94579390066383,2.94579390066383,2.94579390066383,2.94579390066383,2.94579390066383,2.94579390066383,2.94579390066383,2.94579390066383,2.94579390066383,2.94579390066383,2.94579390066383,2.94579390066383,2.71344079642509,2.26798170205197,1.82252260767884,1.37706351330572,0.931604418932598,0.486145324559472,0.0477990314879317,-0.347068188210111,-0.657013225631758,-0.865418387399615,-0.978196467752896,-0.998537065712407,-0.921170394483454,-0.746028227222761,-0.481551775222801,-0.144148339960964,0.235632289990034,0.622401376243841,0.998990636932188,1.36846431457639,1.36846431457639,1.36846431457639,1.36846431457639,1.36846431457639,1.36846431457639,1.36846431457639,1.36846431457639,1.36846431457639,1.36846431457639,1.36846431457639,1.36846431457639,1.36846431457639,1.36846431457639,1.36846431457639,1.36846431457639,1.36846431457639,1.36846431457639,1.36846431457639,1.36846431457639,1.36846431457639,1,1,1,1,1,1,1,1,1,1,1,1,1,1,1,1,1,1,1,1,1,1,1,1,1,1,1,1,1,1,1,1,1,1,1,1,1,1,1,1
0.395855402502774,-1.26460986667163,-0.538370849924054,-0.885157549081323,-0.595469434159669,-0.772558385607853,1.13090676573033,-0.628346782861978,-0.942416505111298,2.10471238771293,-0.0412890069715885,-1.32996480756455,3.72726231378217,0.252576721318292,3.07060228788501,-2.15049987774987,0.943196535015966,-0.536190510306655,-0.433243121328285,2.66034024708924,0.452051660114762,0.879838925740474,-0.631757937249105,1.20232028406508,-1.2864965834621,-0.774697116562809,0.884734927705994,0.165912196855958,-1.97657698734542,0.523900680085484,-1.20915203170441,0.424238388990833,1.33611331877938,0.716961859490299,-0.312237292418073,0.859163256244395,-1.01483802242626,1.41326242412351,-0.149435663659048,-0.102666642503678,-2.16483904574308,-1.95127141406846,-1.73770378239385,-1.52413615071923,-1.31056851904461,-1.09700088736999,-0.883433255695374,-0.669865624020758,-0.456297992346141,-0.242730360671526,-0.029162728996905,0.184404902677713,0.397972534352329,0.611540166026948,0.825107797701566,1.03867542937618,1.2522430610508,1.46581069272542,1.67937832440003,1.89294595607465,1.89294595607465,1.89294595607465,1.89294595607465,1.89294595607465,1.89294595607465,1.89294595607465,1.89294595607465,1.89294595607465,1.89294595607465,1.89294595607465,1.89294595607465,1.89294595607465,1.89294595607465,1.89294595607465,1.89294595607465,1.89294595607465,1.89294595607465,1.89294595607465,1.89294595607465,1.89294595607465,46.7364834274896,34.5266937382549,24.3773854868527,16.1179812158416,9.57790346778006,4.58657478522654,0.973417710739531,-1.43214521312239,-2.80069144380077,-3.30279843873711,-3.10904365537296,-2.3900045511497,-1.31625858350893,-0.0583832098921135,1.21304411225931,2.32744592550372,3.11424477239966,3.40286319550573,3.02272373738013,1.80324894058183,1.80324894058183,1.80324894058183,1.80324894058183,1.80324894058183,1.80324894058183,1.80324894058183,1.80324894058183,1.80324894058183,1.80324894058183,1.80324894058183,1.80324894058183,1.80324894058183,1.80324894058183,1.80324894058183,1.80324894058183,1.80324894058183,1.80324894058183,1.80324894058183,1.80324894058183,1.80324894058183,4.88245741989508,4.23291513823459,3.58337285657397,2.93383057491337,2.28428829325278,1.63474601159219,0.874512084244653,-0.376124394610247,-1.82092952933884,-2.70692837579239,-2.61237015561097,-1.61738498565771,-0.202548466681375,0.929798348957753,1.4054999538164,1.48813006261766,1.60848261337546,1.91236600357565,2.37948462403356,2.95945067547355,2.95945067547355,2.95945067547355,2.95945067547355,2.95945067547355,2.95945067547355,2.95945067547355,2.95945067547355,2.95945067547355,2.95945067547355,2.95945067547355,2.95945067547355,2.95945067547355,2.95945067547355,2.95945067547355,2.95945067547355,2.95945067547355,2.95945067547355,2.95945067547355,2.95945067547355,2.95945067547355,1,1,1,1,1,1,1,1,1,1,1,1,1,1,1,1,1,1,1,1,1,1,1,1,1,1,1,1,1,1,1,1,1,1,1,1,1,1,1,1
-1.6838003580122,-0.909024445731413,0.0649733128816292,-0.45351369993126,2.804325007483,-1.00058457571311,-0.502513119450413,0.37363646725141,-0.0980462795237518,-1.17705626443338,-1.01677057023093,1.28657723364329,1.20902874056282,-1.14034587936932,1.62380904090622,2.10563977416246,-2.32219716417169,0.816846085222576,-2.66764353762372,-0.338290175220436,0.0555174922715906,-0.308948095430924,-1.45868437896374,-1.0658152409995,-0.31897764611249,-0.139619225116153,-0.564554983666651,-0.168659272037766,0.620606673251153,-0.887030554885188,1.75923958432798,-1.32158866359137,0.448919737486481,0.694319927372053,2.08067504545762,-1.82117119740263,2.23389749998115,0.34073777152487,1.12385817502536,-0.0913046167054166,1.81579966875471,1.65651393298589,1.49722819721708,1.33794246144826,1.17865672567945,1.01937098991064,0.86008525414182,0.700799518373005,0.541513782604191,0.382228046835378,0.222942311066562,0.0636565752977489,-0.0956291604710646,-0.254914896239878,-0.414200632008694,-0.573486367777507,-0.732772103546322,-0.892057839315134,-1.05134357508395,-1.21062931085276,-1.21062931085276,-1.21062931085276,-1.21062931085276,-1.21062931085276,-1.21062931085276,-1.21062931085276,-1.21062931085276,-1.21062931085276,-1.21062931085276,-1.21062931085276,-1.21062931085276,-1.21062931085276,-1.21062931085276,-1.21062931085276,-1.21062931085276,-1.21062931085276,-1.21062931085276,-1.21062931085276,-1.21062931085276,-1.21062931085276,-21.5716773599724,-15.7148774490921,-10.8717283551808,-6.95689711712797,-3.88505077382328,-1.57085636415633,0.0710190729832316,1.12590849870581,1.67914487412177,1.8160611603415,1.62199031847537,1.18226530963379,0.582219094927078,-0.0928153645343439,-0.757505107640068,-1.32651717327977,-1.71451860034304,-1.83617642771953,-1.60615769429883,-0.939129438970539,-0.939129438970539,-0.939129438970539,-0.939129438970539,-0.939129438970539,-0.939129438970539,-0.939129438970539,-0.939129438970539,-0.939129438970539,-0.939129438970539,-0.939129438970539,-0.939129438970539,-0.939129438970539,-0.939129438970539,-0.939129438970539,-0.939129438970539,-0.939129438970539,-0.939129438970539,-0.939129438970539,-0.939129438970539,-0.939129438970539,-3.03072701665191,-2.53645891350832,-2.04219081036473,-1.54792270722114,-1.05365460407756,-0.559386500933968,-0.0714605662627275,0.381069964190292,0.772289443988029,1.06888204709904,1.21636234199564,1.17212538518732,0.943272290362886,0.576272403821619,0.12061974131486,-0.388830953395644,-0.92813413644282,-1.47848585732754,-2.02717483899835,-2.57126776172504,-2.57126776172504,-2.57126776172504,-2.57126776172504,-2.57126776172504,-2.57126776172504,-2.57126776172504,-2.57126776172504,-2.57126776172504,-2.57126776172504,-2.57126776172504,-2.57126776172504,-2.57126776172504,-2.57126776172504,-2.57126776172504,-2.57126776172504,-2.57126776172504,-2.57126776172504,-2.57126776172504,-2.57126776172504,-2.57126776172504,1,1,1,1,1,1,1,1,1,1,1,1,1,1,1,1,1,1,1,1,1,1,1,1,1,1,1,1,1,1,1,1,1,1,1,1,1,1,1,1
-1.55178697918668,0.935665352720184,-0.104321515125269,-0.473871296770592,-0.350509133376349,-0.124079181156642,-1.01199734193873,1.65896136728373,0.569722488590745,0.66696453524238,0.467300083208332,0.134820399775691,0.100745646261739,-1.29782668987572,-3.32882405280177,-1.76494653546986,1.28478450988281,-1.10996408236749,0.526482382874526,-1.89137446224967,1.18985545971163,-0.34795242875497,-2.19070560074481,-0.11623771093733,-2.551755171212,0.129899265747637,-0.884650111292368,1.0181444939068,0.575325668729105,-0.789520419969568,0.299311941294363,-0.556632918602938,-0.0806124056691608,-1.02257976473975,-1.58568575773544,0.117562828837176,2.44024033075389,-0.190956625153458,-1.88102211830352,-0.424839155203401,-0.378779255296831,-0.386723828365175,-0.39466840143352,-0.402612974501865,-0.410557547570209,-0.418502120638553,-0.426446693706897,-0.434391266775242,-0.442335839843585,-0.45028041291193,-0.458224985980275,-0.466169559048618,-0.474114132116963,-0.482058705185308,-0.490003278253651,-0.497947851321998,-0.505892424390339,-0.513836997458682,-0.521781570527029,-0.529726143595376,-0.529726143595376,-0.529726143595376,-0.529726143595376,-0.529726143595376,-0.529726143595376,-0.529726143595376,-0.529726143595376,-0.529726143595376,-0.529726143595376,-0.529726143595376,-0.529726143595376,-0.529726143595376,-0.529726143595376,-0.529726143595376,-0.529726143595376,-0.529726143595376,-0.529726143595376,-0.529726143595376,-0.529726143595376,-0.529726143595376,-2.89830309878296,-2.00113802913963,-1.31248498028731,-0.809539970552286,-0.469499018260865,-0.269558141739355,-0.186913359314054,-0.198760689311267,-0.282296150057292,-0.414715759878431,-0.573215537100989,-0.734991500051265,-0.877239667055575,-0.977156056440196,-1.01193668653144,-0.958777575655624,-0.794874742139045,-0.497424204307986,-0.0436219804887745,0.589335910992304,0.589335910992304,0.589335910992304,0.589335910992304,0.589335910992304,0.589335910992304,0.589335910992304,0.589335910992304,0.589335910992304,0.589335910992304,0.589335910992304,0.589335910992304,0.589335910992304,0.589335910992304,0.589335910992304,0.589335910992304,0.589335910992304,0.589335910992304,0.589335910992304,0.589335910992304,0.589335910992304,-0.789963862883335,-0.739337373191141,-0.688710883498947,-0.638084393806754,-0.587457904114563,-0.536831414422368,-0.486910992819149,-0.441367335489412,-0.405134199936318,-0.38291956631932,-0.377295966277966,-0.387235038254881,-0.409989503255328,-0.443364584173676,-0.484942595680712,-0.531827913329188,-0.582483422298344,-0.636148195506426,-0.690782012992482,-0.744698100036274,-0.744698100036274,-0.744698100036274,-0.744698100036274,-0.744698100036274,-0.744698100036274,-0.744698100036274,-0.744698100036274,-0.744698100036274,-0.744698100036274,-0.744698100036274,-0.744698100036274,-0.744698100036274,-0.744698100036274,-0.744698100036274,-0.744698100036274,-0.744698100036274,-0.744698100036274,-0.744698100036274,-0.744698100036274,-0.744698100036274,1,1,1,1,1,1,1,1,1,1,1,1,1,1,1,1,1,1,1,1,1,1,1,1,1,1,1,1,1,1,1,1,1,1,1,1,1,1,1,1
-0.073645446889878,0.175205595511506,2.92851160205806,-0.354742775504911,0.0712139758696884,-0.993454523289086,-2.33707177050793,0.611451065924637,2.59121608914386,-2.21185084598665,0.343246660629957,1.87695480082018,-1.15309172116917,3.09368414287626,0.351123059657802,-0.746090134588671,1.32290683442594,-1.26166762293822,-3.34572126837325,-1.55039401382623,0.326496479248338,-2.00745708177499,0.444577495778324,2.83848765309814,0.423520409645739,0.174882130003484,-0.427355797543447,1.12414505289581,-2.56692716973398,0.654717111124121,3.06302613445884,1.22560964219621,-0.339959325251545,-0.531197497521104,-1.06186762530892,-2.4668933200346,-0.526315741839106,-0.0473336448733654,1.66760703438086,-0.176669692938894,0.0730824135866595,0.119793939192522,0.166505464798384,0.213216990404243,0.259928516010104,0.306640041615967,0.353351567221829,0.400063092827692,0.446774618433551,0.493486144039414,0.540197669645275,0.586909195251136,0.633620720856998,0.680332246462859,0.727043772068722,0.773755297674583,0.820466823280444,0.867178348886304,0.913889874492167,0.960601400098028,0.960601400098028,0.960601400098028,0.960601400098028,0.960601400098028,0.960601400098028,0.960601400098028,0.960601400098028,0.960601400098028,0.960601400098028,0.960601400098028,0.960601400098028,0.960601400098028,0.960601400098028,0.960601400098028,0.960601400098028,0.960601400098028,0.960601400098028,0.960601400098028,0.960601400098028,0.960601400098028,1.93110376706577,0.516707600204477,-0.445914162624315,-1.013680453832,-1.24351020582999,-1.19232235102966,-0.917035821842427,-0.474569550679671,0.0781575300471982,0.684226487926779,1.28671839054769,1.82871430549852,2.25329530036787,2.50354244274437,2.5225368002166,2.25335944037316,1.63909143080265,0.622813839093691,-0.852392267165134,-2.84344582038521,-2.84344582038521,-2.84344582038521,-2.84344582038521,-2.84344582038521,-2.84344582038521,-2.84344582038521,-2.84344582038521,-2.84344582038521,-2.84344582038521,-2.84344582038521,-2.84344582038521,-2.84344582038521,-2.84344582038521,-2.84344582038521,-2.84344582038521,-2.84344582038521,-2.84344582038521,-2.84344582038521,-2.84344582038521,-2.84344582038521,-6.79352680682096,-5.84745852381102,-4.90139024080115,-3.95532195779126,-3.00925367478133,-2.06318539177141,-1.04888599826649,0.244649573762564,1.4904895941078,1.99565560476087,1.57703592216249,0.859860534591078,0.605910348141844,1.00884135939663,1.71008076967996,2.18801673475867,2.02930661941106,1.11708861358697,-0.307414415163267,-1.9035282696996,-1.9035282696996,-1.9035282696996,-1.9035282696996,-1.9035282696996,-1.9035282696996,-1.9035282696996,-1.9035282696996,-1.9035282696996,-1.9035282696996,-1.9035282696996,-1.9035282696996,-1.9035282696996,-1.9035282696996,-1.9035282696996,-1.9035282696996,-1.9035282696996,-1.9035282696996,-1.9035282696996,-1.9035282696996,-1.9035282696996,1,1,1,1,1,1,1,1,1,1,1,1,1,1,1,1,1,1,1,1,1,1,1,1,1,1,1,1,1,1,1,1,1,1,1,1,1,1,1,1
-1.59539523518589,0.323531389968497,2.33013532946851,-2.67682092701192,0.585015024425021,0.26507519854831,-2.42933452151636,0.266615878884002,1.8375884704456,-4.05930096510031,-1.80625070360572,-0.301798160087086,-0.783218043500922,-0.126766197641032,-3.06969504239791,-2.75784113297594,-0.0810494406510305,0.615364540572292,-0.406680959694611,-0.142967230520597,-1.5576791790846,-1.30318138983999,0.801655534338783,-1.00189684866492,0.150519760811186,1.27266708901302,-0.038856881300017,0.16860486341686,-0.727752996729414,1.25432170322346,0.381712838204294,0.102274778431836,-3.59818547118428,1.05192663757344,-1.34123447021367,-0.53037622652616,-1.67627875992222,-0.443237429376003,-0.0895934041923567,-1.1103460503449,-3.19184799369883,-3.07432525833399,-2.95680252296915,-2.83927978760431,-2.72175705223947,-2.60423431687463,-2.48671158150979,-2.36918884614495,-2.25166611078012,-2.13414337541527,-2.01662064005043,-1.8990979046856,-1.78157516932076,-1.66405243395592,-1.54652969859108,-1.42900696322624,-1.3114842278614,-1.19396149249656,-1.07643875713172,-0.958916021766878,-0.958916021766878,-0.958916021766878,-0.958916021766878,-0.958916021766878,-0.958916021766878,-0.958916021766878,-0.958916021766878,-0.958916021766878,-0.958916021766878,-0.958916021766878,-0.958916021766878,-0.958916021766878,-0.958916021766878,-0.958916021766878,-0.958916021766878,-0.958916021766878,-0.958916021766878,-0.958916021766878,-0.958916021766878,-0.958916021766878,9.12299947771829,6.09804622293325,3.59599440087373,1.57372100671573,-0.0118969643646931,-1.20398251719153,-2.04565865658874,-2.58004838738032,-2.85027471439022,-2.89946064244242,-2.7707291763609,-2.50720332096962,-2.15200608109256,-1.74826046155371,-1.339089467177,-0.967616102786451,-0.676963373206018,-0.51025428325967,-0.51061183777135,-0.721159041565107,-0.721159041565107,-0.721159041565107,-0.721159041565107,-0.721159041565107,-0.721159041565107,-0.721159041565107,-0.721159041565107,-0.721159041565107,-0.721159041565107,-0.721159041565107,-0.721159041565107,-0.721159041565107,-0.721159041565107,-0.721159041565107,-0.721159041565107,-0.721159041565107,-0.721159041565107,-0.721159041565107,-0.721159041565107,-0.721159041565107,-1.84353608880342,-1.91062548173991,-1.97771487467641,-2.04480426761291,-2.11189366054941,-2.17898305348591,-2.24444555699995,-2.30098655754432,-2.34230983229659,-2.35812954229039,-2.33029366638104,-2.24283418639509,-2.09128413192423,-1.88250578869185,-1.63432144115357,-1.37379992174304,-1.1251822893833,-0.896764198479989,-0.682292123923052,-0.472731328764192,-0.472731328764192,-0.472731328764192,-0.472731328764192,-0.472731328764192,-0.472731328764192,-0.472731328764192,-0.472731328764192,-0.472731328764192,-0.472731328764192,-0.472731328764192,-0.472731328764192,-0.472731328764192,-0.472731328764192,-0.472731328764192,-0.472731328764192,-0.472731328764192,-0.472731328764192,-0.472731328764192,-0.472731328764192,-0.472731328764192,1,1,1,1,1,1,1,1,1,1,0,0,1,1,1,1,1,1,1,1,1,1,1,1,1,1,1,1,1,1,1,1,1,1,1,1,1,1,1,1
0.474365260578834,-1.90342156333379,1.70165125271571,0.470574422802622,1.4598116512502,0.100330315066147,1.04121286189436,-0.138929970596479,0.508322239372271,1.6560175168108,0.224241450620221,-1.47023209870064,1.49864629246301,-0.278876422095809,2.93638503744567,-1.93274598149623,3.66310304739987,-1.15104406742374,2.76528978995687,3.815459310389,-0.664708167983365,-0.75966025511684,0.855823240270169,0.393547515864787,2.44507318952224,-1.72712499677306,-0.5845995782368,0.893467088648913,0.121114972860077,-0.688271249880724,0.908399723438857,2.39677534351055,-0.753870533491162,-2.04347544675218,-0.505438624943448,-1.36076991360468,-0.55976614643855,-1.87272627834335,-1.37109523337937,1.05781576405598,-0.735619215336079,-0.483547472759108,-0.231475730182138,0.020596012394833,0.272667754971804,0.524739497548775,0.776811240125746,1.02888298270272,1.28095472527969,1.53302646785666,1.78509821043363,2.0371699530106,2.28924169558757,2.54131343816454,2.79338518074151,3.04545692331848,3.29752866589545,3.54960040847243,3.8016721510494,4.05374389362637,4.05374389362637,4.05374389362637,4.05374389362637,4.05374389362637,4.05374389362637,4.05374389362637,4.05374389362637,4.05374389362637,4.05374389362637,4.05374389362637,4.05374389362637,4.05374389362637,4.05374389362637,4.05374389362637,4.05374389362637,4.05374389362637,4.05374389362637,4.05374389362637,4.05374389362637,4.05374389362637,-5.5248645124866,-3.90538779291119,-2.54663063519794,-1.42355040197599,-0.511104455874462,0.215749840477508,0.782055124450805,1.21285403341629,1.53318920474484,1.76810327580734,1.94263888397464,2.08183866661761,2.21074526110714,2.35440130481407,2.53784943510934,2.78613228936374,3.1242925049482,3.57737271923354,4.17041556959068,4.92846369339052,4.92846369339052,4.92846369339052,4.92846369339052,4.92846369339052,4.92846369339052,4.92846369339052,4.92846369339052,4.92846369339052,4.92846369339052,4.92846369339052,4.92846369339052,4.92846369339052,4.92846369339052,4.92846369339052,4.92846369339052,4.92846369339052,4.92846369339052,4.92846369339052,4.92846369339052,4.92846369339052,-4.12964647130931,-3.37172853103175,-2.61381059075419,-1.85589265047664,-1.09797471019908,-0.340056769921525,0.414437294856433,1.13686626491522,1.74949540652871,2.17621208486378,2.39598381044426,2.44232492864236,2.39709626109759,2.37471600752442,2.45834312391285,2.65886808195122,2.95806815235165,3.35187348338169,3.82952379141474,4.35326769235063,4.35326769235063,4.35326769235063,4.35326769235063,4.35326769235063,4.35326769235063,4.35326769235063,4.35326769235063,4.35326769235063,4.35326769235063,4.35326769235063,4.35326769235063,4.35326769235063,4.35326769235063,4.35326769235063,4.35326769235063,4.35326769235063,4.35326769235063,4.35326769235063,4.35326769235063,4.35326769235063,1,1,1,1,1,1,1,1,1,1,1,1,1,1,1,0,0,0,0,1,1,1,1,1,1,1,1,1,1,1,1,1,1,1,1,1,1,1,1,1
1.02941991528796,-2.93138001512678,1.65721720560199,-0.855606339767196,1.17236377347543,2.82863539600062,0.353574212914492,0.976909114642046,1.68717902548426,1.22565433349451,-0.0777069239016424,0.995530425256961,0.300303677286099,0.561371386629478,-0.288118828624064,-0.544756620347117,0.333163467851326,1.31553054520895,1.17292859476759,0.231999027252355,-0.436603831689345,1.95006641414929,-1.21831411463544,0.686146428822235,-1.81130459527395,-0.922115820640091,-0.866362180226577,-0.158859112214433,-2.31882239936478,-0.63398328124152,0.219419857047475,0.511234876887993,-1.19076768361221,-1.31373339065352,1.89904277727482,-0.148368884808667,0.0826203449784764,0.467419362010908,0.687730230668137,0.372167389342964,4.4538010523911,4.22329426687087,3.99278748135063,3.7622806958304,3.53177391031017,3.30126712478993,3.0707603392697,2.84025355374946,2.60974676822923,2.379239982709,2.14873319718876,1.91822641166853,1.68771962614829,1.45721284062806,1.22670605510782,0.99619926958759,0.765692484067356,0.535185698547123,0.304678913026887,0.0741721275066531,0.0741721275066531,0.0741721275066531,0.0741721275066531,0.0741721275066531,0.0741721275066531,0.0741721275066531,0.0741721275066531,0.0741721275066531,0.0741721275066531,0.0741721275066531,0.0741721275066531,0.0741721275066531,0.0741721275066531,0.0741721275066531,0.0741721275066531,0.0741721275066531,0.0741721275066531,0.0741721275066531,0.0741721275066531,0.0741721275066531,1.78372164718707,2.07858053137372,2.31626338798098,2.49917013489526,2.62970069000298,2.71025497119057,2.74323289634443,2.73103438335097,2.67605935009665,2.58070771446781,2.44737939435095,2.27847430763246,2.0763923721987,1.84353350593612,1.58229762673118,1.29508465247028,0.984294501039795,0.652327090326201,0.301582338215836,-0.0655398374048346,-0.0655398374048346,-0.0655398374048346,-0.0655398374048346,-0.0655398374048346,-0.0655398374048346,-0.0655398374048346,-0.0655398374048346,-0.0655398374048346,-0.0655398374048346,-0.0655398374048346,-0.0655398374048346,-0.0655398374048346,-0.0655398374048346,-0.0655398374048346,-0.0655398374048346,-0.0655398374048346,-0.0655398374048346,-0.0655398374048346,-0.0655398374048346,-0.0655398374048346,6.29090151480236,5.79715249990253,5.3034034850027,4.80965447010287,4.31590545520304,3.82215644030321,3.33143057066446,2.86067073368084,2.43615568362231,2.0795664524758,1.8000854903368,1.59527205917822,1.44949944355135,1.33547736388445,1.22965584139196,1.12554960659604,1.02824930748381,0.942960666151805,0.870970336813924,0.808057296020204,0.808057296020204,0.808057296020204,0.808057296020204,0.808057296020204,0.808057296020204,0.808057296020204,0.808057296020204,0.808057296020204,0.808057296020204,0.808057296020204,0.808057296020204,0.808057296020204,0.808057296020204,0.808057296020204,0.808057296020204,0.808057296020204,0.808057296020204,0.808057296020204,0.808057296020204,0.808057296020204,1,1,1,1,1,1,0,1,1,0,0,1,1,1,1,1,1,1,1,1,1,1,1,1,1,1,1,1,1,1,1,1,1,1,1,1,1,1,1,1
1.10656050133495,-0.617055793559442,-0.601341964653241,0.762126550458114,-0.0833205108852191,-0.79469275629094,1.20667446120859,-1.02907940191949,1.20244310438533,0.913008693042965,1.78544563335505,2.20420359087698,-0.503693551971724,0.944192259952727,-3.58895304820479,0.608551145880904,-1.76087514382378,0.463258407488098,-3.42426298577548,1.47921635050157,-3.57267575714579,-0.69227759015242,0.86035020474651,0.609497430191885,-0.289526710777674,-0.498313146687051,0.597918867089925,-3.56526722599436,-0.416051515829492,0.40525559762953,-1.72177635865403,-1.76564793803968,0.41420612336432,-1.34671603621343,0.556876573794602,-0.795103632879451,-0.687382607466031,-2.53168963160816,-0.670172535710961,0.564302414740025,2.26620594481768,2.0757149711961,1.88522399757453,1.69473302395295,1.50424205033138,1.3137510767098,1.12326010308822,0.932769129466648,0.742278155845071,0.551787182223492,0.361296208601919,0.170805234980341,-0.0196857386412361,-0.210176712262811,-0.400667685884384,-0.591158659505965,-0.78164963312754,-0.972140606749115,-1.16263158037069,-1.35312255399227,-1.35312255399227,-1.35312255399227,-1.35312255399227,-1.35312255399227,-1.35312255399227,-1.35312255399227,-1.35312255399227,-1.35312255399227,-1.35312255399227,-1.35312255399227,-1.35312255399227,-1.35312255399227,-1.35312255399227,-1.35312255399227,-1.35312255399227,-1.35312255399227,-1.35312255399227,-1.35312255399227,-1.35312255399227,-1.35312255399227,-10.1868298145101,-8.48024054744076,-6.81021014780802,-5.20082388724055,-3.67616703736708,-2.26032486981632,-0.97738265621701,0.14857433180215,1.09346082261242,1.83319154458508,2.34368122609144,2.60084459550273,2.58059638119026,2.25885131152532,1.61152411487917,0.614529519623089,-0.756217745871639,-2.52480295323375,-4.71531137409193,-7.35182828007494,-7.35182828007494,-7.35182828007494,-7.35182828007494,-7.35182828007494,-7.35182828007494,-7.35182828007494,-7.35182828007494,-7.35182828007494,-7.35182828007494,-7.35182828007494,-7.35182828007494,-7.35182828007494,-7.35182828007494,-7.35182828007494,-7.35182828007494,-7.35182828007494,-7.35182828007494,-7.35182828007494,-7.35182828007494,-7.35182828007494,-6.08956121063982,-5.18895323678694,-4.28834526293405,-3.38773728908117,-2.48712931522828,-1.58652134137539,-0.692766159577635,0.16195255378144,0.947203398069957,1.62871067055999,2.13889959860993,2.3882548735077,2.32011255548987,1.93671726505585,1.26055104974546,0.294542801466076,-0.952084484007592,-2.41306381020033,-3.97857769015554,-5.56713356809197,-5.56713356809197,-5.56713356809197,-5.56713356809197,-5.56713356809197,-5.56713356809197,-5.56713356809197,-5.56713356809197,-5.56713356809197,-5.56713356809197,-5.56713356809197,-5.56713356809197,-5.56713356809197,-5.56713356809197,-5.56713356809197,-5.56713356809197,-5.56713356809197,-5.56713356809197,-5.56713356809197,-5.56713356809197,-5.56713356809197,1,1,1,1,1,1,1,1,1,1,1,1,1,1,1,1,1,0,0,0,0,0,0,0,0,0,0,0,0,0,0,0,0,0,0,0,0,0,0,0
0.838970684493401,-0.923399572788024,0.909468844542089,1.2987200187115,-0.448283351408695,-0.0989036824888565,1.49373966063555,-1.63743199986896,-0.0566551048854684,1.91234893750703,0.101282665505943,-2.37191319227941,-0.351569434279916,1.16772464673189,-2.48513406920587,-0.0790811437261105,0.141501405281758,-0.750363811063282,-1.40910308497465,2.32539328556679,-1.2464295261767,0.303055819353119,0.828625701514495,1.77513695870021,1.47798372524296,-3.29581317462431,1.02597120411567,2.5578312829696,1.46545876407054,-2.11459318377945,-2.11150159040782,-0.248425793447622,-1.10667871242196,3.09414473819491,-1.82294873362416,-0.423513337501193,-0.86108944011894,1.47989464926923,-1.13977628821231,-2.72406726824343,4.41054426412162,4.13742612375558,3.86430798338954,3.59118984302351,3.31807170265748,3.04495356229144,2.7718354219254,2.49871728155937,2.22559914119333,1.9524810008273,1.67936286046126,1.40624472009523,1.1331265797292,0.860008439363158,0.586890298997124,0.313772158631089,0.0406540182650534,-0.23246412210098,-0.505582262467019,-0.778700402833051,-0.778700402833051,-0.778700402833051,-0.778700402833051,-0.778700402833051,-0.778700402833051,-0.778700402833051,-0.778700402833051,-0.778700402833051,-0.778700402833051,-0.778700402833051,-0.778700402833051,-0.778700402833051,-0.778700402833051,-0.778700402833051,-0.778700402833051,-0.778700402833051,-0.778700402833051,-0.778700402833051,-0.778700402833051,-0.778700402833051,-19.6670185785453,-12.7321841468921,-7.23829372232972,-3.04215265911645,-0.000566311510690198,2.02965996622918,3.19172081984479,3.62881089507778,3.48412483766975,2.90085729336234,2.02220290789722,0.991356327015955,-0.048487803539798,-0.954134838028432,-1.58239013070826,-1.79005903583771,-1.43394690767516,-0.370859100478926,1.54239903149258,4.44902213398101,4.44902213398101,4.44902213398101,4.44902213398101,4.44902213398101,4.44902213398101,4.44902213398101,4.44902213398101,4.44902213398101,4.44902213398101,4.44902213398101,4.44902213398101,4.44902213398101,4.44902213398101,4.44902213398101,4.44902213398101,4.44902213398101,4.44902213398101,4.44902213398101,4.44902213398101,4.44902213398101,3.81607440711231,3.72416456005288,3.63225471299339,3.54034486593391,3.44843501887445,3.35652517181498,3.25039515897695,3.07557800270899,2.83293612572036,2.54171225622093,2.18131687711321,1.70959145752881,1.06883873949323,0.260791966022811,-0.510886406688025,-0.936272504051631,-0.880970223967077,-0.39939448516156,0.445637729847149,1.53925225963292,1.53925225963292,1.53925225963292,1.53925225963292,1.53925225963292,1.53925225963292,1.53925225963292,1.53925225963292,1.53925225963292,1.53925225963292,1.53925225963292,1.53925225963292,1.53925225963292,1.53925225963292,1.53925225963292,1.53925225963292,1.53925225963292,1.53925225963292,1.53925225963292,1.53925225963292,1.53925225963292,1,1,1,1,1,1,1,1,1,1,1,1,1,1,1,1,1,1,1,1,1,1,1,1,1,1,1,1,1,1,1,1,1,1,1,1,1,1,1,1
-0.995107633389746,1.72451818634758,-2.54894130072972,1.10310674361685,-0.669708167686986,-0.789032490025479,-0.063021245450833,-1.96638624228713,-1.68265202876315,1.01405003028042,-1.01356604364159,-2.98090092751676,-2.25630315046805,-0.386180672519258,0.122139189009047,1.95572362439301,1.13729235241284,1.26719715758903,-1.52306331046229,-3.01680167589669,0.463981773134897,-0.357569365729834,-0.297468757588998,0.583328845712691,-1.5305042656627,2.66745737329514,-1.28317124655178,-0.0720683961687776,1.59737978320937,2.00328083302252,1.76034495956092,1.38972747526477,0.530433199139344,1.88143104474834,0.428373174156977,-2.0451769724168,-2.39451250617818,-0.223175886336067,0.686024008453582,1.1893384134606,-2.11385137451525,-2.03092762192569,-1.94800386933613,-1.86508011674657,-1.78215636415701,-1.69923261156744,-1.61630885897788,-1.53338510638832,-1.45046135379876,-1.3675376012092,-1.28461384861964,-1.20169009603007,-1.11876634344051,-1.03584259085095,-0.95291883826139,-0.869995085671828,-0.787071333082265,-0.704147580492705,-0.621223827903142,-0.538300075313581,-0.538300075313581,-0.538300075313581,-0.538300075313581,-0.538300075313581,-0.538300075313581,-0.538300075313581,-0.538300075313581,-0.538300075313581,-0.538300075313581,-0.538300075313581,-0.538300075313581,-0.538300075313581,-0.538300075313581,-0.538300075313581,-0.538300075313581,-0.538300075313581,-0.538300075313581,-0.538300075313581,-0.538300075313581,-0.538300075313581,-19.7590227812648,-15.6018704589574,-12.0432737669722,-9.03995411875259,-6.5486329277422,-4.52603160738453,-2.92887157112305,-1.71387423240129,-0.837761004662731,-0.257253301350891,0.0709274640907065,0.190059878218545,0.143422527589157,-0.0257060012410175,-0.274047121715412,-0.558322247277612,-0.835252791371056,-1.06156016743931,-1.19396578892582,-1.18919106927421,-1.18919106927421,-1.18919106927421,-1.18919106927421,-1.18919106927421,-1.18919106927421,-1.18919106927421,-1.18919106927421,-1.18919106927421,-1.18919106927421,-1.18919106927421,-1.18919106927421,-1.18919106927421,-1.18919106927421,-1.18919106927421,-1.18919106927421,-1.18919106927421,-1.18919106927421,-1.18919106927421,-1.18919106927421,-1.18919106927421,-8.78027434317304,-7.79754180622924,-6.81480926928542,-5.8320767323416,-4.84934419539779,-3.86661165845397,-2.88799849589569,-1.94546114347503,-1.12129042353768,-0.499835250536416,-0.105657055122826,0.0947097180144088,0.146834511954257,0.0652410121277889,-0.164165812714156,-0.518864799880188,-0.907520551878884,-1.25660929878342,-1.58529749672151,-1.93277476217814,-1.93277476217814,-1.93277476217814,-1.93277476217814,-1.93277476217814,-1.93277476217814,-1.93277476217814,-1.93277476217814,-1.93277476217814,-1.93277476217814,-1.93277476217814,-1.93277476217814,-1.93277476217814,-1.93277476217814,-1.93277476217814,-1.93277476217814,-1.93277476217814,-1.93277476217814,-1.93277476217814,-1.93277476217814,-1.93277476217814,1,1,1,1,1,1,1,1,1,1,1,1,1,1,1,1,1,1,1,1,1,1,1,1,1,1,1,1,1,1,1,1,1,1,1,1,1,1,1,1
1.2448938760964,-1.31599447976606,2.63857725840256,1.25450333393349,-0.480804843518635,0.226830262378543,1.41083496300729,-1.25566672908828,-0.276703125797914,-1.47684492472244,-3.72534558606077,0.928390311054097,-1.29939905965506,-0.699650202504779,0.473885277142656,1.66318802326666,0.727229894288449,0.419427144537643,0.443742352163836,-1.28528826825814,2.0479116573159,0.201983836528534,-0.228432162703948,-1.57478989539107,-0.167577285693122,-4.19418455846881,3.55623301758632,0.281790194344977,3.50876746181242,0.13784812110398,-0.761047475033271,0.220668500124514,1.74168590015192,-0.969969371232645,-2.21146161743369,-0.858664860599385,-2.63377988550595,-0.437086103629785,-1.23506696451266,-0.167283825496588,-1.76074788018979,-1.73449430008802,-1.70824071998626,-1.68198713988449,-1.65573355978273,-1.62947997968096,-1.6032263995792,-1.57697281947743,-1.55071923937567,-1.5244656592739,-1.49821207917214,-1.47195849907037,-1.44570491896861,-1.41945133886684,-1.39319775876508,-1.36694417866331,-1.34069059856155,-1.31443701845978,-1.28818343835802,-1.26192985825625,-1.26192985825625,-1.26192985825625,-1.26192985825625,-1.26192985825625,-1.26192985825625,-1.26192985825625,-1.26192985825625,-1.26192985825625,-1.26192985825625,-1.26192985825625,-1.26192985825625,-1.26192985825625,-1.26192985825625,-1.26192985825625,-1.26192985825625,-1.26192985825625,-1.26192985825625,-1.26192985825625,-1.26192985825625,-1.26192985825625,20.8408467474897,15.123090878492,10.3496090951698,6.44370338301881,3.32867572753472,0.927828114213266,-0.835537471449831,-2.03811904395885,-2.75661461781808,-3.06772220753178,-3.04813982760423,-2.77456549253973,-2.32369721684254,-1.77223301501691,-1.19687090156718,-0.674308890997603,-0.281244997812452,-0.0943772365159994,-0.190403621612536,-0.646022167606333,-0.646022167606333,-0.646022167606333,-0.646022167606333,-0.646022167606333,-0.646022167606333,-0.646022167606333,-0.646022167606333,-0.646022167606333,-0.646022167606333,-0.646022167606333,-0.646022167606333,-0.646022167606333,-0.646022167606333,-0.646022167606333,-0.646022167606333,-0.646022167606333,-0.646022167606333,-0.646022167606333,-0.646022167606333,-0.646022167606333,0.732533555900202,0.413399939350586,0.0942663228009675,-0.224867293748654,-0.544000910298271,-0.863134526847891,-1.17604608792561,-1.45494534336454,-1.6824983326607,-1.85808708298793,-1.98328398535027,-2.05787773894326,-2.07947131336171,-2.03461462391724,-1.89914536149068,-1.65857442048923,-1.32292537762628,-0.916422956685821,-0.462348569543462,0.0165955950200463,0.0165955950200463,0.0165955950200463,0.0165955950200463,0.0165955950200463,0.0165955950200463,0.0165955950200463,0.0165955950200463,0.0165955950200463,0.0165955950200463,0.0165955950200463,0.0165955950200463,0.0165955950200463,0.0165955950200463,0.0165955950200463,0.0165955950200463,0.0165955950200463,0.0165955950200463,0.0165955950200463,0.0165955950200463,0.0165955950200463,1,1,1,1,1,1,1,1,1,1,1,1,1,1,1,1,1,1,1,1,1,1,1,1,1,1,1,1,1,1,1,1,1,1,1,1,1,1,1,1
0.910099163311608,1.59121271456897,-0.396739566467013,0.146240028133795,-1.392246202148,-0.496059867786707,0.50367004097204,1.39171446410375,-2.18871170659262,0.134322029605523,0.918217083869067,-0.425128073350054,0.539962543739014,0.472663635762562,1.09239144700424,-0.231540456803643,0.242046423844847,-0.715365593089141,-0.674236372206952,-0.716272019771809,1.62004802277583,2.48571020987556,-1.54107500706994,-1.17996289376716,0.323750724509429,-1.40390662173343,0.74878100135645,1.32421473336271,0.439664017235861,-1.91499373697561,-0.804385927697885,-2.35807683550022,1.99856209729508,-2.03996006740417,-0.715125359065153,-1.15684224235872,2.56902909519441,1.57138675665241,-2.41759785094771,2.17053664999111,1.26082718043435,1.09149598646695,0.922164792499562,0.752833598532167,0.583502404564772,0.414171210597379,0.244840016629984,0.0755088226625915,-0.093822371304805,-0.263153565272198,-0.432484759239591,-0.601815953206987,-0.77114714717438,-0.940478341141773,-1.10980953510917,-1.27914072907656,-1.44847192304395,-1.61780311701135,-1.78713431097874,-1.95646550494614,-1.95646550494614,-1.95646550494614,-1.95646550494614,-1.95646550494614,-1.95646550494614,-1.95646550494614,-1.95646550494614,-1.95646550494614,-1.95646550494614,-1.95646550494614,-1.95646550494614,-1.95646550494614,-1.95646550494614,-1.95646550494614,-1.95646550494614,-1.95646550494614,-1.95646550494614,-1.95646550494614,-1.95646550494614,-1.95646550494614,-10.2621691214268,-7.41974938164002,-5.09604958171733,-3.24615885338879,-1.82516632838451,-0.788161138434571,-0.0902324152690959,0.31353070938183,0.468039103788092,0.418203636219596,0.208935174946227,-0.114855411762109,-0.508257255635501,-0.926359488404062,-1.32425124179793,-1.65702164754714,-1.87975983738183,-1.94755494303209,-1.81549609622806,-1.43867242869979,-1.43867242869979,-1.43867242869979,-1.43867242869979,-1.43867242869979,-1.43867242869979,-1.43867242869979,-1.43867242869979,-1.43867242869979,-1.43867242869979,-1.43867242869979,-1.43867242869979,-1.43867242869979,-1.43867242869979,-1.43867242869979,-1.43867242869979,-1.43867242869979,-1.43867242869979,-1.43867242869979,-1.43867242869979,-1.43867242869979,1.68246241422316,1.46242735296061,1.24239229169806,1.0223572304355,0.802322169172955,0.582287107910402,0.362789578375843,0.142705374695334,-0.0928711992858346,-0.352882471759555,-0.618431632309395,-0.856475238668411,-1.04395883223025,-1.17067935122585,-1.23414695213044,-1.24327545922857,-1.22031997764955,-1.1914502586754,-1.17316546073797,-1.16555041431024,-1.16555041431024,-1.16555041431024,-1.16555041431024,-1.16555041431024,-1.16555041431024,-1.16555041431024,-1.16555041431024,-1.16555041431024,-1.16555041431024,-1.16555041431024,-1.16555041431024,-1.16555041431024,-1.16555041431024,-1.16555041431024,-1.16555041431024,-1.16555041431024,-1.16555041431024,-1.16555041431024,-1.16555041431024,-1.16555041431024,1,1,1,1,1,1,1,1,1,1,1,1,1,1,1,1,1,1,1,1,1,1,1,1,1,1,1,1,1,1,1,1,1,1,1,1,1,1,1,1
0.812480685934015,1.19317200670168,-0.791312731853483,1.86749574038925,0.0114873028926352,2.05649710740683,1.37609049402125,0.657130877086111,-1.74462520177253,2.58112870828803,-0.53955481513038,-2.05724088394058,2.66510331640462,0.426662019687319,0.624062104528658,-2.13945839082124,-1.13976493657934,3.48502770464997,-1.65198786079667,-0.236792515956568,2.07095975980515,-0.293422553665403,1.47625314304492,0.134082657746225,0.375510532198591,1.61318935773511,-0.460471903297423,-1.46725885003633,-0.63120783092265,-1.24115709074939,-0.410282741267396,0.682702706554347,-0.426583609791473,1.53589902575052,1.97389282291852,-0.731235250949187,1.16273042013939,-1.09620651364235,-2.40348111206256,-0.677315758537269,-1.18118234743931,-1.04057502707125,-0.899967706703186,-0.75936038633512,-0.618753065967057,-0.47814574559899,-0.337538425230926,-0.196931104862863,-0.056323784494797,0.0842835358732685,0.224890856241332,0.365498176609396,0.50610549697746,0.646712817345524,0.787320137713591,0.927927458081655,1.06853477844972,1.20914209881779,1.34974941918585,1.49035673955392,1.49035673955392,1.49035673955392,1.49035673955392,1.49035673955392,1.49035673955392,1.49035673955392,1.49035673955392,1.49035673955392,1.49035673955392,1.49035673955392,1.49035673955392,1.49035673955392,1.49035673955392,1.49035673955392,1.49035673955392,1.49035673955392,1.49035673955392,1.49035673955392,1.49035673955392,1.49035673955392,13.1130609000079,9.05207766160684,5.80873563061772,3.30415561709969,1.45945843111187,0.195764882713364,-0.56580421803671,-0.904128061079247,-0.89808583635514,-0.626556733805266,-0.168419943370527,0.397445345008194,0.992159941390003,1.53684465583402,1.95262029839934,2.16060767914508,2.08192760813036,1.63770089541428,0.749048351055961,-0.662909214885513,-0.662909214885513,-0.662909214885513,-0.662909214885513,-0.662909214885513,-0.662909214885513,-0.662909214885513,-0.662909214885513,-0.662909214885513,-0.662909214885513,-0.662909214885513,-0.662909214885513,-0.662909214885513,-0.662909214885513,-0.662909214885513,-0.662909214885513,-0.662909214885513,-0.662909214885513,-0.662909214885513,-0.662909214885513,-0.662909214885513,-2.07613247921327,-1.81664527407691,-1.55715806894055,-1.29767086380419,-1.03818365866783,-0.778696453531472,-0.520067757322982,-0.268440230441655,-0.0370408811072576,0.166774720594249,0.34971348086151,0.523727910695136,0.696173277067002,0.864239860257426,1.01004714906969,1.10991955037797,1.15648015563028,1.16322841635351,1.14776992380282,1.12247095320735,1.12247095320735,1.12247095320735,1.12247095320735,1.12247095320735,1.12247095320735,1.12247095320735,1.12247095320735,1.12247095320735,1.12247095320735,1.12247095320735,1.12247095320735,1.12247095320735,1.12247095320735,1.12247095320735,1.12247095320735,1.12247095320735,1.12247095320735,1.12247095320735,1.12247095320735,1.12247095320735,1,1,1,1,1,1,1,1,1,1,1,1,1,1,1,1,1,1,1,1,1,1,1,1,1,1,1,1,1,1,1,1,1,1,1,1,1,1,1,1
0.249066123029173,2.90182195761693,0.491123326157385,-2.43048307446735,-0.544216591446433,-1.45326343149666,-0.407641215973853,-3.21156165742141,-2.33376662810534,-1.48113770928279,1.27393093098295,-0.396586912089116,-0.946884892273879,1.63287380110168,1.58941463682081,-1.23523155611224,-0.800184935172883,1.07296873720987,1.2050350633488,-0.77353768341025,-1.19939004611182,1.44340245230812,-0.779110873248856,0.124123197264572,-1.02837362986605,-0.879294523825697,-1.98590908524187,0.750275866536017,1.57716710670695,0.184801746813365,-1.97436592633506,2.48722499117391,-1.28686316085435,1.59264463025163,1.3602248480552,1.9565249433402,0.987755361336083,-1.30150065707084,-0.24151207682333,1.17896621879785,-1.77327190286945,-1.77644968264713,-1.7796274624248,-1.78280524220248,-1.78598302198015,-1.78916080175783,-1.79233858153551,-1.79551636131318,-1.79869414109086,-1.80187192086853,-1.80504970064621,-1.80822748042388,-1.81140526020156,-1.81458303997924,-1.81776081975691,-1.82093859953459,-1.82411637931226,-1.82729415908994,-1.83047193886761,-1.83364971864529,-1.83364971864529,-1.83364971864529,-1.83364971864529,-1.83364971864529,-1.83364971864529,-1.83364971864529,-1.83364971864529,-1.83364971864529,-1.83364971864529,-1.83364971864529,-1.83364971864529,-1.83364971864529,-1.83364971864529,-1.83364971864529,-1.83364971864529,-1.83364971864529,-1.83364971864529,-1.83364971864529,-1.83364971864529,-1.83364971864529,5.12800638122929,3.1991006795659,1.62231293098728,0.36609991461438,-0.601081590431791,-1.31077480503025,-1.79452295006002,-2.08386924640009,-2.21035691492949,-2.20552917652722,-2.1009292520723,-1.92810036244375,-1.71858572852057,-1.50392857118179,-1.3156721113064,-1.18535956977341,-1.14453416746182,-1.22473912525075,-1.45751766401904,-1.87441300464585,-1.87441300464585,-1.87441300464585,-1.87441300464585,-1.87441300464585,-1.87441300464585,-1.87441300464585,-1.87441300464585,-1.87441300464585,-1.87441300464585,-1.87441300464585,-1.87441300464585,-1.87441300464585,-1.87441300464585,-1.87441300464585,-1.87441300464585,-1.87441300464585,-1.87441300464585,-1.87441300464585,-1.87441300464585,-1.87441300464585,0.38748215496141,0.0928618933537484,-0.201758368253905,-0.496378629861573,-0.790998891469228,-1.08561915307689,-1.38270009158451,-1.68583423989984,-1.96570831012195,-2.1894149939143,-2.35111416542592,-2.44010518092484,-2.41938475599295,-2.26901523756752,-2.01932287827616,-1.71739700506827,-1.38840106474328,-1.04541308794855,-0.706500398890677,-0.380081137212114,-0.380081137212114,-0.380081137212114,-0.380081137212114,-0.380081137212114,-0.380081137212114,-0.380081137212114,-0.380081137212114,-0.380081137212114,-0.380081137212114,-0.380081137212114,-0.380081137212114,-0.380081137212114,-0.380081137212114,-0.380081137212114,-0.380081137212114,-0.380081137212114,-0.380081137212114,-0.380081137212114,-0.380081137212114,-0.380081137212114,1,1,1,1,1,1,1,1,1,1,1,1,1,1,1,1,1,1,1,1,1,1,1,1,1,1,1,1,1,1,1,1,1,1,1,1,1,1,1,1
1.65657925474472,1.38060249885276,-1.17485895766131,1.58562942774946,-0.980578019599816,-2.02466027724555,1.62473391146908,-0.149072283893322,-0.438739463971078,1.52389723476657,-2.74348403397966,-2.53546919774226,-1.35008250343643,-0.838116478737593,-1.88116381433193,-2.04633218753913,-1.74322897769842,1.42933248530512,0.612043366605322,-0.198383016880509,3.88719982340426,0.0564728205417264,-0.919990362667702,0.103655241656147,-1.61691227319987,-1.62887375558689,-0.0567528528572865,0.391418738833597,0.889098106143763,1.45002879290775,-0.412342267540684,1.20355483079029,-0.164906946012602,-2.58326789487525,-1.48088707396631,1.01459153603308,0.626414374612455,0.384452348204142,-0.362080970439822,-2.20669561745602,1.88574899566596,1.6505712543941,1.41539351312223,1.18021577185037,0.945038030578504,0.709860289306638,0.474682548034774,0.239504806762907,0.00432706549104189,-0.23085067578082,-0.466028417052684,-0.701206158324549,-0.936383899596414,-1.17156164086828,-1.40673938214014,-1.64191712341201,-1.87709486468387,-2.11227260595574,-2.3474503472276,-2.58262808849947,-2.58262808849947,-2.58262808849947,-2.58262808849947,-2.58262808849947,-2.58262808849947,-2.58262808849947,-2.58262808849947,-2.58262808849947,-2.58262808849947,-2.58262808849947,-2.58262808849947,-2.58262808849947,-2.58262808849947,-2.58262808849947,-2.58262808849947,-2.58262808849947,-2.58262808849947,-2.58262808849947,-2.58262808849947,-2.58262808849947,11.8530342490883,9.10291640519995,6.75654370950635,4.7828009111604,3.15057275931498,1.82874400312298,0.786199391737293,-0.00817632568917936,-0.585498400003562,-0.976882082052956,-1.21344262268447,-1.3262952727452,-1.34655528308228,-1.3053379045428,-1.23375838797388,-1.16293198422261,-1.12397394413611,-1.1479995185615,-1.26612395834588,-1.50946251433633,-1.50946251433633,-1.50946251433633,-1.50946251433633,-1.50946251433633,-1.50946251433633,-1.50946251433633,-1.50946251433633,-1.50946251433633,-1.50946251433633,-1.50946251433633,-1.50946251433633,-1.50946251433633,-1.50946251433633,-1.50946251433633,-1.50946251433633,-1.50946251433633,-1.50946251433633,-1.50946251433633,-1.50946251433633,-1.50946251433633,2.74008216956474,2.38914140606383,2.03820064256292,1.68725987906201,1.33631911556109,0.985378352060186,0.632896003390552,0.272933527665069,-0.093015308410461,-0.45315604229952,-0.789499429793876,-1.08099293168223,-1.30703430829929,-1.45391454922339,-1.520035790298,-1.51791744676679,-1.47734885316311,-1.44309314729176,-1.45121539928576,-1.49818816594157,-1.49818816594157,-1.49818816594157,-1.49818816594157,-1.49818816594157,-1.49818816594157,-1.49818816594157,-1.49818816594157,-1.49818816594157,-1.49818816594157,-1.49818816594157,-1.49818816594157,-1.49818816594157,-1.49818816594157,-1.49818816594157,-1.49818816594157,-1.49818816594157,-1.49818816594157,-1.49818816594157,-1.49818816594157,-1.49818816594157,1,1,1,1,1,1,1,1,1,1,1,1,1,1,1,1,1,1,1,1,1,1,1,1,1,1,1,1,1,1,1,1,1,1,1,1,1,1,1,1
1.35405975728603,0.0514832367908333,0.381487313452842,0.0264836191395155,0.496093034107763,-1.31783278721244,0.922570649745435,-2.14559208115017,0.757543616028119,0.241837007705557,1.49679002289013,1.65556532086682,-0.08698238562814,-1.11887314033621,-0.920100283705722,-2.30890659289103,-0.947198407554945,-1.07549259862551,-0.598051895024234,-0.608007862540118,-0.245513674422771,0.952336859912739,-0.0694110545856894,0.747724624237094,-1.89210314127166,2.33488171525307,-0.379021637816376,2.38947534611055,-0.930961757880965,1.79426324442644,-1.06415437573682,0.0826921900875224,-1.95693928090852,-0.544700448009554,0.696991831519687,-0.12061162090361,-1.28392207589637,1.32851806038172,-1.49435959546724,-0.189792559530648,4.71670119155927,4.3396427759685,3.96258436037772,3.58552594478695,3.20846752919617,2.8314091136054,2.45435069801462,2.07729228242385,1.70023386683307,1.3231754512423,0.946117035651525,0.569058620060751,0.192000204469975,-0.185058211120799,-0.562116626711573,-0.939175042302349,-1.31623345789312,-1.6932918734839,-2.07035028907467,-2.44740870466545,-2.44740870466545,-2.44740870466545,-2.44740870466545,-2.44740870466545,-2.44740870466545,-2.44740870466545,-2.44740870466545,-2.44740870466545,-2.44740870466545,-2.44740870466545,-2.44740870466545,-2.44740870466545,-2.44740870466545,-2.44740870466545,-2.44740870466545,-2.44740870466545,-2.44740870466545,-2.44740870466545,-2.44740870466545,-2.44740870466545,-20.3441556609506,-14.6382592404428,-9.88085730100201,-5.99910010339506,-2.92013790838898,-0.571120976750736,1.12080043075267,2.22847605335425,2.82475563028703,2.982488900784,2.77452560407822,2.27371547940267,1.55290826599036,0.684953703074338,-0.25729847011246,-1.20099851433688,-2.07329669036602,-2.80134325896682,-3.31228848090629,-3.53328261695141,-3.53328261695141,-3.53328261695141,-3.53328261695141,-3.53328261695141,-3.53328261695141,-3.53328261695141,-3.53328261695141,-3.53328261695141,-3.53328261695141,-3.53328261695141,-3.53328261695141,-3.53328261695141,-3.53328261695141,-3.53328261695141,-3.53328261695141,-3.53328261695141,-3.53328261695141,-3.53328261695141,-3.53328261695141,-3.53328261695141,3.4562757320656,3.2114360961537,2.96659646024183,2.72175682432994,2.47691718841805,2.23207755250617,1.99089922758149,1.77788880123039,1.63831561380834,1.57504389719945,1.50794506846959,1.33734600431093,1.02803466721607,0.597599518108474,0.0543337981924754,-0.605576739542817,-1.36318817574719,-2.18689116204292,-3.06091928418933,-3.96970186780111,-3.96970186780111,-3.96970186780111,-3.96970186780111,-3.96970186780111,-3.96970186780111,-3.96970186780111,-3.96970186780111,-3.96970186780111,-3.96970186780111,-3.96970186780111,-3.96970186780111,-3.96970186780111,-3.96970186780111,-3.96970186780111,-3.96970186780111,-3.96970186780111,-3.96970186780111,-3.96970186780111,-3.96970186780111,-3.96970186780111,1,1,1,1,1,1,1,1,1,1,1,1,1,1,1,1,1,1,1,1,1,1,1,1,1,1,1,1,1,1,1,1,1,1,1,1,1,1,1,1
-0.397343670857851,-0.367341068302252,0.22791090970414,-3.99063250324041,0.680056337449245,1.74478907826468,0.0357939526953581,1.66373951090049,0.325519629579404,2.90548674633498,0.172057881792107,-0.129665749431483,1.64717310134803,-2.82637450218385,-0.11030433756585,1.94492393040053,0.872670599226266,0.784937976361331,2.16353747264149,-1.326502926352,-0.861759669396497,0.708820929834435,1.09629964350486,0.138440584491292,-0.0360756369476523,0.563640146407451,0.20623181063527,-0.65306903177491,-0.686634398716709,0.817392545097613,0.748653931324995,2.5224097048434,1.42267839349312,2.13830300432647,0.927614022836094,-2.54247631871337,-1.27901033292412,0.485653814347087,-1.44463550369028,2.63780819552607,1.30938059303416,1.21413545415245,1.11889031527073,1.02364517638902,0.928400037507313,0.833154898625599,0.737909759743889,0.642664620862178,0.547419481980468,0.452174343098754,0.356929204217042,0.261684065335331,0.166438926453619,0.0711937875719091,-0.0240513513098044,-0.119296490191514,-0.214541629073228,-0.309786767954938,-0.405031906836651,-0.500277045718361,-0.500277045718361,-0.500277045718361,-0.500277045718361,-0.500277045718361,-0.500277045718361,-0.500277045718361,-0.500277045718361,-0.500277045718361,-0.500277045718361,-0.500277045718361,-0.500277045718361,-0.500277045718361,-0.500277045718361,-0.500277045718361,-0.500277045718361,-0.500277045718361,-0.500277045718361,-0.500277045718361,-0.500277045718361,-0.500277045718361,4.13977841777339,3.14623027538891,2.32839703864873,1.67068252405246,1.1574905480997,0.773224927290065,0.502289478123156,0.32908801709857,0.238024360715917,0.213502325474812,0.239925727874846,0.301698384415619,0.383224111596755,0.46890672591784,0.543150043878505,0.590357881978326,0.594934056716921,0.541282384593876,0.413806682108842,0.196910765761389,0.196910765761389,0.196910765761389,0.196910765761389,0.196910765761389,0.196910765761389,0.196910765761389,0.196910765761389,0.196910765761389,0.196910765761389,0.196910765761389,0.196910765761389,0.196910765761389,0.196910765761389,0.196910765761389,0.196910765761389,0.196910765761389,0.196910765761389,0.196910765761389,0.196910765761389,0.196910765761389,-1.2403212401723,-0.881601706437742,-0.522882172703202,-0.164162638968659,0.19455689476588,0.553276428500419,0.874825526783766,0.999293952773234,0.868664056261109,0.593125659478266,0.300012493381244,0.0218323609469611,-0.240851601661364,-0.430430472737607,-0.460451844583673,-0.274350987223782,0.155191214067075,0.821154715195792,1.65434255166899,2.5558228387423,2.5558228387423,2.5558228387423,2.5558228387423,2.5558228387423,2.5558228387423,2.5558228387423,2.5558228387423,2.5558228387423,2.5558228387423,2.5558228387423,2.5558228387423,2.5558228387423,2.5558228387423,2.5558228387423,2.5558228387423,2.5558228387423,2.5558228387423,2.5558228387423,2.5558228387423,2.5558228387423,1,1,1,1,1,1,1,1,1,1,1,1,1,1,1,1,1,1,1,1,1,1,1,1,1,1,1,1,1,1,1,1,1,1,1,1,1,1,1,1
-0.483471942856227,-2.17408610105127,-1.597491390846,-2.25821384970963,0.655553693345723,1.46754829263359,-0.680417239054822,2.05402745314039,0.900785126827159,1.3099157816051,-2.8028016036327,-0.0939730504933625,-0.233492131891248,0.421319839246079,-0.835863515676772,1.87308474808933,1.74374810138405,0.614009220670724,-1.22771826796457,1.61529987490171,-2.34407222110139,0.380062764365041,0.283722106070019,-3.8510971889085,-0.616718079351283,-1.20065139494285,0.42920522177571,1.47601969646183,-2.8059079586589,-2.11786219085794,-0.106768961551252,0.807965007984551,-1.23435018197322,2.83297782152455,0.0288829191430402,1.18911924091882,0.322244779543281,-0.821954376692601,2.75144687243704,0.209946066049278,-3.87912695246361,-3.54233466937821,-3.20554238629282,-2.86875010320743,-2.53195782012204,-2.19516553703665,-1.85837325395125,-1.52158097086586,-1.18478868778047,-0.847996404695078,-0.511204121609685,-0.174411838524295,0.162380444561096,0.499172727646492,0.835965010731885,1.17275729381727,1.50954957690267,1.84634185998806,2.18313414307345,2.51992642615884,2.51992642615884,2.51992642615884,2.51992642615884,2.51992642615884,2.51992642615884,2.51992642615884,2.51992642615884,2.51992642615884,2.51992642615884,2.51992642615884,2.51992642615884,2.51992642615884,2.51992642615884,2.51992642615884,2.51992642615884,2.51992642615884,2.51992642615884,2.51992642615884,2.51992642615884,2.51992642615884,6.5659913688486,3.34638109662427,0.900881626728001,-0.851125882358748,-1.9902602721545,-2.59714038417777,-2.75238505994709,-2.53661314098098,-2.03044346879798,-1.31449488491658,-0.469386230855335,0.42426365186723,1.28583592173261,2.03471173722228,2.5902722568177,2.87189863900035,2.7989720422517,2.29087362505323,1.26698454588644,-0.353314036767198,-0.353314036767198,-0.353314036767198,-0.353314036767198,-0.353314036767198,-0.353314036767198,-0.353314036767198,-0.353314036767198,-0.353314036767198,-0.353314036767198,-0.353314036767198,-0.353314036767198,-0.353314036767198,-0.353314036767198,-0.353314036767198,-0.353314036767198,-0.353314036767198,-0.353314036767198,-0.353314036767198,-0.353314036767198,-0.353314036767198,-6.81864379542158,-6.11741096703192,-5.41617813864225,-4.7149453102526,-4.01371248186293,-3.31247965347326,-2.61748778593273,-1.94899702172072,-1.29337313691003,-0.651368915677271,-0.0626655142086623,0.46318308158464,0.954572992559893,1.40221458053585,1.7501555956637,1.94808425449294,1.96345592682669,1.78742460254189,1.46506536490873,1.07702272021962,1.07702272021962,1.07702272021962,1.07702272021962,1.07702272021962,1.07702272021962,1.07702272021962,1.07702272021962,1.07702272021962,1.07702272021962,1.07702272021962,1.07702272021962,1.07702272021962,1.07702272021962,1.07702272021962,1.07702272021962,1.07702272021962,1.07702272021962,1.07702272021962,1.07702272021962,1.07702272021962,1,1,1,1,1,1,1,1,1,1,1,1,1,1,1,1,0,1,1,1,1,1,1,1,1,1,1,1,1,1,1,1,1,1,1,1,1,1,1,1
0.236750150693467,1.14411916240905,-1.27442227395395,1.17593779956944,1.03390950326074,2.4961146516078,1.76962528827902,0.765930010687907,-1.66613348849915,-0.25931848077291,-0.103915080432113,0.537565273760871,-0.41606694973332,1.94295356712934,-0.897256157727721,-0.903306920555018,-1.39528148175424,-3.15062282157226,-0.319721939609439,-1.27157315010156,-0.25763196637085,-1.82464897880614,-2.92636194674935,-2.52771667117902,-1.68074516183638,0.474969505436764,-0.939365617012395,2.064141514945,-1.8820909852445,-0.158792821903564,-0.974731998017997,-0.945484479367877,0.133827900591715,3.02375524425214,-0.513020537386355,0.427942951589523,-0.822858851096436,1.09306827543882,-1.95675044568391,-1.53493713485444,1.84537443925747,1.73328693177964,1.62119942430181,1.50911191682398,1.39702440934616,1.28493690186833,1.1728493943905,1.06076188691267,0.948674379434847,0.836586871957021,0.724499364479191,0.612411857001364,0.500324349523538,0.388236842045709,0.276149334567879,0.164061827090052,0.051974319612226,-0.0601131878656016,-0.172200695343427,-0.284288202821257,-0.284288202821257,-0.284288202821257,-0.284288202821257,-0.284288202821257,-0.284288202821257,-0.284288202821257,-0.284288202821257,-0.284288202821257,-0.284288202821257,-0.284288202821257,-0.284288202821257,-0.284288202821257,-0.284288202821257,-0.284288202821257,-0.284288202821257,-0.284288202821257,-0.284288202821257,-0.284288202821257,-0.284288202821257,-0.284288202821257,-5.39238944288592,-3.88060857672823,-2.60049348181219,-1.53586774972833,-0.670554972067177,0.0116212595807221,0.526837353624838,0.89126971847463,1.12109476253957,1.23248889422912,1.24162852195274,1.16469005411989,1.01784989914005,0.817284465422672,0.579170161377224,0.319683395413174,0.0550005759399781,-0.198701888632895,-0.425247589895974,-0.608460119439805,-0.608460119439805,-0.608460119439805,-0.608460119439805,-0.608460119439805,-0.608460119439805,-0.608460119439805,-0.608460119439805,-0.608460119439805,-0.608460119439805,-0.608460119439805,-0.608460119439805,-0.608460119439805,-0.608460119439805,-0.608460119439805,-0.608460119439805,-0.608460119439805,-0.608460119439805,-0.608460119439805,-0.608460119439805,-0.608460119439805,1.63654997776582,1.54597666645567,1.45540335514552,1.36483004383537,1.27425673252523,1.18368342121508,1.09221864455806,0.99592995754076,0.893319905459308,0.789172499385435,0.692264280843549,0.607782987998087,0.531192379621469,0.450933748891433,0.358207809191249,0.253194286392349,0.141143684547023,0.0246977565131132,-0.0970940325438843,-0.223428693436889,-0.223428693436889,-0.223428693436889,-0.223428693436889,-0.223428693436889,-0.223428693436889,-0.223428693436889,-0.223428693436889,-0.223428693436889,-0.223428693436889,-0.223428693436889,-0.223428693436889,-0.223428693436889,-0.223428693436889,-0.223428693436889,-0.223428693436889,-0.223428693436889,-0.223428693436889,-0.223428693436889,-0.223428693436889,-0.223428693436889,1,1,1,1,1,1,1,1,1,1,1,1,1,1,1,1,1,1,1,1,1,1,1,1,1,1,1,1,1,1,1,1,1,1,1,1,1,1,1,1
-0.522580280668232,-0.82258493406283,-0.0521822135372716,-1.06980343800856,-0.444047047690782,0.0972037263164003,-0.191365632026013,0.392519112015945,0.531494974918839,-0.020146539206813,-0.862886867295511,2.86576567027446,1.56198573161324,1.84601219047912,-0.00976392374683321,0.193804597892271,-1.10045147344004,-1.44458640350877,-1.28096241679693,0.689389036210086,0.0982215319952573,-0.658695566692153,2.41652248320238,0.0487794374690296,-1.71291955020423,-1.05839646190214,0.107416972162182,1.22688402749887,-0.300776416809484,-0.0596133090292081,3.08714292048218,2.37981523848543,-0.446550022789115,2.81386723972493,-0.534251848014188,-1.87639525738042,-0.432156672025142,-2.84040575663818,-2.38152711511894,-1.31726105382586,-1.43437437441025,-1.28117568291084,-1.12797699141142,-0.97477829991201,-0.821579608412596,-0.668380916913182,-0.515182225413768,-0.361983533914353,-0.208784842414941,-0.0555861509155253,0.0976125405838886,0.250811232083302,0.404009923582715,0.557208615082128,0.710407306581546,0.863605998080956,1.01680468958037,1.17000338107979,1.3232020725792,1.47640076407861,1.47640076407861,1.47640076407861,1.47640076407861,1.47640076407861,1.47640076407861,1.47640076407861,1.47640076407861,1.47640076407861,1.47640076407861,1.47640076407861,1.47640076407861,1.47640076407861,1.47640076407861,1.47640076407861,1.47640076407861,1.47640076407861,1.47640076407861,1.47640076407861,1.47640076407861,1.47640076407861,-1.65178745019849,-1.57133079076033,-1.47301618413684,-1.3567608658489,-1.22248207141737,-1.07009703636312,-0.899522996207025,-0.71067718646995,-0.503476842672773,-0.277839200336334,-0.0336814949815398,0.229079037870743,0.510525162699675,0.810739643984389,1.12980524620396,1.4678047338376,1.82482087136435,2.20093642326346,2.5962341540139,3.01079682809494,3.01079682809494,3.01079682809494,3.01079682809494,3.01079682809494,3.01079682809494,3.01079682809494,3.01079682809494,3.01079682809494,3.01079682809494,3.01079682809494,3.01079682809494,3.01079682809494,3.01079682809494,3.01079682809494,3.01079682809494,3.01079682809494,3.01079682809494,3.01079682809494,3.01079682809494,3.01079682809494,1.43263293955188,1.06280998961358,0.692987039675218,0.323164089736875,-0.0466588602014575,-0.41648181013981,-0.768472053095474,-1.0042906206325,-0.987345544696211,-0.666996890981018,-0.144043859611861,0.394519544986853,0.787098232896087,1.00112384161524,1.1624192053481,1.40865304520772,1.72428648715788,2.02241482177393,2.31199674511416,2.6379888094068,2.6379888094068,2.6379888094068,2.6379888094068,2.6379888094068,2.6379888094068,2.6379888094068,2.6379888094068,2.6379888094068,2.6379888094068,2.6379888094068,2.6379888094068,2.6379888094068,2.6379888094068,2.6379888094068,2.6379888094068,2.6379888094068,2.6379888094068,2.6379888094068,2.6379888094068,2.6379888094068,1,1,1,1,1,1,1,1,1,1,1,1,1,1,1,1,1,1,1,1,1,1,1,1,1,1,1,1,1,1,1,1,1,1,1,1,1,1,1,1
0.218380240824851,-1.70028740595286,-0.109623768652479,1.21051768078055,1.29612654464773,-0.313672031765031,0.684856796208445,-0.7023569007008,-1.17789738127913,0.645067996704478,1.89998964437531,-0.151211033500198,-1.13605440701422,-0.117442462402165,-2.32304602629258,-0.00376953142342451,-1.52588085121364,-0.515265040611744,0.204068780945468,-1.51511602280645,-0.253346008010315,0.530241705809091,-2.91439701909652,-0.700196486878092,0.22248444023732,1.13219670851734,1.00987450714921,0.530106224139224,0.827247560067933,1.02160600152616,0.237279728224125,-0.463476786660575,1.5232959276148,2.13153645673522,0.770657743316784,-1.44666395123458,-0.919856618118782,1.03546975354294,3.15837854983234,-0.227968902307488,-0.0485219951380662,-0.0222445695705975,0.0040328559968712,0.0303102815643408,0.0565877071318095,0.0828651326992773,0.109142558266747,0.135419983834216,0.161697409401686,0.187974834969154,0.214252260536623,0.240529686104093,0.266807111671559,0.29308453723903,0.319361962806498,0.34563938837397,0.371916813941439,0.398194239508907,0.424471665076377,0.450749090643846,0.450749090643846,0.450749090643846,0.450749090643846,0.450749090643846,0.450749090643846,0.450749090643846,0.450749090643846,0.450749090643846,0.450749090643846,0.450749090643846,0.450749090643846,0.450749090643846,0.450749090643846,0.450749090643846,0.450749090643846,0.450749090643846,0.450749090643846,0.450749090643846,0.450749090643846,0.450749090643846,-1.17157416279988,-1.89861956829457,-2.29137804691907,-2.39634352072807,-2.26000991177629,-1.92887114211841,-1.44942113380914,-0.868153808903164,-0.231563089455205,0.413857102480076,1.02161284484795,1.5452102155937,1.93815529266267,2.15395415400017,2.14611287755146,1.86813754126184,1.2735342230766,0.315809000941163,-1.05153204719931,-2.87498284339947,-2.87498284339947,-2.87498284339947,-2.87498284339947,-2.87498284339947,-2.87498284339947,-2.87498284339947,-2.87498284339947,-2.87498284339947,-2.87498284339947,-2.87498284339947,-2.87498284339947,-2.87498284339947,-2.87498284339947,-2.87498284339947,-2.87498284339947,-2.87498284339947,-2.87498284339947,-2.87498284339947,-2.87498284339947,-2.87498284339947,-3.5241546075715,-3.14733418312017,-2.77051375866878,-2.39369333421741,-2.01687290976605,-1.64005248531469,-1.25672363477237,-0.829679392391759,-0.30006429430231,0.359188380926446,1.06137895026258,1.63364694197175,1.98918518673866,2.16605086562694,2.14784194361816,1.81521220118231,1.10671178961566,0.0475778109361098,-1.33917352613465,-2.95762778640122,-2.95762778640122,-2.95762778640122,-2.95762778640122,-2.95762778640122,-2.95762778640122,-2.95762778640122,-2.95762778640122,-2.95762778640122,-2.95762778640122,-2.95762778640122,-2.95762778640122,-2.95762778640122,-2.95762778640122,-2.95762778640122,-2.95762778640122,-2.95762778640122,-2.95762778640122,-2.95762778640122,-2.95762778640122,-2.95762778640122,1,1,1,1,1,1,1,1,1,1,1,1,1,1,1,1,1,1,1,1,1,1,1,1,1,1,1,1,1,1,1,1,1,1,1,1,1,1,1,1
-1.17609880272645,0.250774226356858,-1.44305453106506,2.58950489148454,0.0552767432614578,1.92937978102959,-0.340703859400804,-0.674751797128087,-0.430704349273947,-0.633828719028433,-2.06103287891065,0.133021205606576,-1.30210217952226,0.073739601585185,-1.79090847444597,2.66718503787675,-0.992576435814158,3.11098110365487,2.7243647224639,-3.36694916078277,1.02222894100944,-2.33462152423433,-0.502112882348088,-1.16345393727816,-2.54998517960112,0.190200568703659,-0.198694910175986,-2.63531291165848,0.415708039914522,-0.332637580712881,-0.743357528378402,-2.69711777044094,-1.2318783148638,-0.844080264800912,1.2686710976335,-4.99005345866785,-2.62856139499495,-1.84433510500903,-0.393063094725205,0.542097746026265,4.01265173668693,3.64803494319413,3.28341814970133,2.91880135620853,2.55418456271573,2.18956776922293,1.82495097573013,1.46033418223733,1.09571738874453,0.731100595251734,0.366483801758934,0.00186700826613162,-0.362749785226665,-0.727366578719467,-1.09198337221227,-1.45660016570507,-1.82121695919786,-2.18583375269067,-2.55045054618346,-2.91506733967626,-2.91506733967626,-2.91506733967626,-2.91506733967626,-2.91506733967626,-2.91506733967626,-2.91506733967626,-2.91506733967626,-2.91506733967626,-2.91506733967626,-2.91506733967626,-2.91506733967626,-2.91506733967626,-2.91506733967626,-2.91506733967626,-2.91506733967626,-2.91506733967626,-2.91506733967626,-2.91506733967626,-2.91506733967626,-2.91506733967626,15.1912374924713,11.5730126140314,8.58234397343326,6.15933184853506,4.24407651719501,2.7766782572713,1.69723734662216,0.945854063105768,0.462628684580352,0.187661488904107,0.0610527539352166,0.0229027575319058,0.0133117775524205,-0.0276199081451391,-0.15979202170243,-0.443104285261354,-0.937456420963722,-1.7027481509512,-2.7988791973657,-4.28574928234895,-4.28574928234895,-4.28574928234895,-4.28574928234895,-4.28574928234895,-4.28574928234895,-4.28574928234895,-4.28574928234895,-4.28574928234895,-4.28574928234895,-4.28574928234895,-4.28574928234895,-4.28574928234895,-4.28574928234895,-4.28574928234895,-4.28574928234895,-4.28574928234895,-4.28574928234895,-4.28574928234895,-4.28574928234895,-4.28574928234895,7.19070311516061,6.34013677483458,5.48957043450857,4.63900409418255,3.78843775385652,2.9378714135305,2.09874652626493,1.32786772030788,0.685076717578735,0.196596648109395,-0.145082983260567,-0.366742461782726,-0.509660242123802,-0.631010352805834,-0.790069622185484,-1.0250853054914,-1.35552119996686,-1.80448704889577,-2.38575532588893,-3.05834276910125,-3.05834276910125,-3.05834276910125,-3.05834276910125,-3.05834276910125,-3.05834276910125,-3.05834276910125,-3.05834276910125,-3.05834276910125,-3.05834276910125,-3.05834276910125,-3.05834276910125,-3.05834276910125,-3.05834276910125,-3.05834276910125,-3.05834276910125,-3.05834276910125,-3.05834276910125,-3.05834276910125,-3.05834276910125,-3.05834276910125,1,1,1,1,1,1,1,1,1,1,1,1,1,1,1,1,1,1,1,0,0,0,0,0,0,0,0,0,0,0,0,0,0,0,0,0,0,0,0,0
-1.58972920414078,-0.342610875023123,-1.65170938167438,1.23727084314438,1.92070326798165,0.337488551684864,-0.0788474597571849,0.946672399617665,-1.37455917380045,-0.597757852932421,1.41622971392534,1.06828865895249,-1.54102106398684,-0.855852268333912,-0.715976641622348,-2.27226827154661,0.751131835576381,2.11775813488122,-1.61026461084933,2.35188425477981,-1.85263589963321,0.0489259613315411,-0.986814593097211,1.21848634522326,-0.978792978973155,0.623403311660905,-0.857607325166471,0.971086818673395,1.67609767113562,-1.5337327259572,1.96135433176557,-0.541962323122695,1.87945860585425,1.23206630732433,0.230482841225166,-0.511988881383957,1.2086815933279,-0.830142834638224,1.01698942542332,0.10015855522753,-0.276028125728352,-0.19919556070289,-0.122362995677427,-0.0455304306519642,0.0313021343734992,0.108134699398961,0.184967264424426,0.261799829449888,0.338632394475351,0.415464959500813,0.492297524526276,0.569130089551736,0.6459626545772,0.722795219602665,0.799627784628127,0.876460349653591,0.953292914679052,1.03012547970451,1.10695804472998,1.18379060975544,1.18379060975544,1.18379060975544,1.18379060975544,1.18379060975544,1.18379060975544,1.18379060975544,1.18379060975544,1.18379060975544,1.18379060975544,1.18379060975544,1.18379060975544,1.18379060975544,1.18379060975544,1.18379060975544,1.18379060975544,1.18379060975544,1.18379060975544,1.18379060975544,1.18379060975544,1.18379060975544,2.33489280786526,1.93186607845274,1.55812092431486,1.21681684027441,0.911113321154177,0.64416986177695,0.419145956965532,0.239201101542712,0.107494790331261,0.0271865181539912,0.00143577983370591,0.0334020701931355,0.126244884055147,0.283123716242478,0.507198061577959,0.801627414884331,1.16957127098443,1.61418912470103,2.1386404708569,2.74608480427488,2.74608480427488,2.74608480427488,2.74608480427488,2.74608480427488,2.74608480427488,2.74608480427488,2.74608480427488,2.74608480427488,2.74608480427488,2.74608480427488,2.74608480427488,2.74608480427488,2.74608480427488,2.74608480427488,2.74608480427488,2.74608480427488,2.74608480427488,2.74608480427488,2.74608480427488,2.74608480427488,-2.95245272146824,-2.46056220592819,-1.96867169038817,-1.47678117484813,-0.984890659308101,-0.493000143768073,-0.0188360229015858,0.363074819416189,0.62276124335898,0.757640962547724,0.73360742413316,0.542287971600834,0.285707536621587,0.142141947395343,0.237979676282258,0.556464634883056,0.981614898667212,1.43735517001932,1.94120762337359,2.50478147297785,2.50478147297785,2.50478147297785,2.50478147297785,2.50478147297785,2.50478147297785,2.50478147297785,2.50478147297785,2.50478147297785,2.50478147297785,2.50478147297785,2.50478147297785,2.50478147297785,2.50478147297785,2.50478147297785,2.50478147297785,2.50478147297785,2.50478147297785,2.50478147297785,2.50478147297785,2.50478147297785,1,1,1,1,1,1,1,1,1,1,1,1,1,1,1,1,1,1,1,1,1,1,1,1,1,1,1,1,1,1,1,1,1,1,1,1,1,1,1,1
0.316287523293905,-0.222327930004051,-0.695518497827292,-0.944877146797187,1.25790701159964,-0.778998930588243,2.16568218821587,0.28290499772435,-1.70171202017501,0.00228611490304864,-1.73110424142439,-1.28347709984538,0.485782824055308,0.0273859184831835,0.153705955301389,1.62181199366085,1.5701135875763,-1.37512535429691,2.61746431858434,-0.425018008250962,1.18650795443079,-1.32396434551915,1.79240055947299,1.83797832563361,1.86989256911018,0.79585964995575,-3.17297280472238,4.06273509823547,0.801690199349535,-1.22405442789925,-2.16358999776958,-0.497870714724947,-0.940655541818055,2.33239632118761,-0.62177298103591,3.1723484084071,0.126416688633478,-1.30997888153798,-2.2053792414237,-0.602883960836847,-0.579019981346326,-0.508802345161903,-0.43858470897748,-0.368367072793057,-0.298149436608633,-0.22793180042421,-0.157714164239788,-0.0874965280553663,-0.0172788918709426,0.0529387443134794,0.123156380497903,0.193374016682325,0.263591652866749,0.333809289051173,0.404026925235595,0.474244561420019,0.544462197604441,0.614679833788864,0.684897469973288,0.755115106157708,0.755115106157708,0.755115106157708,0.755115106157708,0.755115106157708,0.755115106157708,0.755115106157708,0.755115106157708,0.755115106157708,0.755115106157708,0.755115106157708,0.755115106157708,0.755115106157708,0.755115106157708,0.755115106157708,0.755115106157708,0.755115106157708,0.755115106157708,0.755115106157708,0.755115106157708,0.755115106157708,-4.58924888598226,-3.44255756269878,-2.49241424309901,-1.72050845972003,-1.10852974509889,-0.638167631772671,-0.291111652278432,-0.0490513391532401,0.106323775065837,0.193324157841712,0.230260276637361,0.235442598915684,0.227181592139628,0.223787723772103,0.243571461276078,0.30484327211447,0.425913623750208,0.625092983646217,0.920691819265436,1.33102059807082,1.33102059807082,1.33102059807082,1.33102059807082,1.33102059807082,1.33102059807082,1.33102059807082,1.33102059807082,1.33102059807082,1.33102059807082,1.33102059807082,1.33102059807082,1.33102059807082,1.33102059807082,1.33102059807082,1.33102059807082,1.33102059807082,1.33102059807082,1.33102059807082,1.33102059807082,1.33102059807082,-1.57855408442581,-1.35311283394384,-1.12767158346187,-0.902230332979896,-0.676789082497921,-0.451347832015952,-0.231041994904622,-0.0401489136332671,0.100502547360641,0.186305301702765,0.229309111829357,0.251571731563713,0.268610134134283,0.284263057365882,0.307785250645821,0.360161840110147,0.456409648107691,0.597337704538607,0.777160417919443,0.981593229307734,0.981593229307734,0.981593229307734,0.981593229307734,0.981593229307734,0.981593229307734,0.981593229307734,0.981593229307734,0.981593229307734,0.981593229307734,0.981593229307734,0.981593229307734,0.981593229307734,0.981593229307734,0.981593229307734,0.981593229307734,0.981593229307734,0.981593229307734,0.981593229307734,0.981593229307734,0.981593229307734,1,1,1,1,1,1,1,1,1,1,1,1,1,1,1,1,1,1,1,1,1,1,1,1,1,1,1,1,1,1,1,1,1,1,1,1,1,1,1,1
0.370079753720141,-0.924490428785963,-2.1749541778426,-1.17066785456702,2.65104709792483,-1.48166562731529,3.61171356954674,-1.2662191088398,0.776384402719135,1.72006624284173,0.188955624218643,2.60417543683946,0.921177400039932,-0.339114189686375,0.894814041855847,0.960235618159846,-1.8864115004609,0.854487285688906,0.379204363545918,0.995815182413692,-0.504592298665802,0.060249368468229,0.362958059808102,-0.538560732572485,0.179032950255927,-0.0590921168355774,-0.430211269131837,-0.302685742913207,-0.716212246221156,0.294532155660772,1.29115510595485,-2.2512313973912,1.17186351948255,-3.31952266937044,1.89542083636754,-0.577800917984543,-2.18464269807743,1.57528328729667,0.0581452795038757,2.2728164828124,3.90674087598619,3.61536687925468,3.32399288252317,3.03261888579165,2.74124488906014,2.44987089232863,2.15849689559712,1.8671228988656,1.57574890213409,1.28437490540258,0.993000908671069,0.701626911939554,0.410252915208041,0.118878918476529,-0.172495078254984,-0.463869074986498,-0.755243071718008,-1.04661706844952,-1.33799106518104,-1.62936506191255,-1.62936506191255,-1.62936506191255,-1.62936506191255,-1.62936506191255,-1.62936506191255,-1.62936506191255,-1.62936506191255,-1.62936506191255,-1.62936506191255,-1.62936506191255,-1.62936506191255,-1.62936506191255,-1.62936506191255,-1.62936506191255,-1.62936506191255,-1.62936506191255,-1.62936506191255,-1.62936506191255,-1.62936506191255,-1.62936506191255,8.84840609112064,6.94800334689477,5.384036827285,4.12248653712489,3.12933248124798,2.37055466448786,1.81213309167805,1.42004776765213,1.16027869724365,0.998805885286162,0.901609336613239,0.834669056058422,0.763965048455269,0.655477318637342,0.475185871438196,0.189070711691404,-0.236888155769501,-0.836710726110971,-1.64441699449939,-2.69402695610129,-2.69402695610129,-2.69402695610129,-2.69402695610129,-2.69402695610129,-2.69402695610129,-2.69402695610129,-2.69402695610129,-2.69402695610129,-2.69402695610129,-2.69402695610129,-2.69402695610129,-2.69402695610129,-2.69402695610129,-2.69402695610129,-2.69402695610129,-2.69402695610129,-2.69402695610129,-2.69402695610129,-2.69402695610129,-2.69402695610129,2.850431898895,2.6505338963763,2.4506358938576,2.25073789133891,2.0508398888202,1.85094188630151,1.65104287655805,1.45114151468179,1.25124599199512,1.05134765543899,0.851428008371371,0.651507267227766,0.451632486449817,0.2518189011447,0.0520510521635078,-0.147680202125411,-0.34738396451954,-0.547081930808917,-0.746787022368796,-0.946495801057418,-0.946495801057418,-0.946495801057418,-0.946495801057418,-0.946495801057418,-0.946495801057418,-0.946495801057418,-0.946495801057418,-0.946495801057418,-0.946495801057418,-0.946495801057418,-0.946495801057418,-0.946495801057418,-0.946495801057418,-0.946495801057418,-0.946495801057418,-0.946495801057418,-0.946495801057418,-0.946495801057418,-0.946495801057418,-0.946495801057418,1,1,1,1,1,1,1,1,1,1,1,1,1,1,1,1,1,1,1,1,1,1,1,1,1,1,1,1,1,1,1,1,1,1,1,1,1,1,1,1
-0.81758911611655,0.212141833159349,-2.0828533775441,-0.125535173251162,0.916549926081047,-1.81956829093966,-1.76028273587933,-1.36412082875394,-0.112014069081365,1.4163189976171,0.565382928671555,1.40258569617344,-0.028600690961186,1.46932327339839,2.11582478330854,1.19142744226429,-2.37959709352364,-0.218575555091261,1.50894954179531,1.84555991682931,-0.785338743066371,1.87848762854951,-1.28813727008208,-1.17976171521591,0.0854604271985977,0.453204841391816,2.10415610432836,0.243513778611444,-0.517967847714729,-0.353339001182652,0.0907685915753547,-3.72088969567784,0.239730224801301,-0.796570138055793,-1.32712892845484,0.486648233360212,-0.164786711270834,2.52862267039299,2.45341747740453,1.12212521796911,-4.03757558714066,-3.70953029444829,-3.38148500175593,-3.05343970906356,-2.72539441637119,-2.39734912367882,-2.06930383098646,-1.74125853829409,-1.41321324560172,-1.08516795290936,-0.757122660216988,-0.429077367524618,-0.101032074832251,0.227013217860115,0.555058510552483,0.883103803244852,1.21114909593722,1.53919438862958,1.86723968132195,2.19528497401432,2.19528497401432,2.19528497401432,2.19528497401432,2.19528497401432,2.19528497401432,2.19528497401432,2.19528497401432,2.19528497401432,2.19528497401432,2.19528497401432,2.19528497401432,2.19528497401432,2.19528497401432,2.19528497401432,2.19528497401432,2.19528497401432,2.19528497401432,2.19528497401432,2.19528497401432,2.19528497401432,-20.7833537965082,-15.8273985752364,-11.714295847601,-8.367661524882,-5.7111115183594,-3.66826173931323,-2.16272809902348,-1.11812650877018,-0.458072879833354,-0.106183123493002,0.0139268489708542,-0.0213588737217947,-0.135656202850967,-0.252581049696682,-0.295749325538933,-0.188776941657766,0.144720190666824,0.781126160154827,1.79682505552623,3.26820096550099,3.26820096550099,3.26820096550099,3.26820096550099,3.26820096550099,3.26820096550099,3.26820096550099,3.26820096550099,3.26820096550099,3.26820096550099,3.26820096550099,3.26820096550099,3.26820096550099,3.26820096550099,3.26820096550099,3.26820096550099,3.26820096550099,3.26820096550099,3.26820096550099,3.26820096550099,3.26820096550099,-3.42179144082496,-3.16538798734275,-2.90898453386053,-2.65258108037832,-2.39617762689611,-2.1397741734139,-1.8811257218309,-1.61295525167519,-1.3419259143055,-1.07698775381997,-0.814298087809268,-0.546904375360022,-0.270086712231787,0.0286780148082464,0.36346221788237,0.72947880011735,1.10754140556569,1.48974102956961,1.88370162960645,2.29108424348932,2.29108424348932,2.29108424348932,2.29108424348932,2.29108424348932,2.29108424348932,2.29108424348932,2.29108424348932,2.29108424348932,2.29108424348932,2.29108424348932,2.29108424348932,2.29108424348932,2.29108424348932,2.29108424348932,2.29108424348932,2.29108424348932,2.29108424348932,2.29108424348932,2.29108424348932,2.29108424348932,1,1,1,1,1,1,1,1,1,1,1,1,1,1,1,1,1,1,1,1,1,1,1,1,1,1,1,1,1,1,1,1,1,1,1,1,1,1,1,1
-0.338774498174944,-4.18108913433712,0.946837267923645,0.601765797494598,-3.20999930660524,1.72624737845859,-0.193184316432093,-0.401156461232246,-0.568205603085444,1.08407837695599,-0.660720265693847,-1.28375133866509,-0.766322413210778,-1.0827142851066,-0.804244706014254,2.95740344123367,0.464159066974776,-3.10281020107404,1.13786247520673,-1.40953405765176,1.10044458938729,-1.756576195887,1.81422144146044,1.64290039839974,-1.30203615107354,0.719954707663476,0.948921225576843,1.01414237236029,-1.36465851825355,-0.0273815448875361,-0.618207228330816,-1.18481846074067,1.63818763762604,-0.415607159785168,0.67785702668246,-0.805972416525707,1.4792909414604,0.453511206048754,-0.917858256366909,-1.22813436400762,-0.541500134327094,-0.608642860755322,-0.675785587183548,-0.742928313611779,-0.810071040040008,-0.877213766468235,-0.944356492896464,-1.01149921932469,-1.07864194575292,-1.14578467218115,-1.21292739860938,-1.2800701250376,-1.34721285146583,-1.41435557789406,-1.48149830432229,-1.54864103075052,-1.61578375717874,-1.68292648360697,-1.75006921003521,-1.81721193646343,-1.81721193646343,-1.81721193646343,-1.81721193646343,-1.81721193646343,-1.81721193646343,-1.81721193646343,-1.81721193646343,-1.81721193646343,-1.81721193646343,-1.81721193646343,-1.81721193646343,-1.81721193646343,-1.81721193646343,-1.81721193646343,-1.81721193646343,-1.81721193646343,-1.81721193646343,-1.81721193646343,-1.81721193646343,-1.81721193646343,9.01509784929721,7.44922329144891,5.93958725387575,4.49916306916259,3.14092406989427,1.87784358865563,0.722894958031533,-0.310948489393185,-1.21071342103367,-1.96342650430509,-2.55611440662258,-2.9758037954013,-3.20952133805639,-3.24429370200303,-3.06714755465636,-2.66510956343152,-2.02520639574368,-1.13446471900798,0.0200887993604137,1.45142749194636,1.45142749194636,1.45142749194636,1.45142749194636,1.45142749194636,1.45142749194636,1.45142749194636,1.45142749194636,1.45142749194636,1.45142749194636,1.45142749194636,1.45142749194636,1.45142749194636,1.45142749194636,1.45142749194636,1.45142749194636,1.45142749194636,1.45142749194636,1.45142749194636,1.45142749194636,1.45142749194636,2.93761650562288,2.60089396200947,2.26417141839614,1.92744887478274,1.59072633116936,1.25400378755599,0.900330327697761,0.429225884385504,-0.332294764062359,-1.49241017689698,-2.87945301233671,-3.99124739611754,-4.31564046117749,-3.790019790878,-2.85823985206843,-2.00647368377632,-1.34401492599467,-0.698203358351783,0.0493573295091299,0.867237233144015,0.867237233144015,0.867237233144015,0.867237233144015,0.867237233144015,0.867237233144015,0.867237233144015,0.867237233144015,0.867237233144015,0.867237233144015,0.867237233144015,0.867237233144015,0.867237233144015,0.867237233144015,0.867237233144015,0.867237233144015,0.867237233144015,0.867237233144015,0.867237233144015,0.867237233144015,0.867237233144015,1,1,1,1,1,1,1,1,1,1,0,0,0,0,1,1,1,1,1,1,1,1,1,1,1,1,1,1,1,1,1,1,1,1,1,1,1,1,1,1
-0.214791399613626,0.699428790334533,-0.884142652955644,1.60747265168203,-0.404169298349061,-0.905974039544257,-0.803139703473541,1.18394171321297,-1.63064841701389,1.56404369937218,1.86619056288808,-0.221251757108474,0.692421859842323,0.851890402414934,3.92822752377568,-0.418425051624316,0.168353080371574,-0.966049591561562,0.0819368124456208,1.38661677908503,1.67156038641816,1.42303309822069,2.81626679814969,-0.63455540570331,0.164684510169169,-1.78103763761561,-1.33588027784409,-3.47657334229577,0.147945527403232,0.261622544991125,3.14439540211334,0.899532862499642,-0.754539115906757,-1.4254362573856,1.27850873905697,0.182164194795879,-1.31747271072125,-0.783727260266526,0.518911831003724,3.16563685795507,2.27618343769305,2.1741093902158,2.07203534273854,1.9699612952613,1.86788724778404,1.76581320030679,1.66373915282954,1.56166510535229,1.45959105787504,1.35751701039779,1.25544296292054,1.15336891544328,1.05129486796604,0.949220820488785,0.847146773011533,0.74507272553428,0.64299867805703,0.540924630579777,0.438850583102527,0.336776535625276,0.336776535625276,0.336776535625276,0.336776535625276,0.336776535625276,0.336776535625276,0.336776535625276,0.336776535625276,0.336776535625276,0.336776535625276,0.336776535625276,0.336776535625276,0.336776535625276,0.336776535625276,0.336776535625276,0.336776535625276,0.336776535625276,0.336776535625276,0.336776535625276,0.336776535625276,0.336776535625276,28.4331380997276,21.893279311064,16.3797316543844,11.81137966788,8.10710788974205,5.1858008581617,2.96634311133014,1.36761918743859,0.308513624678183,-0.292089038759846,-0.515304264684357,-0.442247514904103,-0.154034251227962,0.268220064535315,0.74339997057691,1.19039000508796,1.52807470625967,1.67533861228327,1.55106626134988,1.07414219165076,1.07414219165076,1.07414219165076,1.07414219165076,1.07414219165076,1.07414219165076,1.07414219165076,1.07414219165076,1.07414219165076,1.07414219165076,1.07414219165076,1.07414219165076,1.07414219165076,1.07414219165076,1.07414219165076,1.07414219165076,1.07414219165076,1.07414219165076,1.07414219165076,1.07414219165076,1.07414219165076,3.78500085158739,3.48194763716459,3.17889442274178,2.87584120831897,2.57278799389616,2.26973477947336,1.96896866455798,1.68172292031236,1.41970493348784,1.18969654291593,0.994432992886011,0.835345968245331,0.714978491403304,0.636775053355548,0.601415803033385,0.603813797271272,0.634434826113667,0.682782803120018,0.739934912074652,0.800006283084214,0.800006283084214,0.800006283084214,0.800006283084214,0.800006283084214,0.800006283084214,0.800006283084214,0.800006283084214,0.800006283084214,0.800006283084214,0.800006283084214,0.800006283084214,0.800006283084214,0.800006283084214,0.800006283084214,0.800006283084214,0.800006283084214,0.800006283084214,0.800006283084214,0.800006283084214,0.800006283084214,1,1,1,1,1,1,1,1,1,1,1,1,1,1,1,1,1,1,1,1,1,1,1,1,1,1,1,1,1,1,1,1,1,1,1,1,1,1,1,1
-0.115045078769731,-0.749596040193379,-1.21473810526456,2.23515483501363,-0.818394622374419,-1.62455184397629,-1.3531693734056,-2.22864178778599,-1.36014488337598,-0.545205342911466,0.0473288223332986,-2.70493174449977,2.25785763420954,0.375937067286847,-0.590547175568105,-1.77219311297731,-1.59780026771263,-1.7960194002295,-0.320113904065266,0.803287875638162,2.3851889714722,-0.705894535135609,-1.61001160398039,-2.48216427737657,0.56452252674727,-0.94807978862584,0.265835242131716,1.58148050169213,-2.18992282753065,1.18490602035843,-2.43253002816862,-0.0402707281700216,1.72049616374599,0.228021682633738,0.902374735115623,0.43605150492578,-2.24051308225055,-2.14581260501908,0.213418853918721,-0.376346830789092,-0.295483762298304,-0.311456579775197,-0.327429397252095,-0.343402214728988,-0.359375032205883,-0.375347849682775,-0.391320667159672,-0.407293484636567,-0.42326630211346,-0.439239119590352,-0.455211937067247,-0.471184754544144,-0.487157572021038,-0.503130389497931,-0.519103206974826,-0.535076024451719,-0.551048841928614,-0.567021659405508,-0.582994476882401,-0.598967294359296,-0.598967294359296,-0.598967294359296,-0.598967294359296,-0.598967294359296,-0.598967294359296,-0.598967294359296,-0.598967294359296,-0.598967294359296,-0.598967294359296,-0.598967294359296,-0.598967294359296,-0.598967294359296,-0.598967294359296,-0.598967294359296,-0.598967294359296,-0.598967294359296,-0.598967294359296,-0.598967294359296,-0.598967294359296,-0.598967294359296,-23.760446557068,-16.8528194238354,-11.2988102366317,-6.96700725962341,-3.725998756977,-1.44437299285889,0.00928176856447749,0.766377263126657,0.958325226661218,0.716537395001735,0.172425503981755,-0.54259871056518,-1.29712351280549,-1.95973716690558,-2.39902793703195,-2.48358408735102,-2.08199388202922,-1.06284558523299,0.70527253887126,3.35377222611703,3.35377222611703,3.35377222611703,3.35377222611703,3.35377222611703,3.35377222611703,3.35377222611703,3.35377222611703,3.35377222611703,3.35377222611703,3.35377222611703,3.35377222611703,3.35377222611703,3.35377222611703,3.35377222611703,3.35377222611703,3.35377222611703,3.35377222611703,3.35377222611703,3.35377222611703,3.35377222611703,1.82153021244506,1.5278356374642,1.23414106248335,0.940446487502489,0.646751912521633,0.353057337540774,0.0647598826623472,-0.194932569323674,-0.417601851387303,-0.618329057332309,-0.809971137061591,-0.981791973808962,-1.10534859123073,-1.14787379985012,-1.07658890090386,-0.869946444966079,-0.53803728468008,-0.122260651617776,0.33200501853465,0.797354585707872,0.797354585707872,0.797354585707872,0.797354585707872,0.797354585707872,0.797354585707872,0.797354585707872,0.797354585707872,0.797354585707872,0.797354585707872,0.797354585707872,0.797354585707872,0.797354585707872,0.797354585707872,0.797354585707872,0.797354585707872,0.797354585707872,0.797354585707872,0.797354585707872,0.797354585707872,0.797354585707872,1,1,1,1,1,1,1,1,1,1,1,1,1,1,1,1,1,1,1,1,1,1,1,1,1,1,1,1,1,1,1,1,1,1,1,1,1,1,1,1
1.40197881673387,0.11992915309714,-1.66453204460066,-0.0757317750310627,-0.0128922894090806,-1.38838077865111,0.276323504994741,-0.665008790040307,0.693174857018819,-0.411991376496175,-0.958618985817647,0.944398398199224,0.0135033270025353,1.65668102098111,-1.98114716882276,-0.88626655411613,-3.05269679943478,-0.0944573382785894,-0.25191072508281,-0.71664165630283,-1.62287103888343,0.095205327703118,-1.69666487704583,0.0624020113601578,1.74694381984725,-0.13901926841841,1.56230656455118,-0.0173285994563983,0.418947579634448,-1.47576130264764,2.0147387611986,-2.15710928877136,3.48282015124229,1.67391778205714,2.20311496253688,0.191658786265476,0.356484321734932,-0.634127620611627,0.415354185410115,0.972040341283691,1.64124547712995,1.42967914007439,1.21811280301884,1.00654646596328,0.794980128907731,0.583413791852175,0.371847454796624,0.160281117741066,-0.0512852193144901,-0.262851556370039,-0.474417893425594,-0.68598423048115,-0.897550567536705,-1.10911690459226,-1.32068324164781,-1.53224957870337,-1.74381591575892,-1.95538225281448,-2.16694858987003,-2.37851492692558,-2.37851492692558,-2.37851492692558,-2.37851492692558,-2.37851492692558,-2.37851492692558,-2.37851492692558,-2.37851492692558,-2.37851492692558,-2.37851492692558,-2.37851492692558,-2.37851492692558,-2.37851492692558,-2.37851492692558,-2.37851492692558,-2.37851492692558,-2.37851492692558,-2.37851492692558,-2.37851492692558,-2.37851492692558,-2.37851492692558,-0.809559695004893,-0.407955753318882,-0.115796336158514,0.0774735791463801,0.182409015265975,0.209564994870453,0.169496540629975,0.0727586752147289,-0.0700935787051211,-0.248505198459398,-0.451921161377923,-0.669786444790532,-0.891546026027047,-1.1066448824173,-1.30452799129109,-1.47464032997828,-1.60642687580867,-1.68933260611209,-1.71280249821839,-1.66628152945735,-1.66628152945735,-1.66628152945735,-1.66628152945735,-1.66628152945735,-1.66628152945735,-1.66628152945735,-1.66628152945735,-1.66628152945735,-1.66628152945735,-1.66628152945735,-1.66628152945735,-1.66628152945735,-1.66628152945735,-1.66628152945735,-1.66628152945735,-1.66628152945735,-1.66628152945735,-1.66628152945735,-1.66628152945735,-1.66628152945735,2.63295098758963,2.26437182905538,1.89579267052113,1.52721351198687,1.15863435345263,0.790055194918374,0.424076998145898,0.0739049533868279,-0.244492982661148,-0.518504225564472,-0.741475548056506,-0.913998075109514,-1.04239594801545,-1.13806176741196,-1.21846417548461,-1.30198900503444,-1.39846700124971,-1.50836285148572,-1.62914532008612,-1.75665841986083,-1.75665841986083,-1.75665841986083,-1.75665841986083,-1.75665841986083,-1.75665841986083,-1.75665841986083,-1.75665841986083,-1.75665841986083,-1.75665841986083,-1.75665841986083,-1.75665841986083,-1.75665841986083,-1.75665841986083,-1.75665841986083,-1.75665841986083,-1.75665841986083,-1.75665841986083,-1.75665841986083,-1.75665841986083,-1.75665841986083,1,1,1,1,1,1,1,1,1,1,1,1,1,1,1,1,1,1,1,1,1,1,1,1,1,1,1,1,1,1,1,1,1,1,1,1,1,1,1,1
-0.705131089104044,-1.22251480777719,1.52687714333904,0.230324373368317,3.39887895192421,1.40053007757771,-1.29141377545676,0.560846740355313,1.10549884251326,0.664916801503155,1.10261277673052,-0.984590762865112,-1.83153777813682,-1.36123891911756,2.23473153003083,1.37689348042634,-0.828754121605964,2.27398079700182,0.458163758285277,0.706097885805935,0.241483722783865,0.0224937842303596,1.15658270317839,1.11126862167436,0.332114908882614,-0.451497378039026,0.622210790953458,2.4505394270422,-0.183312351445155,-0.729427838491546,0.475512713502491,0.276747634971603,-0.149727144808391,-0.536297539215745,-0.737722440187461,0.560229399921893,0.906667683008509,-1.20696090047639,-0.859747941616467,2.36954214160846,-0.872020019320084,-0.57871377756554,-0.285407535810998,0.00789870594354447,0.301204947698089,0.59451118945263,0.887817431207175,1.18112367296172,1.47442991471626,1.7677361564708,2.06104239822534,2.35434863997989,2.64765488173443,2.94096112348898,3.23426736524352,3.52757360699806,3.8208798487526,4.11418609050715,4.40749233226169,4.70079857401623,4.70079857401623,4.70079857401623,4.70079857401623,4.70079857401623,4.70079857401623,4.70079857401623,4.70079857401623,4.70079857401623,4.70079857401623,4.70079857401623,4.70079857401623,4.70079857401623,4.70079857401623,4.70079857401623,4.70079857401623,4.70079857401623,4.70079857401623,4.70079857401623,4.70079857401623,4.70079857401623,-34.7331175892587,-24.8225198992905,-16.7357653665532,-10.2993100509279,-5.33961001229582,-1.68312131053821,0.843699994463734,2.41439784282882,3.20251617467581,3.38159893012353,3.12519004929074,2.60683347229627,2.00007313925886,1.47845299029735,1.21551696553048,1.3848090050771,2.15987304905595,3.71425303758584,6.22149291078557,9.85513660877394,9.85513660877394,9.85513660877394,9.85513660877394,9.85513660877394,9.85513660877394,9.85513660877394,9.85513660877394,9.85513660877394,9.85513660877394,9.85513660877394,9.85513660877394,9.85513660877394,9.85513660877394,9.85513660877394,9.85513660877394,9.85513660877394,9.85513660877394,9.85513660877394,9.85513660877394,9.85513660877394,-7.3503509061575,-6.04233523386733,-4.73431956157711,-3.42630388928692,-2.11828821699674,-0.810272544706548,0.485108881278572,1.68336107064767,2.60482306789691,3.08364959573055,3.07684903535868,2.68871045976148,2.17467786533118,1.84909074259935,1.90050049421049,2.37292840173998,3.28081683782206,4.54829050850851,5.93401765482912,7.25977835820801,7.25977835820801,7.25977835820801,7.25977835820801,7.25977835820801,7.25977835820801,7.25977835820801,7.25977835820801,7.25977835820801,7.25977835820801,7.25977835820801,7.25977835820801,7.25977835820801,7.25977835820801,7.25977835820801,7.25977835820801,7.25977835820801,7.25977835820801,7.25977835820801,7.25977835820801,7.25977835820801,1,1,1,1,1,1,1,1,1,1,1,1,1,1,1,1,1,1,0,0,0,0,0,0,0,0,0,0,0,0,0,0,0,0,0,0,0,0,0,0
-0.782723092292866,0.141019054153615,0.207763990198629,2.01699410382197,0.281686326076945,-0.910615654714446,0.859023056767523,0.455362349960671,1.65777221652293,1.33640648432053,1.7558369502111,0.0774824150616471,-2.64217423405527,0.830950900674292,1.35007623764431,-1.3816951911153,0.800078045063644,-0.561452530510328,-3.09918182464594,0.743128272674403,-0.518485846364962,-1.52186150834867,1.16994006743196,-0.507510300986661,0.832840973798779,-0.462997977114194,3.01939302572574,-1.89401649665379,0.910439482479076,0.0277423509484471,-0.622927902239155,1.52542456545287,-0.579850868109249,0.643117911469776,-1.35562164533033,-2.31248716006419,1.73814940954384,0.0705965184475499,-1.46272944245071,-1.73693225235499,2.4613253412528,2.13656797440997,1.81181060756715,1.48705324072433,1.16229587388151,0.837538507038686,0.512781140195864,0.188023773353041,-0.13673359348978,-0.461490960332604,-0.786248327175423,-1.11100569401825,-1.43576306086107,-1.76052042770389,-2.08527779454671,-2.41003516138953,-2.73479252823236,-3.05954989507518,-3.384307261918,-3.70906462876082,-3.70906462876082,-3.70906462876082,-3.70906462876082,-3.70906462876082,-3.70906462876082,-3.70906462876082,-3.70906462876082,-3.70906462876082,-3.70906462876082,-3.70906462876082,-3.70906462876082,-3.70906462876082,-3.70906462876082,-3.70906462876082,-3.70906462876082,-3.70906462876082,-3.70906462876082,-3.70906462876082,-3.70906462876082,-3.70906462876082,1.80269453436625,1.42130583789781,1.08998617292588,0.801467926344041,0.548483485045876,0.323765235924938,0.120045565874831,-0.0699431382108866,-0.253468489438633,-0.437798100914844,-0.630199585745917,-0.837940557038328,-1.06828862789843,-1.32851141143272,-1.62587652074759,-1.96765156894945,-2.36110416914475,-2.81350193443986,-3.33211247794128,-3.92420341275538,-3.92420341275538,-3.92420341275538,-3.92420341275538,-3.92420341275538,-3.92420341275538,-3.92420341275538,-3.92420341275538,-3.92420341275538,-3.92420341275538,-3.92420341275538,-3.92420341275538,-3.92420341275538,-3.92420341275538,-3.92420341275538,-3.92420341275538,-3.92420341275538,-3.92420341275538,-3.92420341275538,-3.92420341275538,-3.92420341275538,3.50180329461719,2.95514758223753,2.40849186985787,1.86183615747823,1.31518044509859,0.768524732718932,0.20336939640659,-0.408670567794768,-0.851201091036476,-0.897300426578271,-0.685693605022383,-0.588413195866959,-0.791741275162137,-1.18478152951087,-1.60179426051118,-2.02614366779281,-2.51564609767143,-3.0047698361387,-3.32467178796444,-3.45230444570655,-3.45230444570655,-3.45230444570655,-3.45230444570655,-3.45230444570655,-3.45230444570655,-3.45230444570655,-3.45230444570655,-3.45230444570655,-3.45230444570655,-3.45230444570655,-3.45230444570655,-3.45230444570655,-3.45230444570655,-3.45230444570655,-3.45230444570655,-3.45230444570655,-3.45230444570655,-3.45230444570655,-3.45230444570655,-3.45230444570655,1,1,1,1,1,1,1,1,1,1,1,1,1,1,1,1,1,1,1,1,1,1,1,1,1,1,1,1,1,1,1,1,1,1,1,1,1,1,1,1
0.900087953828751,-0.185380597001735,1.29277759880938,0.535200921191938,0.726312945521367,-0.876122661832186,-0.176727166070438,0.324199053198277,2.33227653948068,-0.490401066023635,0.827143567957394,-2.21182985052822,-1.67344270153813,0.733688771806163,-1.10022744205093,0.181689021902779,-0.386779423600087,1.98180729869692,1.98746674103914,-2.5199466138885,-0.843564034874886,-0.06743612324194,1.88018963613511,-0.265393794215484,-1.95106638669939,-0.175300105568759,-1.01181938624415,2.24184870957162,-0.10587969535778,2.33721450881,-1.67352088759101,0.650312197603563,5.60979943911019,0.961793564164608,-0.0291903110532701,1.18343298653635,-0.655139809100987,0.978016474659057,0.178327351617188,-0.528791947122489,-1.44860062628756,-1.38157715123253,-1.31455367617749,-1.24753020112246,-1.18050672606742,-1.11348325101238,-1.04645977595735,-0.979436300902311,-0.912412825847275,-0.845389350792241,-0.778365875737203,-0.711342400682168,-0.644318925627131,-0.577295450572093,-0.510271975517059,-0.443248500462021,-0.376225025406985,-0.309201550351951,-0.242178075296913,-0.175154600241877,-0.175154600241877,-0.175154600241877,-0.175154600241877,-0.175154600241877,-0.175154600241877,-0.175154600241877,-0.175154600241877,-0.175154600241877,-0.175154600241877,-0.175154600241877,-0.175154600241877,-0.175154600241877,-0.175154600241877,-0.175154600241877,-0.175154600241877,-0.175154600241877,-0.175154600241877,-0.175154600241877,-0.175154600241877,-0.175154600241877,-3.95873253007568,-2.42656324811255,-1.31586269124498,-0.574872812220014,-0.151835563784717,0.00500710131387194,-0.0525867696713185,-0.272859129487333,-0.604051930881219,-0.994407126600038,-1.39216666939084,-1.74557251200069,-2.00286660717662,-2.11229090766569,-2.02208736621497,-1.68049793557149,-1.03576456848231,-0.0361292176945032,1.37016616404488,3.23487962398882,3.23487962398882,3.23487962398882,3.23487962398882,3.23487962398882,3.23487962398882,3.23487962398882,3.23487962398882,3.23487962398882,3.23487962398882,3.23487962398882,3.23487962398882,3.23487962398882,3.23487962398882,3.23487962398882,3.23487962398882,3.23487962398882,3.23487962398882,3.23487962398882,3.23487962398882,3.23487962398882,1.70868689256513,1.376844587106,1.04500228164687,0.713159976187748,0.381317670728616,0.0494753652694886,-0.279999024027264,-0.595348986628425,-0.886341966801128,-1.15667616602329,-1.40417851876284,-1.59069992524274,-1.66022416466814,-1.58408204727355,-1.35981365636427,-0.978742087497295,-0.436979708652803,0.224396691923481,0.930886815753457,1.63540911997193,1.63540911997193,1.63540911997193,1.63540911997193,1.63540911997193,1.63540911997193,1.63540911997193,1.63540911997193,1.63540911997193,1.63540911997193,1.63540911997193,1.63540911997193,1.63540911997193,1.63540911997193,1.63540911997193,1.63540911997193,1.63540911997193,1.63540911997193,1.63540911997193,1.63540911997193,1.63540911997193,1,1,1,1,1,1,1,1,1,1,1,0,1,1,1,1,1,1,1,1,1,1,1,1,1,1,1,1,1,1,1,1,1,1,1,1,1,1,1,1
-0.388343441312956,1.09734736875289,0.998116224475334,-0.169340178502944,2.35735448367482,1.44974696493337,-2.19798678623549,-0.222734761764146,-1.71570247748221,0.435253173517307,1.80970111984911,-0.269951179646997,-1.15629918049808,0.596246410017343,1.08003992106306,-1.13846795328523,-1.8565416923073,1.26740576065669,1.05905757623455,1.06861982487126,-2.74906320000322,1.18894860345796,-0.0480387650727039,0.0579952137752322,0.068459253320718,-0.162653994622174,-0.429940741432938,-0.117996784144182,-0.511203372235995,-1.95460493007095,-0.182250959872944,0.650559905348583,1.68794011373613,-1.50737409038732,1.52790879107594,0.291802518705182,0.27625547271985,-1.05215906935765,-0.604592756546989,-0.721764408353135,-0.888246827392057,-0.761022255386596,-0.633797683381133,-0.50657311137567,-0.379348539370208,-0.252123967364744,-0.124899395359282,0.00232517664617937,0.129549748651643,0.256774320657103,0.383998892662566,0.511223464668028,0.638448036673489,0.765672608678953,0.892897180684415,1.02012175268988,1.14734632469534,1.2745708967008,1.40179546870626,1.52902004071173,1.52902004071173,1.52902004071173,1.52902004071173,1.52902004071173,1.52902004071173,1.52902004071173,1.52902004071173,1.52902004071173,1.52902004071173,1.52902004071173,1.52902004071173,1.52902004071173,1.52902004071173,1.52902004071173,1.52902004071173,1.52902004071173,1.52902004071173,1.52902004071173,1.52902004071173,1.52902004071173,-4.62014293362384,-3.12523869533574,-1.95171823410857,-1.06387267698681,-0.42599315101498,-0.00237078323760009,0.242703299300835,0.344937969555808,0.340042100482815,0.263724565037341,0.151694236174881,0.0396599868509284,-0.0366693099790467,-0.0415847813595089,0.0606224456649951,0.305661244049965,0.729240486750884,1.36706904672328,2.2548557969226,3.42830961030434,3.42830961030434,3.42830961030434,3.42830961030434,3.42830961030434,3.42830961030434,3.42830961030434,3.42830961030434,3.42830961030434,3.42830961030434,3.42830961030434,3.42830961030434,3.42830961030434,3.42830961030434,3.42830961030434,3.42830961030434,3.42830961030434,3.42830961030434,3.42830961030434,3.42830961030434,3.42830961030434,-0.196655672037662,-0.157459012549074,-0.118262353060485,-0.0790656935719003,-0.0398690340833028,-0.000672374594722136,0.0384871734063275,0.0770953691103369,0.113092492309969,0.144291212662939,0.174774385780113,0.221768271124155,0.310931179904728,0.458283736479054,0.659321421244027,0.901319728072432,1.18057126285309,1.49884543426591,1.8488270421131,2.21405155162834,2.21405155162834,2.21405155162834,2.21405155162834,2.21405155162834,2.21405155162834,2.21405155162834,2.21405155162834,2.21405155162834,2.21405155162834,2.21405155162834,2.21405155162834,2.21405155162834,2.21405155162834,2.21405155162834,2.21405155162834,2.21405155162834,2.21405155162834,2.21405155162834,2.21405155162834,2.21405155162834,1,1,1,1,1,1,1,1,1,1,1,1,1,1,1,1,1,1,1,1,1,1,1,1,1,1,1,1,1,1,1,1,1,1,1,1,1,1,1,1
-2.12940986058194,-1.84099743380271,-0.0676982075301051,1.63668968584804,-1.90597323931809,-2.54108876157391,-1.48242348966208,-1.10851550288153,2.12453012446711,0.0623678893629993,-0.019008596901374,-0.789392591089809,1.68464952970039,-0.0584218425263394,0.297957341992738,0.458015838820561,-1.9973119652152,3.40709456569986,0.338262138447465,2.42170397821144,-0.262782158868227,1.72624005838537,1.01669780133663,0.217819396465684,0.780401354355709,-1.66046369124462,-0.417608512614006,-0.0982094705614855,-0.847900779889347,-1.01336438043048,-0.400482875326837,-0.411554483119351,-1.6665088071005,0.528750839162779,-2.12050921087318,0.863390122811142,2.49287905623876,0.529627149720072,0.543369584369589,-0.397064502793059,2.60375478541778,2.35124574541955,2.09873670542132,1.8462276654231,1.59371862542487,1.34120958542664,1.08870054542841,0.836191505430177,0.583682465431949,0.33117342543372,0.0786643854354878,-0.173844654562739,-0.426353694560968,-0.678862734559198,-0.93137177455743,-1.18388081455566,-1.43638985455389,-1.68889889455212,-1.94140793455035,-2.19391697454857,-2.19391697454857,-2.19391697454857,-2.19391697454857,-2.19391697454857,-2.19391697454857,-2.19391697454857,-2.19391697454857,-2.19391697454857,-2.19391697454857,-2.19391697454857,-2.19391697454857,-2.19391697454857,-2.19391697454857,-2.19391697454857,-2.19391697454857,-2.19391697454857,-2.19391697454857,-2.19391697454857,-2.19391697454857,-2.19391697454857,2.50838484629788,2.27997547273571,2.04571464573676,1.80616956781198,1.56190744147235,1.31349546922882,1.06150085359238,0.806490797073991,0.549032502184641,0.289693171435266,0.0290400073368744,-0.232359787599604,-0.493939010863139,-0.755130459942826,-1.01536693232767,-1.27408122550671,-1.53070613696891,-1.78467446420336,-2.03541900469911,-2.28237255594515,-2.28237255594515,-2.28237255594515,-2.28237255594515,-2.28237255594515,-2.28237255594515,-2.28237255594515,-2.28237255594515,-2.28237255594515,-2.28237255594515,-2.28237255594515,-2.28237255594515,-2.28237255594515,-2.28237255594515,-2.28237255594515,-2.28237255594515,-2.28237255594515,-2.28237255594515,-2.28237255594515,-2.28237255594515,-2.28237255594515,-1.06442914730527,-0.757598401092785,-0.450767654880293,-0.143936908667808,0.162893837544676,0.469724583757161,0.763821366673117,0.976571512160291,1.02066760237788,0.875892500187232,0.599574694591896,0.242132283240185,-0.184593832240177,-0.651571789131532,-1.09809600068597,-1.48351073910647,-1.81088023943673,-2.10659448365863,-2.39915624958945,-2.70102738994639,-2.70102738994639,-2.70102738994639,-2.70102738994639,-2.70102738994639,-2.70102738994639,-2.70102738994639,-2.70102738994639,-2.70102738994639,-2.70102738994639,-2.70102738994639,-2.70102738994639,-2.70102738994639,-2.70102738994639,-2.70102738994639,-2.70102738994639,-2.70102738994639,-2.70102738994639,-2.70102738994639,-2.70102738994639,-2.70102738994639,1,1,1,1,1,1,1,1,1,1,1,1,1,1,1,1,1,1,1,1,1,1,1,1,1,1,1,1,1,1,1,1,1,1,1,1,1,1,1,1
-0.626337660647369,-0.610920683548128,1.18172563572621,-1.06578961960989,-2.15677820996547,-0.105498004365035,-0.853224434203168,0.301423500718542,1.28437339295169,-0.674113931402454,1.41916915754967,-1.20828917913849,0.0279465148645617,1.01756670881025,0.0162226779434924,0.27497813845155,-1.73404237214192,-0.754879098646127,-0.202018439327622,0.580183117227772,-1.87494744082715,0.0897925130320303,-1.29561215607884,-0.711612135219168,0.194817352852946,-0.798285984915079,-0.834951781416166,-0.427329908921264,-2.02468955403776,-1.76204096575735,-1.6056562501496,-0.26876625242522,-1.82141931373873,1.77699767892133,2.24794456230973,1.17788364859803,-0.717088179978161,-0.469658781172207,2.20415740840921,1.09596966975699,-2.85545771028853,-2.63855932523527,-2.421660940182,-2.20476255512873,-1.98786417007546,-1.77096578502219,-1.55406739996892,-1.33716901491565,-1.12027062986239,-0.903372244809118,-0.68647385975585,-0.469575474702584,-0.252677089649312,-0.035778704596046,0.181119680457224,0.398018065510493,0.614916450563761,0.831814835617028,1.0487132206703,1.26561160572357,1.26561160572357,1.26561160572357,1.26561160572357,1.26561160572357,1.26561160572357,1.26561160572357,1.26561160572357,1.26561160572357,1.26561160572357,1.26561160572357,1.26561160572357,1.26561160572357,1.26561160572357,1.26561160572357,1.26561160572357,1.26561160572357,1.26561160572357,1.26561160572357,1.26561160572357,1.26561160572357,-18.2506609031627,-14.0744666854579,-10.5754941249695,-7.69490056866669,-5.37384336351907,-3.55347985649604,-2.17496739456701,-1.17946332470142,-0.508124993868694,-0.102109749038272,0.097425062820415,0.149322094737936,0.112423999744879,0.0455734308717979,0.00761304114926098,0.0573854836078507,0.253733411278105,0.655499477190634,1.32152633437596,2.31065663586472,2.31065663586472,2.31065663586472,2.31065663586472,2.31065663586472,2.31065663586472,2.31065663586472,2.31065663586472,2.31065663586472,2.31065663586472,2.31065663586472,2.31065663586472,2.31065663586472,2.31065663586472,2.31065663586472,2.31065663586472,2.31065663586472,2.31065663586472,2.31065663586472,2.31065663586472,2.31065663586472,-2.96890827239638,-2.7368439511381,-2.50477962987982,-2.27271530862154,-2.04065098736326,-1.80858666610498,-1.57666912267115,-1.3456310581479,-1.11634024360373,-0.889629224226432,-0.666216194922336,-0.4463686507394,-0.2297725356178,-0.0158447393597285,0.195994415840783,0.406303320212293,0.615497083627826,0.823646390521207,1.03069777966285,1.23698887730406,1.23698887730406,1.23698887730406,1.23698887730406,1.23698887730406,1.23698887730406,1.23698887730406,1.23698887730406,1.23698887730406,1.23698887730406,1.23698887730406,1.23698887730406,1.23698887730406,1.23698887730406,1.23698887730406,1.23698887730406,1.23698887730406,1.23698887730406,1.23698887730406,1.23698887730406,1.23698887730406,1,1,1,1,0,1,1,1,1,1,1,1,1,1,1,1,1,1,1,1,1,1,1,1,1,1,1,1,1,1,1,1,1,1,1,1,1,1,1,1
-0.484863419596498,2.01027823193483,0.102205566062723,-2.19025714308906,-4.78847803138565,-0.0716468349333308,2.10575756353048,-0.671334121501527,-0.0101288112618878,1.09058853040169,2.06405911821963,0.0764040605061584,-0.248099833332489,3.20865106428051,-0.0602819668638528,0.854760011232395,0.12717921992191,-1.95011302125152,1.17751459517486,-1.02811399061289,0.186382555755092,0.155230214084389,4.42595822702512,0.0167971400464619,-1.98294831573583,-2.2367162012276,0.937556698323577,3.19931582732126,1.51789472410856,-0.714613289365586,-2.39522987126744,-1.0449602035184,-0.477116073911583,-1.29690936728259,0.644189804064291,0.42181041926708,0.354357504881119,0.481236989222282,-1.09455980402052,-0.301112735670335,1.47739617815753,1.33465268142941,1.19190918470128,1.04916568797316,0.906422191245043,0.763678694516919,0.620935197788796,0.478191701060673,0.335448204332552,0.192704707604431,0.0499612108763117,-0.0927822858518148,-0.235525782579934,-0.378269279308055,-0.521012776036182,-0.663756272764303,-0.806499769492422,-0.949243266220545,-1.09198676294867,-1.23473025967679,-1.23473025967679,-1.23473025967679,-1.23473025967679,-1.23473025967679,-1.23473025967679,-1.23473025967679,-1.23473025967679,-1.23473025967679,-1.23473025967679,-1.23473025967679,-1.23473025967679,-1.23473025967679,-1.23473025967679,-1.23473025967679,-1.23473025967679,-1.23473025967679,-1.23473025967679,-1.23473025967679,-1.23473025967679,-1.23473025967679,2.95225850960387,3.06426292113789,2.99196035282863,2.76454511732266,2.41121152726652,1.96115389530679,1.44356653409001,0.887643756262753,0.322579874471565,-0.222430798636989,-0.718193950416349,-1.13551526821997,-1.44520043940128,-1.6180551513137,-1.62488509131072,-1.43649594674574,-1.02369340497224,-0.357283153343612,0.591929120786652,1.85313773006515,1.85313773006515,1.85313773006515,1.85313773006515,1.85313773006515,1.85313773006515,1.85313773006515,1.85313773006515,1.85313773006515,1.85313773006515,1.85313773006515,1.85313773006515,1.85313773006515,1.85313773006515,1.85313773006515,1.85313773006515,1.85313773006515,1.85313773006515,1.85313773006515,1.85313773006515,1.85313773006515,-0.00934277277924878,0.17374423860364,0.356831249986537,0.539918261369435,0.723005272752325,0.906092284135217,1.05397917265838,1.01654949456219,0.736234413683055,0.276814797851713,-0.279775407136201,-0.845540421930417,-1.29574000663363,-1.51720077348524,-1.47806689966917,-1.22270557535306,-0.820790414860641,-0.334915566874447,0.187867630704496,0.719603184815945,0.719603184815945,0.719603184815945,0.719603184815945,0.719603184815945,0.719603184815945,0.719603184815945,0.719603184815945,0.719603184815945,0.719603184815945,0.719603184815945,0.719603184815945,0.719603184815945,0.719603184815945,0.719603184815945,0.719603184815945,0.719603184815945,0.719603184815945,0.719603184815945,0.719603184815945,0.719603184815945,1,1,1,1,1,1,1,1,1,1,1,1,1,1,1,1,1,1,1,1,1,1,1,1,1,1,1,1,1,1,1,1,1,1,1,1,1,1,1,1
0.982657754170523,0.804268364245644,1.28997661561222,-0.211450904678283,0.124991723996632,-1.12323122678812,0.271782673595123,-0.525562430322662,0.536357030571757,2.32188820911256,-0.905676406594811,-0.660933474218945,-0.439028661160711,-1.99283906337251,-0.0797894560206185,0.0724882464498879,-1.7080975825417,-0.999315212712352,-2.12375843454213,-2.35584744907039,0.431203393875149,2.43408407016424,0.905279976457784,2.38995516324361,0.347681126658166,-0.84848866986925,-2.01419413915966,-0.281787629582183,0.651510628412776,-0.0907797289392356,-0.800480642343496,-1.16691852517978,0.230472350700948,-0.35052691477928,1.1999823381926,-0.237286458007915,-0.460625239138844,-0.408891050510798,0.588336169988759,1.2603653629811,-0.502308434410534,-0.545523356326428,-0.588738278242324,-0.631953200158219,-0.675168122074113,-0.718383043990007,-0.761597965905905,-0.804812887821798,-0.848027809737692,-0.891242731653588,-0.934457653569481,-0.977672575485379,-1.02088749740127,-1.06410241931717,-1.10731734123306,-1.15053226314896,-1.19374718506485,-1.23696210698075,-1.28017702889664,-1.32339195081254,-1.32339195081254,-1.32339195081254,-1.32339195081254,-1.32339195081254,-1.32339195081254,-1.32339195081254,-1.32339195081254,-1.32339195081254,-1.32339195081254,-1.32339195081254,-1.32339195081254,-1.32339195081254,-1.32339195081254,-1.32339195081254,-1.32339195081254,-1.32339195081254,-1.32339195081254,-1.32339195081254,-1.32339195081254,-1.32339195081254,8.67208106928039,6.21486147653244,4.16054036002093,2.47660241467686,1.13053233543118,0.0898148172148909,-0.678065445041035,-1.2056237564056,-1.52537542194784,-1.66983574673676,-1.67152003584138,-1.56294359433072,-1.3766217272738,-1.14506973973964,-0.900802936797261,-0.676336623515658,-0.504186104963868,-0.416866686210914,-0.446893672325805,-0.626782368377564,-0.626782368377564,-0.626782368377564,-0.626782368377564,-0.626782368377564,-0.626782368377564,-0.626782368377564,-0.626782368377564,-0.626782368377564,-0.626782368377564,-0.626782368377564,-0.626782368377564,-0.626782368377564,-0.626782368377564,-0.626782368377564,-0.626782368377564,-0.626782368377564,-0.626782368377564,-0.626782368377564,-0.626782368377564,-0.626782368377564,0.534110623591983,0.348040861035913,0.16197109847986,-0.0240986640762095,-0.210168426632275,-0.396238189188344,-0.585988237576782,-0.793461125705278,-1.0215324229418,-1.27975201551697,-1.56684135191104,-1.80309149489281,-1.84404067544679,-1.59579845603293,-1.10745538577454,-0.572288539627809,-0.228173345306327,-0.189358079216147,-0.37471616352526,-0.637971485203815,-0.637971485203815,-0.637971485203815,-0.637971485203815,-0.637971485203815,-0.637971485203815,-0.637971485203815,-0.637971485203815,-0.637971485203815,-0.637971485203815,-0.637971485203815,-0.637971485203815,-0.637971485203815,-0.637971485203815,-0.637971485203815,-0.637971485203815,-0.637971485203815,-0.637971485203815,-0.637971485203815,-0.637971485203815,-0.637971485203815,1,1,1,1,1,1,1,1,1,1,1,1,0,1,1,1,1,1,1,1,1,1,1,1,1,1,1,1,1,1,1,1,1,1,1,1,1,1,1,1
2.63985249230438,1.99340363871974,1.23276774074678,-0.926737290462603,-0.611229574992084,1.47319887472137,0.267434549277661,-1.60545470431715,0.935182118235524,-1.39332302518991,0.808905828151502,2.96723438668008,-2.17760697715361,-1.64758771427256,-1.73316626942491,0.171624314122489,0.36709687605534,-2.4234009445419,0.828210055806853,1.21334863587495,0.356348576015442,-0.157763352774804,3.0305292630943,0.778772631261027,0.537234403356152,-1.88484737234008,0.541764683422276,-0.0513726475671312,-4.10597775127784,-2.3500396786491,-2.84066843551877,-0.288592819208754,-0.285779270402323,0.274662870351605,0.959883982923197,1.22177616900811,1.78324947676999,0.419759897676153,-2.03616062794311,-2.1789295248815,-3.29883551240311,-3.05074263955144,-2.80264976669976,-2.55455689384809,-2.30646402099642,-2.05837114814474,-1.81027827529307,-1.56218540244139,-1.31409252958972,-1.06599965673805,-0.817906783886375,-0.569813911034702,-0.321721038183028,-0.0736281653313533,0.174464707520322,0.422557580371995,0.670650453223669,0.918743326075342,1.16683619892702,1.41492907177869,1.41492907177869,1.41492907177869,1.41492907177869,1.41492907177869,1.41492907177869,1.41492907177869,1.41492907177869,1.41492907177869,1.41492907177869,1.41492907177869,1.41492907177869,1.41492907177869,1.41492907177869,1.41492907177869,1.41492907177869,1.41492907177869,1.41492907177869,1.41492907177869,1.41492907177869,1.41492907177869,9.84346746455111,6.71800508630913,4.15044663143208,2.09559953970816,0.508271250925576,-0.65673079512748,-1.44459915866282,-1.90052639989224,-2.06970507902755,-1.99732775628055,-1.72858699186304,-1.30867534598683,-0.782785378863737,-0.19610965070556,0.406159278275908,0.978828847868872,1.47670649786151,1.85459966804202,2.0673157981986,2.06966232811942,2.06966232811942,2.06966232811942,2.06966232811942,2.06966232811942,2.06966232811942,2.06966232811942,2.06966232811942,2.06966232811942,2.06966232811942,2.06966232811942,2.06966232811942,2.06966232811942,2.06966232811942,2.06966232811942,2.06966232811942,2.06966232811942,2.06966232811942,2.06966232811942,2.06966232811942,2.06966232811942,-2.89535219962784,-2.76839233421038,-2.64143246879291,-2.51447260337544,-2.38751273795797,-2.26055287254052,-2.13452854743616,-2.00643682205695,-1.83163383088945,-1.51812154804818,-1.02182865395308,-0.430951377574329,0.121147356532381,0.584520393907257,0.956849322924382,1.19880247065798,1.27952472445899,1.24202928590796,1.15782270346527,1.06484193429768,1.06484193429768,1.06484193429768,1.06484193429768,1.06484193429768,1.06484193429768,1.06484193429768,1.06484193429768,1.06484193429768,1.06484193429768,1.06484193429768,1.06484193429768,1.06484193429768,1.06484193429768,1.06484193429768,1.06484193429768,1.06484193429768,1.06484193429768,1.06484193429768,1.06484193429768,1.06484193429768,1,1,1,1,1,1,1,1,1,1,1,1,1,1,1,1,1,1,1,1,1,1,1,1,1,1,1,1,1,1,1,1,1,1,1,1,1,1,1,1
0.0717045325781549,2.61893631375745,-3.40042691243379,2.46963069102908,1.51999744368532,0.204474767487601,0.597313456804003,0.172645593367177,-1.23175063621002,2.54055153034122,-0.864288377950803,1.70525919054234,1.07729484269735,-0.435542076565955,0.0902811338731109,0.037763740899198,1.45167051801517,2.57184930594432,1.99749868899489,-0.275650452434187,1.58973245870443,-2.39793956959356,0.38154072708674,4.03711181293661,-0.41737864406249,1.10425253977435,1.40364046845524,0.20858678148581,-1.67319528465507,-1.30525805569279,1.29620146902649,0.303345145518183,1.9541522764997,0.945414628629285,-0.810276121256861,-1.47000568203881,-0.540638030856575,-3.39809374041264,1.72370444821024,-2.84110487127185,-0.0843613418823423,0.0430173925083892,0.170396126899118,0.297774861289848,0.425153595680579,0.552532330071308,0.679911064462038,0.807289798852768,0.934668533243498,1.06204726763423,1.18942600202496,1.31680473641569,1.44418347080642,1.57156220519715,1.69894093958788,1.82631967397861,1.95369840836934,2.08107714276007,2.2084558771508,2.33583461154153,2.33583461154153,2.33583461154153,2.33583461154153,2.33583461154153,2.33583461154153,2.33583461154153,2.33583461154153,2.33583461154153,2.33583461154153,2.33583461154153,2.33583461154153,2.33583461154153,2.33583461154153,2.33583461154153,2.33583461154153,2.33583461154153,2.33583461154153,2.33583461154153,2.33583461154153,2.33583461154153,-7.31929288991193,-5.73574517820268,-4.32416129111652,-3.07594920775641,-1.98251690722535,-1.03527236862631,-0.225623571062264,0.455021506363801,1.0152548845489,1.46366858439007,1.80885462678431,2.05940503262867,2.22391182282013,2.31096701825574,2.32916263983251,2.28709070844747,2.19334324499763,2.05651227038001,1.88518980549163,1.68796787122952,1.68796787122952,1.68796787122952,1.68796787122952,1.68796787122952,1.68796787122952,1.68796787122952,1.68796787122952,1.68796787122952,1.68796787122952,1.68796787122952,1.68796787122952,1.68796787122952,1.68796787122952,1.68796787122952,1.68796787122952,1.68796787122952,1.68796787122952,1.68796787122952,1.68796787122952,1.68796787122952,-1.50363655475028,-1.22711090706655,-0.950585259382801,-0.674059611699059,-0.397533964015315,-0.121008316331573,0.159801885237878,0.46308241082192,0.79314792871531,1.12927909715532,1.44520587359515,1.72980314566054,1.98085428027994,2.18421950088119,2.31142706815196,2.33810736933809,2.25724584291264,2.07785429964865,1.82278585701675,1.52801448056033,1.52801448056033,1.52801448056033,1.52801448056033,1.52801448056033,1.52801448056033,1.52801448056033,1.52801448056033,1.52801448056033,1.52801448056033,1.52801448056033,1.52801448056033,1.52801448056033,1.52801448056033,1.52801448056033,1.52801448056033,1.52801448056033,1.52801448056033,1.52801448056033,1.52801448056033,1.52801448056033,1,1,1,1,1,1,1,1,1,1,1,1,1,1,1,1,1,1,1,1,1,1,1,1,1,1,1,1,1,1,1,1,1,1,1,1,1,1,1,1
0.304288609096504,-2.27105630170135,-1.2791753716665,-2.7698381301517,3.34874474766881,-1.52226316377017,-0.611652579890707,0.316946682310052,2.51814866817622,-0.229940728167774,0.596819562215611,0.0981514926575375,-1.30324117225587,0.7123947109526,-0.472101213725107,0.402049209948565,-4.57076003559532,1.0461460094156,0.473639938738749,-2.39929363452198,-1.87221815118564,-2.4193213947113,-2.03398267340475,-0.379838286166711,-0.0895932364259515,-0.96305138119985,0.404901659412245,0.240178975528284,1.43555087477696,-1.06314363428217,-1.10292112992273,1.91295071616112,1.76646920746441,-1.16430179529029,1.56019811661502,-1.01295029293893,-0.247474799449368,-0.439909562186532,-0.0792297583102073,-0.0457345344860567,3.42375561315621,3.0079307796012,2.59210594604619,2.17628111249117,1.76045627893616,1.34463144538115,0.928806611826136,0.512981778271126,0.0971569447161134,-0.318667888838899,-0.734492722393911,-1.15031755594892,-1.56614238950393,-1.98196722305895,-2.39779205661396,-2.81361689016897,-3.22944172372398,-3.64526655727899,-4.06109139083401,-4.47691622438902,-4.47691622438902,-4.47691622438902,-4.47691622438902,-4.47691622438902,-4.47691622438902,-4.47691622438902,-4.47691622438902,-4.47691622438902,-4.47691622438902,-4.47691622438902,-4.47691622438902,-4.47691622438902,-4.47691622438902,-4.47691622438902,-4.47691622438902,-4.47691622438902,-4.47691622438902,-4.47691622438902,-4.47691622438902,-4.47691622438902,-7.39167888096078,-4.76708829261929,-2.70979669853279,-1.16708538742058,-0.086235648001912,0.585471231003913,0.900753960877609,0.912331252899913,0.672921818351519,0.235244368513159,-0.347982385334447,-1.02403973191059,-1.74020895993454,-2.44377135812561,-3.08200821520303,-3.60220081988613,-3.95163046089417,-4.07757842694645,-3.92732600676223,-3.44815448906082,-3.44815448906082,-3.44815448906082,-3.44815448906082,-3.44815448906082,-3.44815448906082,-3.44815448906082,-3.44815448906082,-3.44815448906082,-3.44815448906082,-3.44815448906082,-3.44815448906082,-3.44815448906082,-3.44815448906082,-3.44815448906082,-3.44815448906082,-3.44815448906082,-3.44815448906082,-3.44815448906082,-3.44815448906082,-3.44815448906082,1.59751430241005,1.46946107778291,1.34140785315577,1.21335462852864,1.0853014039015,0.957248179274357,0.82640980043848,0.670387357490705,0.433851600683081,0.0786902004965544,-0.38632119810047,-0.94281760704321,-1.574410307325,-2.23134775320897,-2.84134494485635,-3.36673925263555,-3.81843440161099,-4.22344124029327,-4.60434191984521,-4.97674575118859,-4.97674575118859,-4.97674575118859,-4.97674575118859,-4.97674575118859,-4.97674575118859,-4.97674575118859,-4.97674575118859,-4.97674575118859,-4.97674575118859,-4.97674575118859,-4.97674575118859,-4.97674575118859,-4.97674575118859,-4.97674575118859,-4.97674575118859,-4.97674575118859,-4.97674575118859,-4.97674575118859,-4.97674575118859,-4.97674575118859,1,1,1,1,1,1,1,1,1,1,1,1,1,1,0,0,0,1,1,1,1,1,1,1,1,1,1,1,1,1,1,1,1,1,1,1,1,1,1,1
-2.03236534091654,-0.51413241615102,0.879176414223537,-1.62432502625657,0.619933994518242,0.749214188295389,2.93199160488434,-1.91548300321614,-1.40564391435946,-0.99435512202604,-0.853011628212796,0.018633035432325,0.0886334906077657,-2.20373976003372,-0.944552408594168,-0.738600528860051,-1.07456579813742,1.30120689820765,-2.04649336868253,-2.22069401590016,2.33883406316123,-1.1951901888223,0.050118971474328,-0.686912518911589,-0.480873822339316,-1.51569509824672,-1.25077668117703,1.40770285356109,-1.60488802183791,1.29940614647527,0.453412505487183,-1.20954603776081,3.51250086282066,2.60942218187575,0.199697384253609,3.45810265160609,0.79241765707164,-0.891667594812242,0.247153324614555,0.2828760569667,2.62019326127109,2.27737310266415,1.93455294405721,1.59173278545027,1.24891262684333,0.906092468236396,0.563272309629458,0.220452151022521,-0.122368007584418,-0.465188166191355,-0.808008324798294,-1.15082848340523,-1.49364864201217,-1.83646880061911,-2.17928895922605,-2.52210911783298,-2.86492927643992,-3.20774943504686,-3.5505695936538,-3.89338975226074,-3.89338975226074,-3.89338975226074,-3.89338975226074,-3.89338975226074,-3.89338975226074,-3.89338975226074,-3.89338975226074,-3.89338975226074,-3.89338975226074,-3.89338975226074,-3.89338975226074,-3.89338975226074,-3.89338975226074,-3.89338975226074,-3.89338975226074,-3.89338975226074,-3.89338975226074,-3.89338975226074,-3.89338975226074,-3.89338975226074,5.51689116658061,5.4649541769684,5.13581405369876,4.57469215142284,3.82680982479177,2.93738842845668,1.9516493170687,0.914813845278976,-0.127896632261365,-1.13126076090117,-2.05005718598933,-2.83906455287468,-3.45306150690611,-3.84682669343248,-3.97513875780268,-3.79277634536549,-3.25451810146988,-2.31514267146466,-0.929428700698665,0.947845165479137,0.947845165479137,0.947845165479137,0.947845165479137,0.947845165479137,0.947845165479137,0.947845165479137,0.947845165479137,0.947845165479137,0.947845165479137,0.947845165479137,0.947845165479137,0.947845165479137,0.947845165479137,0.947845165479137,0.947845165479137,0.947845165479137,0.947845165479137,0.947845165479137,0.947845165479137,0.947845165479137,9.35854339675224,8.06810071481187,6.77765803287151,5.48721535093114,4.19677266899077,2.9063299870504,1.61954792791751,0.368105983480014,-0.755147720721892,-1.64138843962022,-2.24699806569128,-2.60630952244458,-2.77341540090073,-2.7858263225843,-2.68120045072702,-2.50535588715041,-2.28926552460101,-2.04333001321629,-1.77758405143458,-1.50564456385173,-1.50564456385173,-1.50564456385173,-1.50564456385173,-1.50564456385173,-1.50564456385173,-1.50564456385173,-1.50564456385173,-1.50564456385173,-1.50564456385173,-1.50564456385173,-1.50564456385173,-1.50564456385173,-1.50564456385173,-1.50564456385173,-1.50564456385173,-1.50564456385173,-1.50564456385173,-1.50564456385173,-1.50564456385173,-1.50564456385173,1,1,1,1,1,1,1,1,1,1,1,1,1,1,1,1,1,1,1,1,1,1,1,1,1,1,1,1,1,1,1,1,1,1,1,1,1,1,1,1
0.277003894548221,0.838011001457189,1.06031005730313,0.0357460367031193,-1.31454943397663,1.85938440076624,-1.0061610471452,-0.936216717392483,0.377025207449178,0.543481838068907,1.53205721787598,-0.691861407230384,-2.06177780954124,1.41486862719343,1.26693121594739,0.323023549129049,0.955579845801912,-1.44499077407529,0.111248078144916,-2.51200353434312,0.620317595661755,0.302910215057045,0.988911609993266,1.8500540294452,1.10040571403695,0.193819790150116,2.06943489887023,2.52913458999168,-2.49337216698538,-1.08130170147524,1.28565081216741,1.6113660198977,0.504203960797028,2.44840453772591,0.492603398633083,-0.340100220715872,-1.34007935799324,-1.28459617671343,-0.288207546638505,0.129246180443648,-0.682886100231941,-0.524024651700622,-0.365163203169304,-0.206301754637985,-0.0474403061066662,0.111421142424652,0.27028259095597,0.429144039487291,0.588005488018609,0.746866936549926,0.905728385081247,1.06458983361257,1.22345128214388,1.3823127306752,1.54117417920652,1.70003562773784,1.85889707626916,2.01775852480048,2.1766199733318,2.33548142186311,2.33548142186311,2.33548142186311,2.33548142186311,2.33548142186311,2.33548142186311,2.33548142186311,2.33548142186311,2.33548142186311,2.33548142186311,2.33548142186311,2.33548142186311,2.33548142186311,2.33548142186311,2.33548142186311,2.33548142186311,2.33548142186311,2.33548142186311,2.33548142186311,2.33548142186311,2.33548142186311,11.6186635980919,8.10929655568238,5.31952273664609,3.17971287642734,1.62023771047042,0.571467974219623,-0.0362255968807528,-0.272472267386414,-0.206901301853065,0.0908580351635919,0.551176479107854,1.10442476542401,1.68097362955636,2.21119380694916,2.62545603304677,2.85413104329341,2.82758957313346,2.47620235801118,1.73034013337083,0.520373634656689,0.520373634656689,0.520373634656689,0.520373634656689,0.520373634656689,0.520373634656689,0.520373634656689,0.520373634656689,0.520373634656689,0.520373634656689,0.520373634656689,0.520373634656689,0.520373634656689,0.520373634656689,0.520373634656689,0.520373634656689,0.520373634656689,0.520373634656689,0.520373634656689,0.520373634656689,0.520373634656689,-1.48233645128281,-1.26235239501688,-1.04236833875094,-0.822384282485004,-0.602400226219066,-0.382416169953133,-0.154168241511512,0.118230715186071,0.449633625497416,0.817452734902222,1.18588336844025,1.52169857681248,1.79023807997539,1.9635618510567,2.04054789757304,2.03991831418824,1.97292868253115,1.84345864748482,1.66903574785198,1.47675759339619,1.47675759339619,1.47675759339619,1.47675759339619,1.47675759339619,1.47675759339619,1.47675759339619,1.47675759339619,1.47675759339619,1.47675759339619,1.47675759339619,1.47675759339619,1.47675759339619,1.47675759339619,1.47675759339619,1.47675759339619,1.47675759339619,1.47675759339619,1.47675759339619,1.47675759339619,1.47675759339619,1,1,1,1,1,1,1,1,1,1,1,1,1,1,1,1,1,1,1,1,1,1,1,1,1,1,1,1,1,1,1,1,1,1,1,1,1,1,1,1
-3.21788729109695,2.30362180011556,1.45079838045506,-1.64437172617985,-2.71640503169019,0.535222133805844,2.17123413035376,-1.31643864468041,1.31618084087177,-1.22358635451202,2.25276818279895,0.220740429470862,2.54834247300066,0.275338789514393,-0.957456624061983,-1.72322143976564,0.512311797378533,3.3529007624495,-1.01053258187836,-0.467340791274612,1.24833394666339,1.39679456388813,2.11125871696796,1.20584758786866,3.64476325391702,0.209101522165684,2.2665312435614,0.848878891095206,2.20371408653377,-2.69509806961218,-2.78261557451326,-0.225097932618429,1.08711730937446,0.190710375573941,0.619227953989451,0.927757848886131,1.94114442304775,-2.04760823824705,-1.48077660352595,-1.06086152026555,0.340286582651468,0.345285862388947,0.350285142126427,0.355284421863904,0.360283701601384,0.365282981338861,0.370282261076341,0.375281540813818,0.380280820551297,0.385280100288776,0.390279380026254,0.395278659763735,0.400277939501214,0.405277219238693,0.41027649897617,0.415275778713648,0.420275058451125,0.425274338188604,0.430273617926085,0.435272897663561,0.435272897663561,0.435272897663561,0.435272897663561,0.435272897663561,0.435272897663561,0.435272897663561,0.435272897663561,0.435272897663561,0.435272897663561,0.435272897663561,0.435272897663561,0.435272897663561,0.435272897663561,0.435272897663561,0.435272897663561,0.435272897663561,0.435272897663561,0.435272897663561,0.435272897663561,0.435272897663561,3.05624953463882,1.6827612441628,0.675318993870841,-0.00863930807562241,-0.411675753515169,-0.576352434286368,-0.5452314422278,-0.360874869178033,-0.0658448069756492,0.297296652540787,0.685987417532681,1.05766539616148,1.36976849658861,1.57973462697548,1.64500169548352,1.52300761027417,1.17119027950882,0.546987611348959,-0.392162486044102,-1.68882210450881,-1.68882210450881,-1.68882210450881,-1.68882210450881,-1.68882210450881,-1.68882210450881,-1.68882210450881,-1.68882210450881,-1.68882210450881,-1.68882210450881,-1.68882210450881,-1.68882210450881,-1.68882210450881,-1.68882210450881,-1.68882210450881,-1.68882210450881,-1.68882210450881,-1.68882210450881,-1.68882210450881,-1.68882210450881,-1.68882210450881,-3.26839210091922,-2.8082122301853,-2.34803235945137,-1.88785248871745,-1.42767261798352,-0.967492747249596,-0.521686966581412,-0.144846259533757,0.174682292208828,0.501823253626556,0.859720424089915,1.20746936152879,1.49202931174619,1.68005438894442,1.73238550774449,1.56707977633955,1.08314011072346,0.249115433569202,-0.847323258709974,-2.06173295822688,-2.06173295822688,-2.06173295822688,-2.06173295822688,-2.06173295822688,-2.06173295822688,-2.06173295822688,-2.06173295822688,-2.06173295822688,-2.06173295822688,-2.06173295822688,-2.06173295822688,-2.06173295822688,-2.06173295822688,-2.06173295822688,-2.06173295822688,-2.06173295822688,-2.06173295822688,-2.06173295822688,-2.06173295822688,-2.06173295822688,1,1,1,1,1,1,1,1,1,1,1,1,1,1,1,1,1,1,1,1,1,1,1,1,1,1,1,1,1,1,1,1,1,1,1,1,1,1,1,1
0.207700920201054,-1.94198759837756,0.371098225087084,1.02686199000852,-0.764686861986717,0.516082123987212,-0.0901725194962912,1.43735592757415,-0.973148532235994,0.392294811145828,-1.06435430289955,2.57843360461091,-0.0689791871771099,-1.70361352038523,-2.20671447952005,-0.843864599485316,-0.620705621279367,-3.78013320726299,0.733613860333099,-1.09915122299666,0.162508633625889,-1.21556082432484,1.71868181293028,-0.841034591102403,-0.0798320524394533,-1.05808812795204,-2.45281249512252,-0.608414519108269,-0.15784359628717,0.969168863570923,0.509319922737403,-0.572726105185209,0.724863347973077,-0.798019460749337,-0.426001551135871,1.35203634074539,1.30289975012632,-2.303804158877,-0.458254845424953,1.46175869203631,4.82612154556878,4.40848434809069,3.99084715061258,3.57320995313448,3.15557275565638,2.73793555817828,2.32029836070018,1.90266116322208,1.48502396574398,1.06738676826588,0.649749570787783,0.232112373309683,-0.185524824168418,-0.603162021646515,-1.02079921912461,-1.43843641660271,-1.85607361408081,-2.27371081155891,-2.69134800903702,-3.10898520651511,-3.10898520651511,-3.10898520651511,-3.10898520651511,-3.10898520651511,-3.10898520651511,-3.10898520651511,-3.10898520651511,-3.10898520651511,-3.10898520651511,-3.10898520651511,-3.10898520651511,-3.10898520651511,-3.10898520651511,-3.10898520651511,-3.10898520651511,-3.10898520651511,-3.10898520651511,-3.10898520651511,-3.10898520651511,-3.10898520651511,16.6118957070743,13.0052310089602,9.96620465611479,7.44439974529311,5.38939937325029,3.75078663674146,2.47814463252173,1.52105645734622,0.82910520797005,0.351873981148328,0.038945873636191,-0.160096017811256,-0.295668596438889,-0.418188765491612,-0.578073428214267,-0.825739487851758,-1.21160384764897,-1.78608341085077,-2.59959508070206,-3.70255576044772,-3.70255576044772,-3.70255576044772,-3.70255576044772,-3.70255576044772,-3.70255576044772,-3.70255576044772,-3.70255576044772,-3.70255576044772,-3.70255576044772,-3.70255576044772,-3.70255576044772,-3.70255576044772,-3.70255576044772,-3.70255576044772,-3.70255576044772,-3.70255576044772,-3.70255576044772,-3.70255576044772,-3.70255576044772,-3.70255576044772,6.82843771068576,6.14136675873799,5.45429580679022,4.76722485484245,4.08015390289468,3.39308295094691,2.70298162449373,2.0015016018442,1.31338541747193,0.702891765193964,0.215091248603875,-0.183573265399401,-0.572921911432939,-0.986475830268239,-1.38101878080215,-1.69335176876162,-1.89519108131135,-1.99589473687765,-2.02450614421385,-2.0179956508238,-2.0179956508238,-2.0179956508238,-2.0179956508238,-2.0179956508238,-2.0179956508238,-2.0179956508238,-2.0179956508238,-2.0179956508238,-2.0179956508238,-2.0179956508238,-2.0179956508238,-2.0179956508238,-2.0179956508238,-2.0179956508238,-2.0179956508238,-2.0179956508238,-2.0179956508238,-2.0179956508238,-2.0179956508238,-2.0179956508238,1,1,1,1,1,1,1,1,1,1,1,1,1,1,1,1,1,1,1,1,1,1,1,1,1,1,1,1,1,1,1,1,1,1,1,1,1,1,1,1
-1.75703402874312,-0.117002467677074,2.7561241076955,-2.05945215728194,1.52623825649702,0.0461524654309518,-1.97659314396091,0.885398950909716,0.281878153937704,2.42826346525322,-1.38556017532322,-1.12951841317679,-0.815721445607068,-0.54331770209291,-0.552459174983444,-2.11344085778622,0.988129504186494,-1.21120814297274,-0.196292824767168,-1.69157931360019,-3.01891840800915,0.618747269861023,0.723831697843824,0.563866112311999,-1.87365727636628,-5.30555955923009,1.05514372502097,-0.0818127207437573,-0.710703943884459,-2.42146322998753,-0.784145965953954,-1.02453304701373,-0.957030419325015,2.82698360967707,1.86610448738505,-1.78111999265415,0.547682104671793,-0.830408284708868,-1.14126478813706,1.13363313383535,1.08925568207819,0.956305062994502,0.823354443910811,0.69040382482712,0.55745320574343,0.424502586659739,0.291551967576047,0.158601348492356,0.0256507294086639,-0.107299889675025,-0.240250508758715,-0.373201127842405,-0.506151746926097,-0.639102366009791,-0.772052985093479,-0.905003604177171,-1.03795422326086,-1.17090484234455,-1.30385546142824,-1.43680608051193,-1.43680608051193,-1.43680608051193,-1.43680608051193,-1.43680608051193,-1.43680608051193,-1.43680608051193,-1.43680608051193,-1.43680608051193,-1.43680608051193,-1.43680608051193,-1.43680608051193,-1.43680608051193,-1.43680608051193,-1.43680608051193,-1.43680608051193,-1.43680608051193,-1.43680608051193,-1.43680608051193,-1.43680608051193,-1.43680608051193,4.16311900765845,3.79764362216736,3.35400098068296,2.84954790529899,2.30164121810919,1.7276377412073,1.14489429668704,0.570767706642167,0.0226147931664009,-0.482207621646516,-0.926342715702837,-1.29243366690884,-1.56312365317078,-1.72105585239494,-1.74887344248756,-1.6292196013549,-1.34473750690324,-0.878070337038835,-0.211861269667969,0.67124651730313,0.67124651730313,0.67124651730313,0.67124651730313,0.67124651730313,0.67124651730313,0.67124651730313,0.67124651730313,0.67124651730313,0.67124651730313,0.67124651730313,0.67124651730313,0.67124651730313,0.67124651730313,0.67124651730313,0.67124651730313,0.67124651730313,0.67124651730313,0.67124651730313,0.67124651730313,0.67124651730313,1.26134180598771,1.10702222856047,0.952702651133223,0.798383073705981,0.644063496278735,0.489743918851488,0.335504916330593,0.181762812940955,0.0290278415731411,-0.122367556083903,-0.272114245472476,-0.41910014052808,-0.560805542444495,-0.69437008601891,-0.818682579893908,-0.934941564788547,-1.04518028523499,-1.15105204168144,-1.25401647644073,-1.35562512689424,-1.35562512689424,-1.35562512689424,-1.35562512689424,-1.35562512689424,-1.35562512689424,-1.35562512689424,-1.35562512689424,-1.35562512689424,-1.35562512689424,-1.35562512689424,-1.35562512689424,-1.35562512689424,-1.35562512689424,-1.35562512689424,-1.35562512689424,-1.35562512689424,-1.35562512689424,-1.35562512689424,-1.35562512689424,-1.35562512689424,1,1,1,1,1,1,1,1,1,1,1,1,1,1,1,1,1,1,1,1,1,1,1,1,1,1,1,1,1,1,1,1,1,1,1,1,1,1,1,1
-0.938163230001853,-0.220183948427281,1.00601284722632,1.56777221430608,-1.11552488365809,0.666851405718827,0.0722579619136248,-1.38685717302205,1.25467399099612,1.87416053195597,2.15070118307367,0.0834401676566348,-0.229223131194951,-0.140545537251814,-0.330162735562388,-0.889952233614958,-0.704569352636511,-0.785686951091732,0.595412964474518,-0.652212073232485,0.0979731348164012,1.20369707409363,0.479979513064272,-1.19149302904633,1.27537142004648,-0.333627592949227,1.43163193410789,2.20147211575077,0.343580274539354,0.719908809373214,-1.10514914478268,0.272321914372224,-0.791638421402034,0.456691612821361,0.905839271353377,0.770645730125127,1.99666065954925,0.0279762680818827,1.90605376391805,-0.139672920767753,5.31477102707606,4.83282706552461,4.35088310397315,3.8689391424217,3.38699518087025,2.9050512193188,2.42310725776735,1.94116329621589,1.45921933466444,0.97727537311299,0.495331411561539,0.0133874500100877,-0.468556511541365,-0.950500473092818,-1.43244443464427,-1.91438839619572,-2.39633235774717,-2.87827631929862,-3.36022028085008,-3.84216424240153,-3.84216424240153,-3.84216424240153,-3.84216424240153,-3.84216424240153,-3.84216424240153,-3.84216424240153,-3.84216424240153,-3.84216424240153,-3.84216424240153,-3.84216424240153,-3.84216424240153,-3.84216424240153,-3.84216424240153,-3.84216424240153,-3.84216424240153,-3.84216424240153,-3.84216424240153,-3.84216424240153,-3.84216424240153,-3.84216424240153,9.42678572678822,8.28155106709696,7.16469301573864,6.08149480266719,5.03723965783649,4.03721081120044,3.08669149271298,2.19096493232798,1.35531435999935,0.585023005681013,-0.114625900673147,-0.738349129109219,-1.2808634496733,-1.73688563241146,-2.10113244736985,-2.36832066459452,-2.53316705413157,-2.59038838602713,-2.53470143032724,-2.36082295707802,-2.36082295707802,-2.36082295707802,-2.36082295707802,-2.36082295707802,-2.36082295707802,-2.36082295707802,-2.36082295707802,-2.36082295707802,-2.36082295707802,-2.36082295707802,-2.36082295707802,-2.36082295707802,-2.36082295707802,-2.36082295707802,-2.36082295707802,-2.36082295707802,-2.36082295707802,-2.36082295707802,-2.36082295707802,-2.36082295707802,5.91545276282869,5.35547525056278,4.79549773829686,4.23552022603094,3.67554271376502,3.1155652014991,2.55571230068132,1.99700765043418,1.44282525217878,0.899581852277745,0.374227941131862,-0.129579894296713,-0.611988483559792,-1.07533023793171,-1.52373751575125,-1.96204516868703,-2.39319604598742,-2.81838811782678,-3.23961926824032,-3.65948030406951,-3.65948030406951,-3.65948030406951,-3.65948030406951,-3.65948030406951,-3.65948030406951,-3.65948030406951,-3.65948030406951,-3.65948030406951,-3.65948030406951,-3.65948030406951,-3.65948030406951,-3.65948030406951,-3.65948030406951,-3.65948030406951,-3.65948030406951,-3.65948030406951,-3.65948030406951,-3.65948030406951,-3.65948030406951,-3.65948030406951,1,1,1,1,1,1,1,1,1,1,1,1,1,1,1,1,1,1,1,1,1,1,1,1,1,1,1,1,1,1,1,1,1,1,1,1,1,1,1,1
0.728686478413534,-3.56389638937983,-0.546081953814189,-0.338888814351242,-1.03223088104854,0.133031808313059,0.190724934047756,0.894874014931341,0.8739622799266,0.912002751040092,0.89341412786062,2.17546783743993,0.353469463327508,-0.39913887257732,-0.0324535998052475,-0.445983297828821,-0.24424694412517,1.72027545496553,0.60646379765701,2.08234727698005,0.199999364564103,-1.10791684461657,-1.44479376324469,-0.475092861621945,-1.08823432772094,-0.109545891932482,0.355030060339606,-1.81571767633432,-0.302118521012069,0.793012917047838,1.50702511883477,-0.332717933292169,-0.912150691593453,1.15795399357435,-0.625298948172803,-1.370356958003,-0.920460087261889,-0.234323830129751,-5.23512217758298,0.993172122584095,0.899152536640885,0.842440358606181,0.785728180571476,0.729016002536773,0.67230382450207,0.615591646467365,0.558879468432661,0.502167290397958,0.445455112363254,0.388742934328549,0.332030756293848,0.275318578259144,0.21860640022444,0.161894222189735,0.105182044155033,0.04846986612033,-0.00824231191437796,-0.0649544899490806,-0.121666667983781,-0.178378846018484,-0.178378846018484,-0.178378846018484,-0.178378846018484,-0.178378846018484,-0.178378846018484,-0.178378846018484,-0.178378846018484,-0.178378846018484,-0.178378846018484,-0.178378846018484,-0.178378846018484,-0.178378846018484,-0.178378846018484,-0.178378846018484,-0.178378846018484,-0.178378846018484,-0.178378846018484,-0.178378846018484,-0.178378846018484,-0.178378846018484,-12.4006175128686,-8.74671728802407,-5.78591965843917,-3.45315701178701,-1.68336173574068,-0.411466217973298,0.427597153842031,0.898895992032211,1.06749790892413,0.99847051684468,0.756881428120748,0.407798255079237,0.0162886100470505,-0.352579894648933,-0.633739646681816,-0.762123033724706,-0.672662443450696,-0.30029026353291,0.420061118355562,1.55345931454159,1.55345931454159,1.55345931454159,1.55345931454159,1.55345931454159,1.55345931454159,1.55345931454159,1.55345931454159,1.55345931454159,1.55345931454159,1.55345931454159,1.55345931454159,1.55345931454159,1.55345931454159,1.55345931454159,1.55345931454159,1.55345931454159,1.55345931454159,1.55345931454159,1.55345931454159,1.55345931454159,-1.12774889938432,-0.966903758872325,-0.806058618360348,-0.645213477848364,-0.48436833733638,-0.323523196824397,-0.150049001480326,0.0881071794895174,0.395764232483824,0.701606268861173,0.916214594886208,0.995641110838532,0.9480278334948,0.801889547408294,0.583670448938603,0.313235669253819,0.00648150891062826,-0.317152049143347,-0.635016508534509,-0.938978087386431,-0.938978087386431,-0.938978087386431,-0.938978087386431,-0.938978087386431,-0.938978087386431,-0.938978087386431,-0.938978087386431,-0.938978087386431,-0.938978087386431,-0.938978087386431,-0.938978087386431,-0.938978087386431,-0.938978087386431,-0.938978087386431,-0.938978087386431,-0.938978087386431,-0.938978087386431,-0.938978087386431,-0.938978087386431,-0.938978087386431,1,1,1,1,1,1,1,1,1,1,1,1,1,1,1,1,1,1,1,1,1,1,1,1,1,1,1,1,1,1,1,1,1,1,1,1,1,1,1,1
0.599010636069487,-0.747595369088212,-0.947134890917857,1.92412864044219,0.694195546643014,-0.956252970521984,0.905518632339211,0.244420384350731,-1.23102052443103,-1.51486830022512,-0.328162344271004,0.125372045387103,1.63285418835989,1.09727916799732,4.09928610763623,3.29287683933679,1.78053246049132,0.823110009690529,3.48335410963682,-0.204725590488961,0.0646797169831022,-0.338025760916832,1.18588221437129,-0.310305788674032,-1.27834327642004,1.39956561586029,-1.8824504601788,-1.47778464507981,-1.33156349775782,0.32331311453647,2.9951860347138,0.59382541877652,-2.88948777102681,1.7744979623392,1.82817383590438,2.91662844416448,-0.428578355841523,0.0726309439542341,0.223224651981404,-1.2895806760516,-4.08520650009848,-3.63313968669176,-3.18107287328504,-2.72900605987832,-2.2769392464716,-1.82487243306488,-1.37280561965816,-0.920738806251444,-0.468671992844726,-0.0166051794380042,0.435461633968714,0.887528447375436,1.33959526078215,1.79166207418887,2.24372888759559,2.69579570100231,3.14786251440903,3.59992932781575,4.05199614122247,4.50406295462918,4.50406295462918,4.50406295462918,4.50406295462918,4.50406295462918,4.50406295462918,4.50406295462918,4.50406295462918,4.50406295462918,4.50406295462918,4.50406295462918,4.50406295462918,4.50406295462918,4.50406295462918,4.50406295462918,4.50406295462918,4.50406295462918,4.50406295462918,4.50406295462918,4.50406295462918,4.50406295462918,6.21660073431736,3.55880489477744,1.52440048107983,0.0516337214155183,-0.921249156024483,-1.45600192304918,-1.61437835146756,-1.45813221308864,-1.0490172797214,-0.448787323174857,0.280803884742006,1.07800257222018,1.88105496745066,2.62820729862446,3.2577057939326,3.70779668156604,3.91672618971579,3.82274054657288,3.36408598032828,2.479008719173,2.479008719173,2.479008719173,2.479008719173,2.479008719173,2.479008719173,2.479008719173,2.479008719173,2.479008719173,2.479008719173,2.479008719173,2.479008719173,2.479008719173,2.479008719173,2.479008719173,2.479008719173,2.479008719173,2.479008719173,2.479008719173,2.479008719173,2.479008719173,-4.20776205375766,-3.75401237339147,-3.30026269302529,-2.84651301265912,-2.39276333229294,-1.93901365192677,-1.48227684687337,-1.0087777938892,-0.509700712006078,0.00772649398496661,0.527646550418631,1.03892055965562,1.53472971285732,2.00405489033382,2.43416609341788,2.82019785407394,3.16550873757912,3.47590461813199,3.75955423790083,4.02914219921482,4.02914219921482,4.02914219921482,4.02914219921482,4.02914219921482,4.02914219921482,4.02914219921482,4.02914219921482,4.02914219921482,4.02914219921482,4.02914219921482,4.02914219921482,4.02914219921482,4.02914219921482,4.02914219921482,4.02914219921482,4.02914219921482,4.02914219921482,4.02914219921482,4.02914219921482,4.02914219921482,1,1,1,1,1,1,1,1,1,1,1,1,1,1,0,0,0,0,1,1,1,1,1,1,1,1,1,1,1,1,1,1,1,1,1,1,1,1,1,1
1.56841810225864,-0.536749811600112,-0.660597968878481,-0.9277271948892,1.36311646213098,1.725148518194,-1.4247021328988,-1.55364076508106,0.924582578077331,-0.272679665361114,0.299563393905096,1.27853229030269,2.15900252137004,0.572993258326949,0.185900274481062,0.204740646155885,-0.182335116448765,-0.125825663109575,0.190865430783704,-0.00103596569559095,0.0780189883743727,0.729852676918412,0.64741413914126,1.04198738555044,0.224254126921553,-1.19481483513971,0.558862289984006,3.27289011509728,1.1172111939706,0.620907896813732,0.447332575557544,-0.615258397440678,0.609760817673545,-1.97062648176044,0.860970201555077,1.07447160713533,0.395326731857494,-0.390053025452062,-1.80166688985828,0.117911994409962,-2.25508482507527,-2.14358461333373,-2.03208440159218,-1.92058418985064,-1.80908397810909,-1.69758376636755,-1.586083554626,-1.47458334288446,-1.36308313114291,-1.25158291940137,-1.14008270765982,-1.02858249591827,-0.917082284176731,-0.805582072435183,-0.69408186069364,-0.582581648952095,-0.471081437210547,-0.359581225469004,-0.248081013727457,-0.136580801985911,-0.136580801985911,-0.136580801985911,-0.136580801985911,-0.136580801985911,-0.136580801985911,-0.136580801985911,-0.136580801985911,-0.136580801985911,-0.136580801985911,-0.136580801985911,-0.136580801985911,-0.136580801985911,-0.136580801985911,-0.136580801985911,-0.136580801985911,-0.136580801985911,-0.136580801985911,-0.136580801985911,-0.136580801985911,-0.136580801985911,-31.1877361233293,-23.9632878789691,-17.8712193487642,-12.822002804165,-8.72611051662209,-5.4940147575858,-3.03618779850664,-1.26310191083506,-0.0852293660215153,0.58695756448353,0.842986609229607,0.772385496766306,0.464681955643119,0.00940371440958465,-0.503921498384733,-0.985765954190251,-1.34660192445754,-1.49690168063699,-1.34713749417901,-0.807781636534152,-0.807781636534152,-0.807781636534152,-0.807781636534152,-0.807781636534152,-0.807781636534152,-0.807781636534152,-0.807781636534152,-0.807781636534152,-0.807781636534152,-0.807781636534152,-0.807781636534152,-0.807781636534152,-0.807781636534152,-0.807781636534152,-0.807781636534152,-0.807781636534152,-0.807781636534152,-0.807781636534152,-0.807781636534152,-0.807781636534152,-5.95051163957276,-5.33692850849672,-4.72334537742068,-4.10976224634465,-3.49617911526861,-2.88259598419258,-2.27007818081989,-1.67222630241284,-1.13648483441012,-0.710231004852087,-0.411687950211626,-0.251227716034416,-0.235974502850619,-0.331540676933775,-0.461266972157325,-0.566488238454371,-0.640426133565082,-0.695967661230419,-0.73407872131161,-0.756182608096504,-0.756182608096504,-0.756182608096504,-0.756182608096504,-0.756182608096504,-0.756182608096504,-0.756182608096504,-0.756182608096504,-0.756182608096504,-0.756182608096504,-0.756182608096504,-0.756182608096504,-0.756182608096504,-0.756182608096504,-0.756182608096504,-0.756182608096504,-0.756182608096504,-0.756182608096504,-0.756182608096504,-0.756182608096504,-0.756182608096504,1,1,1,1,1,1,1,1,1,1,1,1,1,1,1,1,1,1,1,1,1,1,1,1,1,1,1,1,1,1,1,1,1,1,1,1,1,1,1,1
-0.785030921626617,-1.83698027523891,-1.57649651628235,1.48516345275081,0.559078116729523,-0.043841849373857,1.37144357112886,-0.921789664095861,2.08530988774087,0.197703605052393,-0.438581337918512,-2.86295008596215,2.93073721244438,-1.78538292436169,2.87715208956363,-0.236631967790041,0.383076506892124,0.880967045604191,-0.544524441988159,0.0207119744152138,0.463889779605461,1.1627764217101,-1.3617396771319,-2.4409795151534,-1.12154966617469,-0.933557186936158,0.886337339261242,-0.961416842493342,-2.13720623896856,-1.36349658638067,-1.43090961187568,0.605008438416817,0.751516832174126,-2.14483952565035,0.666036942481329,-0.627413934645951,0.380122113855526,-1.84508877688337,-0.173594221787477,0.164152761966609,0.992809322559908,1.04508882912381,1.09736833568771,1.14964784225161,1.20192734881551,1.25420685537942,1.30648636194332,1.35876586850722,1.41104537507112,1.46332488163502,1.51560438819892,1.56788389476282,1.62016340132672,1.67244290789063,1.72472241445453,1.77700192101843,1.82928142758233,1.88156093414623,1.93384044071013,1.98611994727403,1.98611994727403,1.98611994727403,1.98611994727403,1.98611994727403,1.98611994727403,1.98611994727403,1.98611994727403,1.98611994727403,1.98611994727403,1.98611994727403,1.98611994727403,1.98611994727403,1.98611994727403,1.98611994727403,1.98611994727403,1.98611994727403,1.98611994727403,1.98611994727403,1.98611994727403,1.98611994727403,13.2532952816262,9.76778907961469,6.95265430899539,4.7451404008539,3.08249678627584,1.90197289634684,1.1408181621525,0.736282014778466,0.625613885310347,0.746063204833765,1.03487940443434,1.4293119151977,1.86661016820947,2.28402359455525,2.61880162532068,2.80819369159136,2.78944922445296,2.49981765499104,1.87654841429127,0.856890933439242,0.856890933439242,0.856890933439242,0.856890933439242,0.856890933439242,0.856890933439242,0.856890933439242,0.856890933439242,0.856890933439242,0.856890933439242,0.856890933439242,0.856890933439242,0.856890933439242,0.856890933439242,0.856890933439242,0.856890933439242,0.856890933439242,0.856890933439242,0.856890933439242,0.856890933439242,0.856890933439242,-1.10374044473341,-0.792625458882355,-0.481510473031295,-0.170395487180238,0.140719498670815,0.451834484521873,0.764206462949631,1.07776890609312,1.36793658947649,1.60960429634944,1.81008754080377,1.99352633804057,2.1616197311634,2.27936711146515,2.29863558841293,2.20289570892647,2.02705624273097,1.82075512357315,1.604913978158,1.38112714530545,1.38112714530545,1.38112714530545,1.38112714530545,1.38112714530545,1.38112714530545,1.38112714530545,1.38112714530545,1.38112714530545,1.38112714530545,1.38112714530545,1.38112714530545,1.38112714530545,1.38112714530545,1.38112714530545,1.38112714530545,1.38112714530545,1.38112714530545,1.38112714530545,1.38112714530545,1.38112714530545,1,1,1,1,1,1,1,1,1,1,1,1,1,1,1,1,1,1,1,1,1,1,1,1,1,1,1,1,1,1,1,1,1,1,1,1,1,1,1,1
-0.361959839894722,-0.493156395247477,1.40931996389322,-0.790513750517778,-0.57916300851496,0.379923856324178,1.18315572249036,-1.01945018631885,-1.26724687470646,0.39124611389895,-0.829336522187443,-1.75282841535596,0.87955306920758,0.132222053075614,-1.33918729595936,-0.545531230622506,-0.45184999682068,-1.65396357294752,-1.5976491300992,0.846714660585173,0.76663063254923,-0.0401993511576446,1.16809492157793,-0.317057692737306,0.969472869221045,1.81030120750933,0.227384759377115,0.248892599494338,-0.205206658020073,-2.97575013632554,0.140501520073732,2.28590288370592,-3.29042725264582,2.95455305785178,0.698540745754009,-1.50493010854808,0.713352698691464,1.49333934685419,-2.66699085793959,2.4158599019294,-4.88596966479284,-4.53232722154519,-4.17868477829754,-3.82504233504989,-3.47139989180224,-3.11775744855459,-2.76411500530694,-2.41047256205929,-2.05683011881164,-1.70318767556398,-1.34954523231633,-0.995902789068683,-0.642260345821033,-0.288617902573382,0.0650245406742656,0.418666983921916,0.772309427169571,1.12595187041722,1.47959431366487,1.83323675691252,1.83323675691252,1.83323675691252,1.83323675691252,1.83323675691252,1.83323675691252,1.83323675691252,1.83323675691252,1.83323675691252,1.83323675691252,1.83323675691252,1.83323675691252,1.83323675691252,1.83323675691252,1.83323675691252,1.83323675691252,1.83323675691252,1.83323675691252,1.83323675691252,1.83323675691252,1.83323675691252,-5.54094547962645,-4.6131519143108,-3.86916929649898,-3.28506682149874,-2.83691368461781,-2.50077908116393,-2.25273220644483,-2.06884225576826,-1.92517842444194,-1.79780990777364,-1.66280590107106,-1.49623559964198,-1.27416819879409,-0.972672893835169,-0.567818880072926,-0.0356753528151064,0.647688492630536,1.50620346095632,2.56380035685442,3.84440998501714,3.84440998501714,3.84440998501714,3.84440998501714,3.84440998501714,3.84440998501714,3.84440998501714,3.84440998501714,3.84440998501714,3.84440998501714,3.84440998501714,3.84440998501714,3.84440998501714,3.84440998501714,3.84440998501714,3.84440998501714,3.84440998501714,3.84440998501714,3.84440998501714,3.84440998501714,3.84440998501714,-2.46298850801001,-2.42196638905904,-2.38094427010807,-2.3399221511571,-2.29890003220612,-2.25787791325515,-2.22386752531795,-2.2174999910391,-2.20070520778815,-2.09841644675065,-1.87633133851141,-1.55455138367438,-1.16527313139282,-0.729813841525688,-0.261766540535362,0.238419456964897,0.791918314753994,1.42665982210504,2.14595648287636,2.91586228193999,2.91586228193999,2.91586228193999,2.91586228193999,2.91586228193999,2.91586228193999,2.91586228193999,2.91586228193999,2.91586228193999,2.91586228193999,2.91586228193999,2.91586228193999,2.91586228193999,2.91586228193999,2.91586228193999,2.91586228193999,2.91586228193999,2.91586228193999,2.91586228193999,2.91586228193999,2.91586228193999,1,1,1,1,1,1,1,1,1,0,1,1,1,1,1,1,1,1,1,1,1,1,1,1,1,1,1,1,1,1,1,1,1,1,1,1,1,1,1,1
1.32683255557946,0.422567363733805,-0.26208906437453,-3.42270275732351,0.999247695484351,-1.32013197647506,0.970138265326868,-1.30285447036298,-1.32455790013719,-1.92682379457123,0.0748101865517139,-1.40220529526495,0.70513373087797,-0.300366991279107,-1.4451729851232,0.287880059531606,1.85524187521902,2.93179473995018,-0.502610684878761,-0.692454446213333,-2.21878215233751,-0.115037645607703,-3.17095159489623,2.57962551408217,-1.00756758613201,0.681615717715866,-0.643283274978346,-2.7998025739148,1.73500815332661,1.02519025433041,-0.406631642187804,-1.4895682634164,-1.31034826573148,-1.55380580327815,1.73214475365583,-2.29096533411916,-0.917290701858532,-1.71671204301159,-2.49656815779288,-0.941564698727849,-0.763517835331766,-0.744172762092789,-0.724827688853813,-0.705482615614835,-0.686137542375857,-0.66679246913688,-0.647447395897903,-0.628102322658926,-0.608757249419948,-0.589412176180973,-0.570067102941996,-0.550722029703019,-0.53137695646404,-0.512031883225063,-0.492686809986088,-0.473341736747111,-0.453996663508132,-0.434651590269155,-0.415306517030178,-0.395961443791203,-0.395961443791203,-0.395961443791203,-0.395961443791203,-0.395961443791203,-0.395961443791203,-0.395961443791203,-0.395961443791203,-0.395961443791203,-0.395961443791203,-0.395961443791203,-0.395961443791203,-0.395961443791203,-0.395961443791203,-0.395961443791203,-0.395961443791203,-0.395961443791203,-0.395961443791203,-0.395961443791203,-0.395961443791203,-0.395961443791203,-2.44895578660385,-2.36060177848354,-2.20844302236188,-2.00455570130753,-1.76101599838918,-1.48990009667552,-1.20328417923521,-0.913244429136933,-0.631857029449375,-0.371198163241221,-0.143344013581167,0.0396292364621633,0.165645403820053,0.222628305423784,0.19850175820477,0.0811895790942696,-0.1413844149764,-0.481296407075904,-0.950622580272935,-1.56143911763614,-1.56143911763614,-1.56143911763614,-1.56143911763614,-1.56143911763614,-1.56143911763614,-1.56143911763614,-1.56143911763614,-1.56143911763614,-1.56143911763614,-1.56143911763614,-1.56143911763614,-1.56143911763614,-1.56143911763614,-1.56143911763614,-1.56143911763614,-1.56143911763614,-1.56143911763614,-1.56143911763614,-1.56143911763614,-1.56143911763614,-3.73781957472499,-3.31123930363927,-2.88465903255355,-2.45807876146782,-2.03149849038211,-1.60491821929639,-1.18366653306774,-0.795046762324356,-0.470238717936958,-0.222422025432468,-0.0540916448475901,0.02550371273575,0.0150823679445882,-0.061783972061999,-0.178567547406935,-0.324335330685201,-0.490308531838485,-0.669290471780931,-0.868326742455514,-1.08934535848078,-1.08934535848078,-1.08934535848078,-1.08934535848078,-1.08934535848078,-1.08934535848078,-1.08934535848078,-1.08934535848078,-1.08934535848078,-1.08934535848078,-1.08934535848078,-1.08934535848078,-1.08934535848078,-1.08934535848078,-1.08934535848078,-1.08934535848078,-1.08934535848078,-1.08934535848078,-1.08934535848078,-1.08934535848078,-1.08934535848078,1,1,1,1,1,1,1,1,1,1,1,1,1,1,1,1,1,1,1,1,1,1,1,1,1,1,1,1,1,1,1,1,1,1,1,1,1,1,1,1
0.432438011955321,0.771171894239569,0.891505505510804,0.336105006327246,-1.1949112270578,-1.19739709145595,-0.555297373336755,-0.146482660210733,-1.38933860784203,-1.77257854350316,-0.940726253498273,-1.32650680955843,-1.42165403332227,0.340515174757574,2.39901128779905,0.484187941123032,-0.149507981350954,-0.366881248298421,-1.18353712973728,-1.43913520782863,3.71958214454463,0.680505073117661,-1.5298932911877,1.65799134692678,-0.771873525723839,0.366369387999715,-1.14362866477583,1.7087292975075,-0.649602190760264,-1.01635317954219,-0.0984532111605816,-1.09839493299486,-0.719784179843467,-1.40017465092707,0.713781537082918,1.39084359407155,-0.109240719455601,-2.52505007822158,0.660366183094892,-1.46022904308191,-3.14245839100159,-3.04703859540797,-2.95161879981435,-2.85619900422073,-2.76077920862711,-2.66535941303349,-2.56993961743988,-2.47451982184626,-2.37910002625264,-2.28368023065902,-2.1882604350654,-2.09284063947178,-1.99742084387816,-1.90200104828455,-1.80658125269093,-1.71116145709731,-1.61574166150369,-1.52032186591007,-1.42490207031645,-1.32948227472284,-1.32948227472284,-1.32948227472284,-1.32948227472284,-1.32948227472284,-1.32948227472284,-1.32948227472284,-1.32948227472284,-1.32948227472284,-1.32948227472284,-1.32948227472284,-1.32948227472284,-1.32948227472284,-1.32948227472284,-1.32948227472284,-1.32948227472284,-1.32948227472284,-1.32948227472284,-1.32948227472284,-1.32948227472284,-1.32948227472284,9.8511501804547,6.45671356394283,3.68764156250586,1.48746029305292,-0.200304127506858,-1.43212558226434,-2.2644779543104,-2.7538351267359,-2.95667098263172,-2.92945940508871,-2.72867427719778,-2.41078948204976,-2.03227890273552,-1.64961642234596,-1.31927592397193,-1.0977312907043,-1.04145640563391,-1.2069251518517,-1.6506114124485,-2.42898907051515,-2.42898907051515,-2.42898907051515,-2.42898907051515,-2.42898907051515,-2.42898907051515,-2.42898907051515,-2.42898907051515,-2.42898907051515,-2.42898907051515,-2.42898907051515,-2.42898907051515,-2.42898907051515,-2.42898907051515,-2.42898907051515,-2.42898907051515,-2.42898907051515,-2.42898907051515,-2.42898907051515,-2.42898907051515,-2.42898907051515,-3.09261750708801,-3.00474586198113,-2.91687421687424,-2.82900257176736,-2.74113092666048,-2.65325928155359,-2.55990486600546,-2.44319367306183,-2.31981245862738,-2.2157974815846,-2.12614211744824,-2.0337479666767,-1.93548002828306,-1.83787042590872,-1.75704266378719,-1.71881659917078,-1.73414668002304,-1.78552677356107,-1.8491685969976,-1.91426344283704,-1.91426344283704,-1.91426344283704,-1.91426344283704,-1.91426344283704,-1.91426344283704,-1.91426344283704,-1.91426344283704,-1.91426344283704,-1.91426344283704,-1.91426344283704,-1.91426344283704,-1.91426344283704,-1.91426344283704,-1.91426344283704,-1.91426344283704,-1.91426344283704,-1.91426344283704,-1.91426344283704,-1.91426344283704,-1.91426344283704,1,1,1,1,1,1,0,0,1,1,0,0,0,1,1,1,1,1,1,1,1,1,1,1,1,1,1,1,1,1,1,1,1,1,1,1,1,1,1,1
1.03522861045653,-1.66058789463021,-0.14091994652397,1.31202072578317,1.13745429901223,1.05961020425982,0.767112387935956,2.88286901789706,1.74165548168217,1.09781785023172,-1.07696037400446,3.65968068318903,-0.589749172937875,1.8899906298004,-2.05050843871287,0.820259756977626,2.38516161130253,1.78122011510909,-0.693768421530994,2.53374798234126,0.429014007716894,-2.0863256479523,0.905982977367019,-0.454064697426343,-1.7261359796705,0.758336943963705,-0.969488753232566,-2.33983623625027,-1.54718023599098,1.68167660102581,-1.99351552059567,-3.90791228410636,-0.878268523504437,-0.0752235022411103,-1.20013227573561,0.346947166478477,1.834519679022,0.319765842608433,-1.38035981493453,1.93408204948147,3.52535007562142,3.33405688946144,3.14276370330145,2.95147051714147,2.76017733098148,2.5688841448215,2.37759095866152,2.18629777250154,1.99500458634155,1.80371140018157,1.61241821402159,1.4211250278616,1.22983184170162,1.03853865554164,0.847245469381654,0.655952283221669,0.464659097061686,0.273365910901704,0.082072724741721,-0.109220461418262,-0.109220461418262,-0.109220461418262,-0.109220461418262,-0.109220461418262,-0.109220461418262,-0.109220461418262,-0.109220461418262,-0.109220461418262,-0.109220461418262,-0.109220461418262,-0.109220461418262,-0.109220461418262,-0.109220461418262,-0.109220461418262,-0.109220461418262,-0.109220461418262,-0.109220461418262,-0.109220461418262,-0.109220461418262,-0.109220461418262,-17.6708247718303,-12.1334435572632,-7.62849297393583,-4.06222445856215,-1.34088944785603,0.629260621468642,1.941974312698,2.69100018911812,2.97008681401511,2.87298275067509,2.49343656238421,1.92519681242851,1.26201206409413,0.597630880667198,0.0258018254337671,-0.359726538320004,-0.465205647308021,-0.196886938244145,0.538978152157675,1.83613818718356,1.83613818718356,1.83613818718356,1.83613818718356,1.83613818718356,1.83613818718356,1.83613818718356,1.83613818718356,1.83613818718356,1.83613818718356,1.83613818718356,1.83613818718356,1.83613818718356,1.83613818718356,1.83613818718356,1.83613818718356,1.83613818718356,1.83613818718356,1.83613818718356,1.83613818718356,1.83613818718356,4.7058437255864,4.34978489232966,3.99372605907292,3.63766722581618,3.28160839255944,2.9255495593027,2.56818656263535,2.20725769920117,1.85844808404818,1.5465050350232,1.27833980407327,1.04514095294014,0.853950166558096,0.731500191093058,0.683131065869537,0.67009925237311,0.644841457699302,0.593262162791593,0.529955632003452,0.467389349935999,0.467389349935999,0.467389349935999,0.467389349935999,0.467389349935999,0.467389349935999,0.467389349935999,0.467389349935999,0.467389349935999,0.467389349935999,0.467389349935999,0.467389349935999,0.467389349935999,0.467389349935999,0.467389349935999,0.467389349935999,0.467389349935999,0.467389349935999,0.467389349935999,0.467389349935999,0.467389349935999,1,1,1,1,1,1,1,1,0,0,1,1,1,1,1,1,1,1,1,1,1,1,1,1,1,1,1,1,1,1,1,1,1,1,1,1,1,1,1,1
-0.604433370074791,1.03648975582816,0.822041311542702,-0.232470690815356,-0.346461943162837,-0.299895502085514,-1.51994226408553,-0.917270226007505,1.02921601883187,0.541153872314617,1.42779415566985,-0.993820200103315,1.91681953598732,1.87843147153169,-2.28884380355729,-2.86556989611003,0.83506344013049,-1.30067026229862,-0.418261559260054,1.13957762632373,-0.928930770994111,0.568675524573477,-2.08027952060715,1.96533026137382,-0.675816553528795,-2.89369581828918,0.171911820722643,0.156311268374438,0.357232909465933,0.0932750221842955,2.01590728271739,0.0739779956325517,-0.131579382184436,-0.521555743546608,-0.224684762542106,1.33869050836225,-0.703905950620603,1.04785206437522,-1.47027920959706,-0.599284267997872,-3.37480452652486,-3.21429232389655,-3.05378012126824,-2.89326791863993,-2.73275571601163,-2.57224351338332,-2.41173131075501,-2.2512191081267,-2.09070690549839,-1.93019470287009,-1.76968250024178,-1.60917029761347,-1.44865809498516,-1.28814589235685,-1.12763368972854,-0.967121487100234,-0.806609284471925,-0.646097081843619,-0.48558487921531,-0.325072676587006,-0.325072676587006,-0.325072676587006,-0.325072676587006,-0.325072676587006,-0.325072676587006,-0.325072676587006,-0.325072676587006,-0.325072676587006,-0.325072676587006,-0.325072676587006,-0.325072676587006,-0.325072676587006,-0.325072676587006,-0.325072676587006,-0.325072676587006,-0.325072676587006,-0.325072676587006,-0.325072676587006,-0.325072676587006,-0.325072676587006,-19.6943872310744,-15.2782832761317,-11.593451645185,-8.57695259028814,-6.165846363495,-4.29719321685935,-2.90805340243499,-1.93548717227573,-1.31655477843538,-0.988316472967728,-0.887832507926586,-0.952163135365753,-1.11836860733905,-1.32350917590025,-1.50464509310319,-1.59883661100165,-1.54314398164946,-1.2746274571004,-0.730347289408273,0.152636269373076,0.152636269373076,0.152636269373076,0.152636269373076,0.152636269373076,0.152636269373076,0.152636269373076,0.152636269373076,0.152636269373076,0.152636269373076,0.152636269373076,0.152636269373076,0.152636269373076,0.152636269373076,0.152636269373076,0.152636269373076,0.152636269373076,0.152636269373076,0.152636269373076,0.152636269373076,0.152636269373076,-3.37625103347039,-3.21554658215625,-3.05484213084211,-2.89413767952797,-2.73343322821384,-2.5727287768997,-2.41202318436483,-2.25131561438093,-2.09062444051777,-1.92997223982248,-1.76936510105305,-1.60880534928491,-1.44830744303288,-1.28788028773196,-1.12750312340983,-0.96713596435899,-0.806751774193803,-0.646350308920871,-0.485944120986202,-0.325540008869085,-0.325540008869085,-0.325540008869085,-0.325540008869085,-0.325540008869085,-0.325540008869085,-0.325540008869085,-0.325540008869085,-0.325540008869085,-0.325540008869085,-0.325540008869085,-0.325540008869085,-0.325540008869085,-0.325540008869085,-0.325540008869085,-0.325540008869085,-0.325540008869085,-0.325540008869085,-0.325540008869085,-0.325540008869085,-0.325540008869085,1,1,1,1,1,1,1,0,1,1,1,1,1,1,1,1,1,1,1,1,1,1,1,1,1,1,1,1,1,1,1,1,1,1,1,1,1,1,1,1
2.33951184029562,0.867067736613168,0.332810646341111,1.94236602586725,-1.09294597560347,-0.627584397394922,-0.179658128492044,0.330474099915397,0.332928857827135,1.56783010417832,-4.86684097520914,0.727759708445014,0.173617207453407,-1.22934555104568,-0.476698961946092,-0.674529979035675,1.08203175072823,-1.00184525563561,-1.64178023584897,-0.551545849909349,-3.1038559419393,-2.88481646724752,-0.12165197660711,2.96380650565796,2.39233077176507,1.7136652709208,1.13198612834322,-3.14021027358951,2.88819969536951,1.97125596202275,0.313168017932924,-4.68662551077352,-2.86799000904248,0.258178198544337,-0.679914625629861,1.75778528070228,-0.102231490091587,1.79015245090648,-0.467039321403949,0.0842342950590336,-2.61770039117061,-2.44517497324314,-2.27264955531566,-2.10012413738819,-1.92759871946072,-1.75507330153325,-1.58254788360577,-1.4100224656783,-1.23749704775083,-1.06497162982335,-0.892446211895882,-0.719920793968411,-0.547395376040939,-0.374869958113464,-0.20234454018599,-0.0298191222585196,0.142706295668955,0.315231713596427,0.487757131523901,0.660282549451372,0.660282549451372,0.660282549451372,0.660282549451372,0.660282549451372,0.660282549451372,0.660282549451372,0.660282549451372,0.660282549451372,0.660282549451372,0.660282549451372,0.660282549451372,0.660282549451372,0.660282549451372,0.660282549451372,0.660282549451372,0.660282549451372,0.660282549451372,0.660282549451372,0.660282549451372,0.660282549451372,-18.7309413621541,-14.6706625743034,-11.2203796428511,-8.33229455371583,-5.95860929281626,-4.05152584607093,-2.56324619939845,-1.4459723387174,-0.651906249946386,-0.133249919003994,0.157794668191183,0.269025525720554,0.248240667665524,0.143238108107495,0.00181586112788246,-0.128228059191917,-0.199095638770482,-0.162988863526417,0.0278902806216834,0.421339807755247,0.421339807755247,0.421339807755247,0.421339807755247,0.421339807755247,0.421339807755247,0.421339807755247,0.421339807755247,0.421339807755247,0.421339807755247,0.421339807755247,0.421339807755247,0.421339807755247,0.421339807755247,0.421339807755247,0.421339807755247,0.421339807755247,0.421339807755247,0.421339807755247,0.421339807755247,0.421339807755247,-6.37136386701204,-5.71171981030796,-5.0520757536039,-4.39243169689983,-3.73278764019574,-3.07314358349168,-2.41575359498524,-1.7777658702197,-1.19662284675642,-0.68382962750262,-0.213424564088269,0.199497202503327,0.453664608203548,0.464392424452255,0.282994055548055,0.0504408752881069,-0.124825821908725,-0.181151382103293,-0.0769035971940131,0.154147086450786,0.154147086450786,0.154147086450786,0.154147086450786,0.154147086450786,0.154147086450786,0.154147086450786,0.154147086450786,0.154147086450786,0.154147086450786,0.154147086450786,0.154147086450786,0.154147086450786,0.154147086450786,0.154147086450786,0.154147086450786,0.154147086450786,0.154147086450786,0.154147086450786,0.154147086450786,0.154147086450786,1,1,1,1,1,1,1,1,1,1,1,1,1,1,1,1,1,1,1,1,1,1,1,1,1,1,1,1,1,1,1,1,1,1,1,1,1,1,1,1
0.547686265961294,0.222461572659025,-0.283811610131216,-0.87772841948374,0.116231742789999,-0.147593110533771,-0.468805935229461,-0.304836708396195,1.59659295172882,0.80586796697251,-0.288078276373897,1.36529104207228,0.644349412775689,-0.970277491529638,1.0863341514413,-1.30616356005262,-0.008211339369808,0.792929411761413,-0.718858901810339,-1.49746015467948,-0.604021978098393,-0.379140780573035,-1.87648874562978,0.55569432632976,-2.46330503840488,-2.39179143141029,-1.48803020927002,-1.86099432068824,0.133720136670325,-1.09566958795997,0.975892257973987,1.36501008205496,-1.33776460332161,-2.07595523244614,-1.58150189704354,1.1491467432184,-1.71790122026824,0.899175012040295,-1.56055248643972,2.38924450619098,-0.466537637492176,-0.411176105999171,-0.355814574506167,-0.300453043013161,-0.245091511520156,-0.189729980027151,-0.134368448534145,-0.0790069170411396,-0.023645385548134,0.0317161459448698,0.0870776774378754,0.142439208930883,0.197800740423887,0.253162271916892,0.308523803409898,0.363885334902902,0.419246866395909,0.474608397888913,0.529969929381918,0.585331460874924,0.585331460874924,0.585331460874924,0.585331460874924,0.585331460874924,0.585331460874924,0.585331460874924,0.585331460874924,0.585331460874924,0.585331460874924,0.585331460874924,0.585331460874924,0.585331460874924,0.585331460874924,0.585331460874924,0.585331460874924,0.585331460874924,0.585331460874924,0.585331460874924,0.585331460874924,0.585331460874924,-6.61588280704211,-5.1528664785123,-3.89372750602753,-2.82403860890804,-1.92937250647408,-1.19530191804589,-0.607399562943701,-0.151238160487745,0.187609570001705,0.423570909204443,0.571073137800203,0.644543536468746,0.658409385889852,0.627097966743285,0.565036559708764,0.486652445466088,0.406372904695015,0.338625218075288,0.297836666286651,0.298434530008915,0.298434530008915,0.298434530008915,0.298434530008915,0.298434530008915,0.298434530008915,0.298434530008915,0.298434530008915,0.298434530008915,0.298434530008915,0.298434530008915,0.298434530008915,0.298434530008915,0.298434530008915,0.298434530008915,0.298434530008915,0.298434530008915,0.298434530008915,0.298434530008915,0.298434530008915,0.298434530008915,-0.956380758606142,-0.836050765708428,-0.715720772810708,-0.595390779912996,-0.475060787015279,-0.354730794117568,-0.235165428093818,-0.120216115944874,-0.0138950641122229,0.0827917946444163,0.169469307959679,0.243137335403924,0.302041494834294,0.349012107136206,0.386718954187845,0.415572141674788,0.438580979744467,0.460364421326474,0.481189901278373,0.499676247508043,0.499676247508043,0.499676247508043,0.499676247508043,0.499676247508043,0.499676247508043,0.499676247508043,0.499676247508043,0.499676247508043,0.499676247508043,0.499676247508043,0.499676247508043,0.499676247508043,0.499676247508043,0.499676247508043,0.499676247508043,0.499676247508043,0.499676247508043,0.499676247508043,0.499676247508043,0.499676247508043,1,1,1,1,1,1,1,1,1,1,1,1,1,1,1,1,1,1,1,1,1,1,1,1,1,1,1,1,1,1,1,1,1,1,1,1,1,1,1,1
0.644080339382858,-0.751752714938004,0.746946120643879,0.20452141723867,1.09941548958703,-1.69461172983016,0.561696372925296,0.781967842370305,-0.898579570776494,0.412752375416476,-0.388979647209323,-1.7312173080733,-2.45331629552498,4.18861006674334,-2.37477812985934,-1.30224287870173,-0.319660623604731,-0.793826081542168,-1.33522412851507,-2.19584071890105,0.608311175433862,1.35949589984272,0.47801450226803,-0.155390047392581,-2.60037983585012,-0.812389960406586,1.02409457028149,0.0501543464820156,1.80980864078459,1.17784581963978,1.22401292594326,-0.139749491974317,-1.18557801889147,-2.21251869289882,-0.746170272760835,-1.72038074453852,-1.6998636585793,-2.32803403059156,-0.228719030781686,-1.45116063895604,3.06938317311355,2.68487479083577,2.30036640855799,1.91585802628021,1.53134964400243,1.14684126172465,0.762332879446864,0.377824497169085,-0.00668388510869633,-0.391192267386478,-0.775700649664259,-1.16020903194204,-1.54471741421982,-1.9292257964976,-2.31373417877538,-2.69824256105316,-3.08275094333094,-3.46725932560872,-3.8517677078865,-4.23627609016428,-4.23627609016428,-4.23627609016428,-4.23627609016428,-4.23627609016428,-4.23627609016428,-4.23627609016428,-4.23627609016428,-4.23627609016428,-4.23627609016428,-4.23627609016428,-4.23627609016428,-4.23627609016428,-4.23627609016428,-4.23627609016428,-4.23627609016428,-4.23627609016428,-4.23627609016428,-4.23627609016428,-4.23627609016428,-4.23627609016428,-22.2091869860619,-16.0004116740004,-10.9309919669997,-6.90152256751569,-3.81259817800421,-1.56481350092115,-0.058763238722376,0.804957906136206,1.12575523119873,1.00303403400932,0.536199612112116,-0.175342736948815,-1.03218771562929,-1.93493002638522,-2.7841643716725,-3.48048545394696,-3.92448797566458,-4.01676663928108,-3.65791614725249,-2.74853120203456,-2.74853120203456,-2.74853120203456,-2.74853120203456,-2.74853120203456,-2.74853120203456,-2.74853120203456,-2.74853120203456,-2.74853120203456,-2.74853120203456,-2.74853120203456,-2.74853120203456,-2.74853120203456,-2.74853120203456,-2.74853120203456,-2.74853120203456,-2.74853120203456,-2.74853120203456,-2.74853120203456,-2.74853120203456,-2.74853120203456,-3.6364320243931,-3.00026335305582,-2.36409468171855,-1.7279260103813,-1.09175733904403,-0.455588667706762,0.146892870764303,0.56251631117417,0.678763469163655,0.461732132714031,-0.0484338021880735,-0.725207966272963,-1.45886138905639,-2.22550794839475,-2.94590503915457,-3.41386316882288,-3.49008944357995,-3.23409058583088,-2.78625096868121,-2.25566036383547,-2.25566036383547,-2.25566036383547,-2.25566036383547,-2.25566036383547,-2.25566036383547,-2.25566036383547,-2.25566036383547,-2.25566036383547,-2.25566036383547,-2.25566036383547,-2.25566036383547,-2.25566036383547,-2.25566036383547,-2.25566036383547,-2.25566036383547,-2.25566036383547,-2.25566036383547,-2.25566036383547,-2.25566036383547,-2.25566036383547,1,1,1,1,1,1,1,1,1,1,1,1,1,1,1,1,1,1,1,1,1,1,1,1,1,1,1,1,1,1,1,1,1,1,1,1,1,1,1,1
1.02598321827488,1.59069617295949,1.38252930563327,0.794427376135451,-1.49019895683893,0.311907957195285,-0.445494665683229,-0.820507137615145,0.97269057708392,1.01000302202098,-1.29669772368122,-1.35134663452344,-0.90023642480867,-2.68219498969213,-1.58803746963308,1.37512226562448,-1.22378262560207,-0.617236733168827,0.65378409283724,2.10924935247269,1.69927836855631,1.40709279021229,1.48516515934124,-0.465527202372297,1.39649063408915,0.345075594227231,-1.04419951636672,2.06761274665859,-2.48870891065633,1.21992411738771,2.12179252038054,1.10732826906219,-0.889975769079953,0.325287257661124,-0.422198989754001,-0.756380618133742,-2.9466626690568,-1.4632683346148,1.25874311205591,1.34939505170533,-0.442059826735303,-0.443142608584905,-0.444225390434504,-0.445308172284106,-0.446390954133706,-0.447473735983307,-0.448556517832907,-0.449639299682506,-0.450722081532108,-0.45180486338171,-0.452887645231311,-0.453970427080911,-0.455053208930513,-0.456135990780115,-0.457218772629714,-0.458301554479316,-0.459384336328915,-0.460467118178515,-0.461549900028116,-0.462632681877716,-0.462632681877716,-0.462632681877716,-0.462632681877716,-0.462632681877716,-0.462632681877716,-0.462632681877716,-0.462632681877716,-0.462632681877716,-0.462632681877716,-0.462632681877716,-0.462632681877716,-0.462632681877716,-0.462632681877716,-0.462632681877716,-0.462632681877716,-0.462632681877716,-0.462632681877716,-0.462632681877716,-0.462632681877716,-0.462632681877716,18.2064772610933,14.3513616559932,10.9434661767675,7.96454430354062,5.39634951643717,3.22063529558173,1.4191551210989,-0.0263375268867296,-1.13408916825059,-1.92234632286809,-2.40935551061465,-2.61336325136567,-2.55261606499658,-2.2453604713828,-1.70984299039972,-0.964310141922788,-0.0270084458273949,1.08381557801106,2.34991540971711,3.75304452941539,3.75304452941539,3.75304452941539,3.75304452941539,3.75304452941539,3.75304452941539,3.75304452941539,3.75304452941539,3.75304452941539,3.75304452941539,3.75304452941539,3.75304452941539,3.75304452941539,3.75304452941539,3.75304452941539,3.75304452941539,3.75304452941539,3.75304452941539,3.75304452941539,3.75304452941539,3.75304452941539,5.55329983680838,4.72997243568788,3.90664503456739,3.08331763344691,2.25999023232641,1.43666283120591,0.624128063728797,-0.123425222892873,-0.743962203162782,-1.19732898296073,-1.48049963485784,-1.62104381003932,-1.63875355977369,-1.52521078302342,-1.27143868597177,-0.884432734255167,-0.365642327357426,0.287265741859041,1.04689200695156,1.85763649137686,1.85763649137686,1.85763649137686,1.85763649137686,1.85763649137686,1.85763649137686,1.85763649137686,1.85763649137686,1.85763649137686,1.85763649137686,1.85763649137686,1.85763649137686,1.85763649137686,1.85763649137686,1.85763649137686,1.85763649137686,1.85763649137686,1.85763649137686,1.85763649137686,1.85763649137686,1.85763649137686,1,1,1,1,1,1,1,1,1,1,1,1,1,1,1,1,1,1,1,1,1,1,1,1,1,1,1,1,1,1,1,1,1,1,1,1,1,1,1,1
1.94425898373579,-0.946043737351811,-1.48844249798427,0.539075483125849,0.929270167572527,-2.46190133037234,-0.410805568588794,-0.371383254546599,1.69335969795073,0.313960713898872,2.66802823229402,-3.39340481145164,2.10640163715894,-1.11598727159778,0.8005473671557,0.38738903349379,1.87053477506071,-1.19279415418925,0.0754315635771743,0.55340791177894,-0.40180438221654,-0.542481744200488,0.015464292884694,1.64311405741659,-0.662036111700479,-1.07116537166192,1.40008282328688,1.23741795868166,-1.49173649541051,0.852283396038485,-0.831767389322549,0.554655768091902,-0.883541852671716,-2.8655274994889,0.336460311503535,-2.02886550846824,0.513966825609598,0.642430664011824,-0.612425126636381,1.15420153796854,-2.54655915857692,-2.3731288022092,-2.19969844584147,-2.02626808947374,-1.85283773310601,-1.67940737673828,-1.50597702037055,-1.33254666400282,-1.15911630763509,-0.985685951267364,-0.812255594899636,-0.638825238531904,-0.465394882164178,-0.29196452579645,-0.118534169428722,0.0548961869390077,0.228326543306736,0.401756899674467,0.575187256042193,0.748617612409923,0.748617612409923,0.748617612409923,0.748617612409923,0.748617612409923,0.748617612409923,0.748617612409923,0.748617612409923,0.748617612409923,0.748617612409923,0.748617612409923,0.748617612409923,0.748617612409923,0.748617612409923,0.748617612409923,0.748617612409923,0.748617612409923,0.748617612409923,0.748617612409923,0.748617612409923,0.748617612409923,8.0029078859951,4.54282310016839,1.89167438613598,-0.0373616496785001,-1.33110840085142,-2.0763892609592,-2.36002762357815,-2.2688468822847,-1.8896704306552,-1.30932166226605,-0.614623970693588,0.107599250485755,0.770524607695672,1.28732870735972,1.5711881559016,1.53527955974483,1.09277952531315,0.156864659030088,-1.35928843268072,-3.54250314339551,-3.54250314339551,-3.54250314339551,-3.54250314339551,-3.54250314339551,-3.54250314339551,-3.54250314339551,-3.54250314339551,-3.54250314339551,-3.54250314339551,-3.54250314339551,-3.54250314339551,-3.54250314339551,-3.54250314339551,-3.54250314339551,-3.54250314339551,-3.54250314339551,-3.54250314339551,-3.54250314339551,-3.54250314339551,-3.54250314339551,-2.83388396449311,-2.62411454791759,-2.41434513134205,-2.20457571476653,-1.99480629819099,-1.78503688161544,-1.5816137141308,-1.44005286055813,-1.49214864225663,-1.72585715596085,-1.81596092486791,-1.34999098107589,-0.239338133488733,1.11843661025639,2.07906145695271,2.20074295039742,1.50312869578432,0.297390728658804,-1.1418619694711,-2.67142061930386,-2.67142061930386,-2.67142061930386,-2.67142061930386,-2.67142061930386,-2.67142061930386,-2.67142061930386,-2.67142061930386,-2.67142061930386,-2.67142061930386,-2.67142061930386,-2.67142061930386,-2.67142061930386,-2.67142061930386,-2.67142061930386,-2.67142061930386,-2.67142061930386,-2.67142061930386,-2.67142061930386,-2.67142061930386,-2.67142061930386,1,1,1,1,1,1,1,1,1,1,1,1,1,1,1,1,1,1,1,1,1,1,1,1,1,1,1,1,1,1,1,1,1,1,1,1,1,1,1,1
-2.24129605425254,1.06799499760009,-2.37938752622995,-1.47162914856947,-2.38993328227911,1.12120855318202,1.8705161627722,1.73105411866396,-0.227611586077128,1.05687223293201,2.16967620007395,0.00879211074996888,-3.43302177174731,1.87664180699717,-0.962699136978351,-1.08325670748891,0.609276167463824,0.629405816734224,-0.262577819985877,2.09449497030916,-0.466410799066461,-0.911328108520767,0.518209571619781,0.00438028713930727,0.542872798767952,2.37068183331367,0.329036951786799,0.713348259454339,0.568054209746128,1.63038321739726,2.50843854792906,-1.05632681401901,1.06234031151415,-0.439755947624,-1.26815678521095,-1.89521547598605,1.6733666808351,-1.03330038218717,-1.34745688108669,-1.69948303368781,2.46850840268054,2.18529991071279,1.90209141874505,1.6188829267773,1.33567443480955,1.0524659428418,0.769257450874052,0.486048958906304,0.202840466938554,-0.0803680250291947,-0.363576516996945,-0.646785008964693,-0.929993500932444,-1.21320199290019,-1.49641048486794,-1.77961897683569,-2.06282746880344,-2.34603596077119,-2.62924445273893,-2.91245294470668,-2.91245294470668,-2.91245294470668,-2.91245294470668,-2.91245294470668,-2.91245294470668,-2.91245294470668,-2.91245294470668,-2.91245294470668,-2.91245294470668,-2.91245294470668,-2.91245294470668,-2.91245294470668,-2.91245294470668,-2.91245294470668,-2.91245294470668,-2.91245294470668,-2.91245294470668,-2.91245294470668,-2.91245294470668,-2.91245294470668,-18.1352849854795,-12.1078997922697,-7.36868982116621,-3.78741763424917,-1.23384579359873,0.422263138704979,1.31114660058182,1.56304202995163,1.30818686473429,0.676818542849649,-0.200825497782416,-1.19450781924209,-2.17399098360947,-3.00903755296471,-3.56941008938799,-3.72487115495938,-3.34518331175908,-2.30010912186722,-0.459411147363907,2.30714804967066,2.30714804967066,2.30714804967066,2.30714804967066,2.30714804967066,2.30714804967066,2.30714804967066,2.30714804967066,2.30714804967066,2.30714804967066,2.30714804967066,2.30714804967066,2.30714804967066,2.30714804967066,2.30714804967066,2.30714804967066,2.30714804967066,2.30714804967066,2.30714804967066,2.30714804967066,2.30714804967066,6.18437072397733,5.39607377045211,4.60777681692687,3.81947986340163,3.03118290987641,2.24288595635117,1.46639352650275,0.750553984249526,0.104649209859053,-0.50859696936276,-1.09766328807075,-1.60934616485898,-1.99479270487821,-2.25583117290903,-2.39326242923803,-2.36569870054347,-2.12702662982038,-1.65875024985773,-0.975928462023704,-0.156822154069669,-0.156822154069669,-0.156822154069669,-0.156822154069669,-0.156822154069669,-0.156822154069669,-0.156822154069669,-0.156822154069669,-0.156822154069669,-0.156822154069669,-0.156822154069669,-0.156822154069669,-0.156822154069669,-0.156822154069669,-0.156822154069669,-0.156822154069669,-0.156822154069669,-0.156822154069669,-0.156822154069669,-0.156822154069669,-0.156822154069669,1,1,1,1,1,1,1,1,1,1,1,1,1,1,1,1,0,1,1,1,1,1,1,1,1,1,1,1,1,1,1,1,1,1,1,1,1,1,1,1
-1.15279956700434,0.0126084193964147,0.622480515897601,-2.13246368539487,1.35402906629362,2.14943499139569,1.6723969448098,1.7648010477897,2.54447800974092,0.428514296982781,1.07831541930801,-0.497234208037751,-1.34478081411628,0.398620220723375,-1.58783174638992,0.663646352196167,-2.03890267757197,0.318727147836281,-1.43590807733733,-1.59447737750013,-1.38588451784285,0.529165725234742,0.994094799071862,0.936546954010703,-1.44121514949627,0.0388537536847124,0.0504628234887665,-0.865086847117002,-2.17512021972311,-0.892263007355353,-0.436674446935397,0.126895818795491,0.38530246281103,-0.285170444260155,2.74876958390836,-0.644837933447532,-2.32368338088031,-0.556751458768616,-2.02356300054657,1.65228573268231,3.21809375624261,2.94716225719612,2.67623075814964,2.40529925910315,2.13436776005666,1.86343626101017,1.59250476196368,1.32157326291719,1.0506417638707,0.779710264824216,0.508778765777727,0.237847266731237,-0.0330842323152503,-0.304015731361739,-0.574947230408229,-0.845878729454716,-1.1168102285012,-1.38774172754769,-1.65867322659418,-1.92960472564067,-1.92960472564067,-1.92960472564067,-1.92960472564067,-1.92960472564067,-1.92960472564067,-1.92960472564067,-1.92960472564067,-1.92960472564067,-1.92960472564067,-1.92960472564067,-1.92960472564067,-1.92960472564067,-1.92960472564067,-1.92960472564067,-1.92960472564067,-1.92960472564067,-1.92960472564067,-1.92960472564067,-1.92960472564067,-1.92960472564067,18.1064066797765,13.5791151840121,9.85427563799638,6.85690531329785,4.51202148148519,2.74464141412702,1.47978238279195,0.642461659048639,0.157696514465686,-0.049495779388268,-0.0540979509446053,0.0689072713653101,0.244537159110093,0.397808983858409,0.453740017178825,0.337347530639999,-0.0263512041894547,-0.712338915740865,-1.79559833244566,-3.35111218273521,-3.35111218273521,-3.35111218273521,-3.35111218273521,-3.35111218273521,-3.35111218273521,-3.35111218273521,-3.35111218273521,-3.35111218273521,-3.35111218273521,-3.35111218273521,-3.35111218273521,-3.35111218273521,-3.35111218273521,-3.35111218273521,-3.35111218273521,-3.35111218273521,-3.35111218273521,-3.35111218273521,-3.35111218273521,-3.35111218273521,3.21010079072916,2.93076517133901,2.65142955194886,2.37209393255871,2.09275831316856,1.81342269377841,1.53494232047399,1.26149189431891,0.997110347888624,0.742739241941415,0.495794734727534,0.251930898791487,0.00745088522924142,-0.239885171541498,-0.492771573984911,-0.756137459825752,-1.03378224128463,-1.3222323687787,-1.61224443766985,-1.89888366347366,-1.89888366347366,-1.89888366347366,-1.89888366347366,-1.89888366347366,-1.89888366347366,-1.89888366347366,-1.89888366347366,-1.89888366347366,-1.89888366347366,-1.89888366347366,-1.89888366347366,-1.89888366347366,-1.89888366347366,-1.89888366347366,-1.89888366347366,-1.89888366347366,-1.89888366347366,-1.89888366347366,-1.89888366347366,-1.89888366347366,1,1,1,1,1,1,1,1,1,1,1,1,1,1,1,1,1,1,1,1,1,1,1,1,1,1,1,1,1,1,1,1,1,1,1,1,1,1,1,1
-4.36169666672872,0.551351799889652,2.80480976076143,-1.36426932912884,-0.642217094207605,-1.04358974135936,0.37687387409995,0.139866946422918,-1.59517625550425,-0.0118234733979712,0.193232413512657,-0.0824565634571606,-0.0126392232158778,2.85850326488577,1.08264263974704,0.986816006713772,-1.16379879591265,0.841031808221514,1.28914841874992,-0.504254036739427,-0.332477771255778,-2.12558424472165,0.547599992585402,2.1914906887894,-1.69866326120796,2.5196380598129,-2.04979433854287,-0.340179189456864,-0.348718943814111,-0.132955444907813,-0.256899987842313,1.04135407288148,0.475881011693271,0.644066503090624,-0.192339922523599,-0.520020502733187,-0.46243598959043,-3.07378394982029,0.554994058361137,0.320263732012251,-1.54975705705655,-1.4903339756561,-1.43091089425564,-1.37148781285519,-1.31206473145473,-1.25264165005427,-1.19321856865382,-1.13379548725336,-1.07437240585291,-1.01494932445245,-0.955526243051994,-0.896103161651538,-0.836680080251082,-0.777256998850625,-0.71783391745017,-0.658410836049715,-0.598987754649258,-0.539564673248801,-0.480141591848346,-0.420718510447889,-0.420718510447889,-0.420718510447889,-0.420718510447889,-0.420718510447889,-0.420718510447889,-0.420718510447889,-0.420718510447889,-0.420718510447889,-0.420718510447889,-0.420718510447889,-0.420718510447889,-0.420718510447889,-0.420718510447889,-0.420718510447889,-0.420718510447889,-0.420718510447889,-0.420718510447889,-0.420718510447889,-0.420718510447889,-0.420718510447889,15.1237211805081,10.6856054844062,7.03974560298104,4.11710920874131,1.84866397419566,0.165377571852773,-1.00178232577869,-1.72184804619004,-2.06385191687261,-2.09682626531772,-1.88980341901672,-1.5118157054609,-1.03189545214161,-0.519074986550184,-0.0423866361779233,0.32913727148383,0.526464408943751,0.480562448710495,0.122399063292789,-0.617058074800735,-0.617058074800735,-0.617058074800735,-0.617058074800735,-0.617058074800735,-0.617058074800735,-0.617058074800735,-0.617058074800735,-0.617058074800735,-0.617058074800735,-0.617058074800735,-0.617058074800735,-0.617058074800735,-0.617058074800735,-0.617058074800735,-0.617058074800735,-0.617058074800735,-0.617058074800735,-0.617058074800735,-0.617058074800735,-0.617058074800735,1.63263474963893,1.22665244862196,0.820670147604999,0.414687846588027,0.0087055455710594,-0.397276755445908,-0.797397566219383,-1.15522764910928,-1.40566642316924,-1.5125147720015,-1.50132025589782,-1.41635768072126,-1.28034674005154,-1.10761594281584,-0.913234222451935,-0.692119840348292,-0.418396803429648,-0.0767565971513378,0.31951217759047,0.741600189972024,0.741600189972024,0.741600189972024,0.741600189972024,0.741600189972024,0.741600189972024,0.741600189972024,0.741600189972024,0.741600189972024,0.741600189972024,0.741600189972024,0.741600189972024,0.741600189972024,0.741600189972024,0.741600189972024,0.741600189972024,0.741600189972024,0.741600189972024,0.741600189972024,0.741600189972024,0.741600189972024,1,1,1,1,1,1,1,1,1,1,1,1,1,1,1,1,1,1,1,1,1,1,1,1,1,1,1,1,1,1,1,1,1,1,1,1,1,1,1,1
-2.28540602019978,2.31403478328296,-1.84371087510049,1.15574599962646,0.793085793925187,0.66853512234169,0.552231458541058,-1.73164607321355,1.4342577255894,1.7079147740398,1.92270816123197,0.6125031865454,-1.11228227992716,-0.997699760383151,-0.848227228855041,2.02800693579795,-2.05637885872815,-1.49791768700799,1.62051161061912,-3.06864274106839,-0.0577846115483549,0.00292670633826297,0.566653197284969,1.32775770871912,-0.891285965571942,2.86070725696731,0.208436503473413,-1.58482879084886,1.99418248071519,-0.826411691667236,-0.14032028718732,-2.09090400218901,0.0159117730892664,-0.100349022153344,-0.519794668768574,-0.639900960947324,-1.42637315609526,-0.293417488161817,-0.749514240058522,0.0353282254420204,-0.983687860574968,-0.945866363896282,-0.908044867217597,-0.870223370538911,-0.832401873860228,-0.794580377181542,-0.756758880502857,-0.718937383824175,-0.681115887145486,-0.643294390466801,-0.605472893788118,-0.567651397109429,-0.529829900430746,-0.492008403752063,-0.454186907073376,-0.416365410394691,-0.378543913716003,-0.34072241703732,-0.302900920358637,-0.265079423679946,-0.265079423679946,-0.265079423679946,-0.265079423679946,-0.265079423679946,-0.265079423679946,-0.265079423679946,-0.265079423679946,-0.265079423679946,-0.265079423679946,-0.265079423679946,-0.265079423679946,-0.265079423679946,-0.265079423679946,-0.265079423679946,-0.265079423679946,-0.265079423679946,-0.265079423679946,-0.265079423679946,-0.265079423679946,-0.265079423679946,-4.20024595064518,-3.61941179615385,-3.07587204256014,-2.57084518247465,-2.10554970850801,-1.6812041132708,-1.29902688937363,-0.960236529427108,-0.666051526041832,-0.417690371828401,-0.21637155939743,-0.0633135813595196,0.0402650696747315,0.0931459010947311,0.0941104202898408,0.0419401346495096,-0.0645834484369292,-0.22667882158003,-0.445564477390411,-0.722458908478671,-0.722458908478671,-0.722458908478671,-0.722458908478671,-0.722458908478671,-0.722458908478671,-0.722458908478671,-0.722458908478671,-0.722458908478671,-0.722458908478671,-0.722458908478671,-0.722458908478671,-0.722458908478671,-0.722458908478671,-0.722458908478671,-0.722458908478671,-0.722458908478671,-0.722458908478671,-0.722458908478671,-0.722458908478671,-0.722458908478671,-2.3638274051125,-2.151003474873,-1.93817954463349,-1.72535561439399,-1.51253168415449,-1.29970775391499,-1.08821987937526,-0.883214089422726,-0.684865922563094,-0.494215912321726,-0.326767221195899,-0.207731173640978,-0.149491888599742,-0.143121006766975,-0.175007825780733,-0.240292712700708,-0.337088480317977,-0.459836757707267,-0.601548603971841,-0.754001394179566,-0.754001394179566,-0.754001394179566,-0.754001394179566,-0.754001394179566,-0.754001394179566,-0.754001394179566,-0.754001394179566,-0.754001394179566,-0.754001394179566,-0.754001394179566,-0.754001394179566,-0.754001394179566,-0.754001394179566,-0.754001394179566,-0.754001394179566,-0.754001394179566,-0.754001394179566,-0.754001394179566,-0.754001394179566,-0.754001394179566,1,1,1,1,1,1,1,1,1,1,1,1,1,1,1,1,1,1,1,1,1,1,1,1,1,1,1,1,1,1,1,1,1,1,1,1,1,1,1,1
1.15411111547886,-0.764303968475262,1.20991377429619,2.29276475166857,-0.413884261339113,-1.8845641647752,1.1438987606698,-1.14430205816376,2.66533340245339,0.403087282038326,-1.96726577138666,0.713859461133699,-1.38814508987285,1.03849489845146,-1.70496072074386,-0.513453938315411,1.20127199300488,2.13919236559165,-0.577208151833391,-0.475254564528191,0.16171002606545,-0.798687829743761,0.159253382049924,1.51168460369101,-0.842763385242936,-1.71911690700177,-0.000397485106189421,-0.53978878702033,0.0990378457303436,2.07969865934056,-1.4102558832576,-0.748131814401688,1.29001257624658,-1.07642555875664,-1.62290372990948,-2.03012390828533,0.690302299857544,1.29339905556047,1.14388292841976,-1.00843127390985,3.87526072066666,3.51882173335816,3.16238274604966,2.80594375874116,2.44950477143266,2.09306578412416,1.73662679681566,1.38018780950716,1.02374882219866,0.667309834890164,0.310870847581663,-0.0455681397268357,-0.402007127035333,-0.758446114343833,-1.11488510165233,-1.47132408896083,-1.82776307626933,-2.18420206357783,-2.54064105088633,-2.89708003819483,-2.89708003819483,-2.89708003819483,-2.89708003819483,-2.89708003819483,-2.89708003819483,-2.89708003819483,-2.89708003819483,-2.89708003819483,-2.89708003819483,-2.89708003819483,-2.89708003819483,-2.89708003819483,-2.89708003819483,-2.89708003819483,-2.89708003819483,-2.89708003819483,-2.89708003819483,-2.89708003819483,-2.89708003819483,-2.89708003819483,3.98156370950936,3.07574922572326,2.37002654911475,1.83788073431017,1.45279683593586,1.18825990861815,1.01775500698339,0.914767185657908,0.852781499268056,0.805283002440165,0.745756749800572,0.647687795975626,0.48456119559166,0.229862003275015,-0.142924726347964,-0.660313938650956,-1.34882057900761,-2.23495959279157,-3.34524592537652,-4.70619452213612,-4.70619452213612,-4.70619452213612,-4.70619452213612,-4.70619452213612,-4.70619452213612,-4.70619452213612,-4.70619452213612,-4.70619452213612,-4.70619452213612,-4.70619452213612,-4.70619452213612,-4.70619452213612,-4.70619452213612,-4.70619452213612,-4.70619452213612,-4.70619452213612,-4.70619452213612,-4.70619452213612,-4.70619452213612,-4.70619452213612,-1.22674451548364,-0.909247911599501,-0.591751307715334,-0.27425470383118,0.0432419000529762,0.360738503937133,0.675839667315808,0.972927098276656,1.21731021154404,1.36244015312932,1.36199577440639,1.17973558227949,0.80419776055629,0.259042970428293,-0.404957436579828,-1.13045219747538,-1.88360869669609,-2.68050523599042,-3.5607592752126,-4.51465827196504,-4.51465827196504,-4.51465827196504,-4.51465827196504,-4.51465827196504,-4.51465827196504,-4.51465827196504,-4.51465827196504,-4.51465827196504,-4.51465827196504,-4.51465827196504,-4.51465827196504,-4.51465827196504,-4.51465827196504,-4.51465827196504,-4.51465827196504,-4.51465827196504,-4.51465827196504,-4.51465827196504,-4.51465827196504,-4.51465827196504,1,1,1,1,1,1,1,1,1,1,1,1,1,1,1,1,1,1,1,1,1,1,1,1,1,1,1,1,1,1,1,1,1,1,1,1,1,1,1,1
-0.709528629799991,1.53692317778649,0.431093497309679,-1.82336357687372,1.91949603365175,-1.819107703306,-0.907705542646693,-0.887258256877146,0.857108635113532,-1.21372827999943,-1.28146094276244,1.14641767938043,2.64778793713051,1.5810395933077,1.48031371952957,0.541232652231944,-3.83446204289172,5.3148156350119,-0.295229690921236,-1.03606117896497,0.931839429624551,0.457982645178072,-0.187636903839675,1.55876702744514,0.900748843954116,-1.23915918609035,-0.517882781172997,-1.72479795646272,0.000303688759833776,-0.610564263122424,0.331659000364681,-0.0546628538454783,1.55698876565303,0.92148247488451,0.944868198276593,-1.58780498157597,1.33210040984217,-0.179740861365731,0.801711748293934,2.03829985965516,0.208996054613221,0.135458191059701,0.0619203275061846,-0.0116175360473338,-0.0851553996008541,-0.158693263154372,-0.232231126707891,-0.305768990261411,-0.37930685381493,-0.452844717368448,-0.526382580921968,-0.599920444475485,-0.673458308029003,-0.746996171582525,-0.820534035136044,-0.894071898689564,-0.967609762243081,-1.0411476257966,-1.11468548935012,-1.18822335290364,-1.18822335290364,-1.18822335290364,-1.18822335290364,-1.18822335290364,-1.18822335290364,-1.18822335290364,-1.18822335290364,-1.18822335290364,-1.18822335290364,-1.18822335290364,-1.18822335290364,-1.18822335290364,-1.18822335290364,-1.18822335290364,-1.18822335290364,-1.18822335290364,-1.18822335290364,-1.18822335290364,-1.18822335290364,-1.18822335290364,12.249095811687,8.97411357221755,6.26517186694367,4.07203701944587,2.34447535330465,1.03225319210055,0.0851368594140691,-0.547107321174279,-0.914713026083966,-1.06791393173447,-1.05694371454526,-0.932036050935835,-0.743424617325692,-0.541343090134315,-0.376025145781124,-0.297704460685663,-0.356614711267408,-0.602989573945832,-1.08706272514035,-1.85906784127054,-1.85906784127054,-1.85906784127054,-1.85906784127054,-1.85906784127054,-1.85906784127054,-1.85906784127054,-1.85906784127054,-1.85906784127054,-1.85906784127054,-1.85906784127054,-1.85906784127054,-1.85906784127054,-1.85906784127054,-1.85906784127054,-1.85906784127054,-1.85906784127054,-1.85906784127054,-1.85906784127054,-1.85906784127054,-1.85906784127054,7.31163568388112,6.09831648726839,4.88499729065566,3.67167809404294,2.45835889743022,1.2450397008175,0.0787370589465706,-0.831808729164877,-1.35689320553384,-1.4710503039815,-1.17081228732238,-0.579164783616219,-0.0374601562092458,0.117799522647447,-0.135784635068342,-0.547596294459035,-0.899164413280921,-1.14286282904827,-1.30637182044586,-1.4220825028608,-1.4220825028608,-1.4220825028608,-1.4220825028608,-1.4220825028608,-1.4220825028608,-1.4220825028608,-1.4220825028608,-1.4220825028608,-1.4220825028608,-1.4220825028608,-1.4220825028608,-1.4220825028608,-1.4220825028608,-1.4220825028608,-1.4220825028608,-1.4220825028608,-1.4220825028608,-1.4220825028608,-1.4220825028608,-1.4220825028608,1,1,1,1,1,1,1,1,1,1,1,1,1,1,1,1,1,1,1,1,1,1,1,1,1,1,1,1,1,1,1,1,1,1,1,1,1,1,1,1
1.72076753990709,-0.662074966544581,-0.882322626252176,-0.789031460103808,1.45236164893589,0.286119857819857,0.881216535186372,-0.744786350257638,-1.43162525614438,2.76224895332154,0.386098978031274,2.17870599964113,1.26879593905723,-2.2579120025204,0.439931280024041,-0.659314750553722,0.00985102289353001,-1.29708834730969,-2.23706306246682,-0.765245757090771,-0.438209254449617,0.476486939867572,-1.56880314208675,0.718324646747984,-4.17774970746376,-0.855690277214913,-2.03301989160291,-0.750926599985958,-1.10524968798597,0.304445717911534,0.579113107484707,0.692395779730459,0.986711228894542,-0.0878802429915027,-0.831316430938317,2.19872926163684,-1.66082136996229,1.19914684483812,-0.81861693980882,2.21568173126986,3.89387305928645,3.53900634342001,3.18413962755357,2.82927291168713,2.47440619582069,2.11953947995425,1.76467276408781,1.40980604822137,1.05493933235493,0.700072616488493,0.345205900622055,-0.009660815244386,-0.364527531110825,-0.719394246977265,-1.0742609628437,-1.42912767871014,-1.78399439457658,-2.13886111044302,-2.49372782630946,-2.8485945421759,-2.8485945421759,-2.8485945421759,-2.8485945421759,-2.8485945421759,-2.8485945421759,-2.8485945421759,-2.8485945421759,-2.8485945421759,-2.8485945421759,-2.8485945421759,-2.8485945421759,-2.8485945421759,-2.8485945421759,-2.8485945421759,-2.8485945421759,-2.8485945421759,-2.8485945421759,-2.8485945421759,-2.8485945421759,-2.8485945421759,11.7076939748379,8.95528323245424,6.68430289066171,4.84735597364682,3.39704550559609,2.28597451069599,1.46674601313303,0.891963037093721,0.514228606764533,0.286145746331968,0.160317479982544,0.0893468319027253,0.0258368262790309,-0.0776095127020415,-0.268389160854014,-0.593899093990382,-1.10153628792464,-1.83869771847031,-2.85278036144084,-4.19118119264982,-4.19118119264982,-4.19118119264982,-4.19118119264982,-4.19118119264982,-4.19118119264982,-4.19118119264982,-4.19118119264982,-4.19118119264982,-4.19118119264982,-4.19118119264982,-4.19118119264982,-4.19118119264982,-4.19118119264982,-4.19118119264982,-4.19118119264982,-4.19118119264982,-4.19118119264982,-4.19118119264982,-4.19118119264982,-4.19118119264982,4.39111862331992,3.89537347808155,3.39962833284317,2.90388318760479,2.40813804236641,1.91239289712803,1.42996372571635,1.02109634840181,0.726707549716544,0.547126118218687,0.44752200876129,0.354121477434459,0.182266784755727,-0.114263271122852,-0.537239581840945,-1.06736403682869,-1.66244797411937,-2.25540254520842,-2.79444862066432,-3.2846931741421,-3.2846931741421,-3.2846931741421,-3.2846931741421,-3.2846931741421,-3.2846931741421,-3.2846931741421,-3.2846931741421,-3.2846931741421,-3.2846931741421,-3.2846931741421,-3.2846931741421,-3.2846931741421,-3.2846931741421,-3.2846931741421,-3.2846931741421,-3.2846931741421,-3.2846931741421,-3.2846931741421,-3.2846931741421,-3.2846931741421,1,1,1,1,1,1,1,1,1,1,1,1,1,1,1,1,1,1,1,1,1,1,1,1,1,1,1,1,1,1,1,1,1,1,1,1,1,1,1,1
-1.38878670815718,0.659452930787228,0.584327560932309,1.23608656769598,0.404478164711964,0.416980651247258,-0.148919546308811,2.70168376330377,-2.93010150440847,0.161571527805773,0.948181418989027,0.938267001200209,0.564048893235771,-1.28561388701417,-0.287409120954587,0.130111960862919,-0.646089503923081,0.510932291164622,-0.0822324207043703,-1.87180274938483,0.889463096955978,0.0268633254537409,1.86768469960102,0.889234625871916,-1.62576114992899,-1.40458152496288,-0.0720410978331731,1.78399207875442,-0.167048960909471,0.081470292020132,1.21183799358311,-0.205358379037976,0.437150669512373,-0.544262397538347,0.873060658959441,-1.10444201947323,-1.56711257356842,-1.20805860412023,-0.432017177914476,-1.65307231709203,1.56703744681585,1.35813608178348,1.14923471675112,0.940333351718758,0.731431986686394,0.522530621654029,0.313629256621665,0.104727891589304,-0.104173473443062,-0.313074838475424,-0.521976203507789,-0.730877568540153,-0.939778933572516,-1.14868029860488,-1.35758166363725,-1.56648302866961,-1.77538439370197,-1.98428575873434,-2.1931871237667,-2.40208848879906,-2.40208848879906,-2.40208848879906,-2.40208848879906,-2.40208848879906,-2.40208848879906,-2.40208848879906,-2.40208848879906,-2.40208848879906,-2.40208848879906,-2.40208848879906,-2.40208848879906,-2.40208848879906,-2.40208848879906,-2.40208848879906,-2.40208848879906,-2.40208848879906,-2.40208848879906,-2.40208848879906,-2.40208848879906,-2.40208848879906,-15.0745351058858,-11.4512687732954,-8.38611947740917,-5.83964090227959,-3.77238673195897,-2.14491065049966,-0.917766341954025,-0.0515074903744299,0.493312220186768,0.756139105677203,0.776419482044522,0.593599665236354,0.247125971200354,-0.223555284115859,-0.778997784764623,-1.37975521479832,-1.9863812582693,-2.55942959922993,-3.05945392173257,-3.44700790982954,-3.44700790982954,-3.44700790982954,-3.44700790982954,-3.44700790982954,-3.44700790982954,-3.44700790982954,-3.44700790982954,-3.44700790982954,-3.44700790982954,-3.44700790982954,-3.44700790982954,-3.44700790982954,-3.44700790982954,-3.44700790982954,-3.44700790982954,-3.44700790982954,-3.44700790982954,-3.44700790982954,-3.44700790982954,-3.44700790982954,-2.03217665742936,-1.74714060229549,-1.46210454716163,-1.17706849202776,-0.892032436893898,-0.606996381760036,-0.323736832526198,-0.054416926350271,0.171307052717557,0.311736869742438,0.33389103353503,0.228387694285168,0.00227672605606521,-0.32680881672437,-0.728449180914033,-1.17848812119131,-1.67923435316679,-2.23320056774184,-2.8128681964738,-3.38980180229195,-3.38980180229195,-3.38980180229195,-3.38980180229195,-3.38980180229195,-3.38980180229195,-3.38980180229195,-3.38980180229195,-3.38980180229195,-3.38980180229195,-3.38980180229195,-3.38980180229195,-3.38980180229195,-3.38980180229195,-3.38980180229195,-3.38980180229195,-3.38980180229195,-3.38980180229195,-3.38980180229195,-3.38980180229195,-3.38980180229195,1,1,1,1,1,1,1,1,1,1,1,1,1,1,1,1,1,1,1,1,1,1,1,1,1,1,1,1,1,1,1,1,1,1,1,1,1,1,1,1
0.826420225060849,2.27455795522643,0.201451810408054,-0.554392571659708,1.2644723052954,-0.34827596944656,0.363808153881567,0.234380969613808,-1.99996106445635,0.150643569505537,0.875111204543717,-1.25879650899152,3.13172568727917,2.06322159927068,-0.426317675213195,-1.1251864905851,0.534007572515488,-1.38018588302506,3.47709877459212,-0.0996763098264069,-1.70303932255362,-0.820845767326736,0.916976738741887,0.296854919390972,-0.813692467980111,1.70516125287686,1.22946437041696,-0.287253684649617,1.13146039391767,1.49638566394175,-0.754915434302593,-1.25191136501923,2.93384458287995,1.01847180387974,0.223814306321239,3.14653101130354,1.55686627922931,0.847926996846903,0.106763461294264,-1.0372597363584,-3.11669273936901,-2.85025248032004,-2.58381222127108,-2.31737196222211,-2.05093170317315,-1.78449144412418,-1.51805118507521,-1.25161092602625,-0.985170666977282,-0.718730407928312,-0.452290148879349,-0.185849889830385,0.0805903692185836,0.34703062826755,0.613470887316517,0.879911146365481,1.14635140541445,1.41279166446341,1.67923192351238,1.94567218256135,1.94567218256135,1.94567218256135,1.94567218256135,1.94567218256135,1.94567218256135,1.94567218256135,1.94567218256135,1.94567218256135,1.94567218256135,1.94567218256135,1.94567218256135,1.94567218256135,1.94567218256135,1.94567218256135,1.94567218256135,1.94567218256135,1.94567218256135,1.94567218256135,1.94567218256135,1.94567218256135,-3.44916545966238,-2.82489767013275,-2.31724705451363,-1.91130492931234,-1.5921626110362,-1.34491141619255,-1.1546426612887,-1.00644766283199,-0.885417737329737,-0.776644201289276,-0.665218371217927,-0.536231563623023,-0.374775095011886,-0.165940281891844,0.105181559229774,0.453499111845646,0.89392105944844,1.44135608553083,2.1107128735855,2.91690010710511,2.91690010710511,2.91690010710511,2.91690010710511,2.91690010710511,2.91690010710511,2.91690010710511,2.91690010710511,2.91690010710511,2.91690010710511,2.91690010710511,2.91690010710511,2.91690010710511,2.91690010710511,2.91690010710511,2.91690010710511,2.91690010710511,2.91690010710511,2.91690010710511,2.91690010710511,2.91690010710511,-3.55507275261404,-3.19145414919363,-2.82783554577325,-2.46421694235286,-2.10059833893246,-1.73697973551208,-1.40701520197946,-1.22771749313913,-1.12853623312473,-0.952504119781485,-0.657063002492661,-0.288602546296032,0.0365116741837728,0.162759805973856,0.121290880853664,0.200338480178759,0.632930406543712,1.39252387434941,2.34914066355942,3.40094994162905,3.40094994162905,3.40094994162905,3.40094994162905,3.40094994162905,3.40094994162905,3.40094994162905,3.40094994162905,3.40094994162905,3.40094994162905,3.40094994162905,3.40094994162905,3.40094994162905,3.40094994162905,3.40094994162905,3.40094994162905,3.40094994162905,3.40094994162905,3.40094994162905,3.40094994162905,3.40094994162905,1,1,1,1,1,1,1,1,1,1,1,1,1,1,1,1,1,1,1,1,1,1,1,1,1,1,1,1,1,1,1,1,1,1,1,1,1,1,1,1
-0.730091765924808,1.63018165402856,2.16147888691836,2.37866249407556,1.40834469737461,0.669125604172764,1.30665016867655,0.167025581095842,-0.282480485806348,3.19552902426116,0.903630365568535,1.03272130069797,0.950238341823736,1.11259490859627,-0.135409629117621,1.63309028223645,2.06385532581682,-2.2975472604488,-0.872333470615523,-0.732883642728586,0.793354348452972,1.31726752220996,0.581484391884597,-2.1164995757464,-0.469697964544501,-0.0670511582724043,-3.31590080895811,-1.06723020860106,0.219141907696706,-1.42085468496273,-1.03709944263147,-1.54116791936061,0.124796791781474,-1.56807042136726,0.670352840555339,0.43747553858641,0.0591858741927513,-0.573336422513396,0.304659404838681,1.43311467798643,2.35240211397858,2.08644525072121,1.82048838746384,1.55453152420647,1.2885746609491,1.02261779769173,0.756660934434354,0.490704071176983,0.224747207919609,-0.0412096553377612,-0.307166518595134,-0.573123381852502,-0.839080245109878,-1.10503710836725,-1.37099397162462,-1.63695083488199,-1.90290769813936,-2.16886456139673,-2.43482142465411,-2.70077828791148,-2.70077828791148,-2.70077828791148,-2.70077828791148,-2.70077828791148,-2.70077828791148,-2.70077828791148,-2.70077828791148,-2.70077828791148,-2.70077828791148,-2.70077828791148,-2.70077828791148,-2.70077828791148,-2.70077828791148,-2.70077828791148,-2.70077828791148,-2.70077828791148,-2.70077828791148,-2.70077828791148,-2.70077828791148,-2.70077828791148,0.810031091793462,-0.0920077810915103,-0.671940304072139,-0.976789057194575,-1.05357662050494,-0.949325574049359,-0.711058497873982,-0.385797972024934,-0.0205665765483545,0.337613108509636,0.641718503102904,0.844727027185304,0.899616100710686,0.759363143632976,0.376945575905962,-0.294659182516417,-1.30247371168034,-2.6935205916319,-4.51482240241728,-6.81340172408259,-6.81340172408259,-6.81340172408259,-6.81340172408259,-6.81340172408259,-6.81340172408259,-6.81340172408259,-6.81340172408259,-6.81340172408259,-6.81340172408259,-6.81340172408259,-6.81340172408259,-6.81340172408259,-6.81340172408259,-6.81340172408259,-6.81340172408259,-6.81340172408259,-6.81340172408259,-6.81340172408259,-6.81340172408259,-6.81340172408259,0.931999987210673,0.702969732995321,0.473939478779958,0.244909224564609,0.0158789703492719,-0.213151283866081,-0.429753389928599,-0.553636061302067,-0.438289566588535,-0.0369336971086511,0.492570796938235,0.901964950737881,1.00640071433287,0.762110849205259,0.25604227737338,-0.454732451662093,-1.46153602234584,-2.81411916600606,-4.3354036541757,-5.83710177978581,-5.83710177978581,-5.83710177978581,-5.83710177978581,-5.83710177978581,-5.83710177978581,-5.83710177978581,-5.83710177978581,-5.83710177978581,-5.83710177978581,-5.83710177978581,-5.83710177978581,-5.83710177978581,-5.83710177978581,-5.83710177978581,-5.83710177978581,-5.83710177978581,-5.83710177978581,-5.83710177978581,-5.83710177978581,-5.83710177978581,1,1,1,1,1,1,1,1,1,1,1,1,1,1,1,1,1,1,0,0,0,0,0,0,0,0,0,0,0,0,0,0,0,0,0,0,0,0,0,0
-2.28521509648349,1.47360553306704,-0.784241110930842,-0.937459710163805,0.401159045703547,0.44604472716786,2.71587638218515,0.324388728415236,-1.62813517792121,1.60735942566952,-0.177148930630745,-0.0697013499190682,-2.35586146695347,2.84998773767703,1.80277105379569,0.0367285991796571,1.53832936203616,-0.766719053071528,-1.25183560103922,0.548388632567033,-0.789645094177093,1.8753703492106,-0.372117360762779,1.95029112286584,0.468127200913152,-4.01742468955991,-2.51364123350812,0.552701737210327,0.965736358629988,0.41333685349761,0.746889057648723,-0.293173213139164,0.612393387912709,1.65383668937276,-1.61443484126031,0.0819550766276667,-0.738340304953349,0.237814520885909,-0.461605349273816,-0.554457824741045,2.52003056534216,2.29493776525785,2.06984496517353,1.84475216508922,1.61965936500491,1.39456656492059,1.16947376483628,0.944380964751966,0.719288164667651,0.494195364583337,0.269102564499022,0.0440097644147084,-0.181083035669605,-0.406175835753919,-0.631268635838234,-0.856361435922546,-1.08145423600686,-1.30654703609118,-1.53163983617549,-1.7567326362598,-1.7567326362598,-1.7567326362598,-1.7567326362598,-1.7567326362598,-1.7567326362598,-1.7567326362598,-1.7567326362598,-1.7567326362598,-1.7567326362598,-1.7567326362598,-1.7567326362598,-1.7567326362598,-1.7567326362598,-1.7567326362598,-1.7567326362598,-1.7567326362598,-1.7567326362598,-1.7567326362598,-1.7567326362598,-1.7567326362598,34.1393450248434,25.3244986448026,18.0454947752252,12.1656162922754,7.54814607211714,4.05636699091446,1.55356192483139,-0.0969862499680474,-1.03199465731986,-1.38818042105999,-1.30226066502441,-0.910952513049141,-0.350973088970095,0.240960483376666,0.728131080155222,0.973821577529606,0.841314851663796,0.193893778721872,-1.10515876513219,-3.19255990373435,-3.19255990373435,-3.19255990373435,-3.19255990373435,-3.19255990373435,-3.19255990373435,-3.19255990373435,-3.19255990373435,-3.19255990373435,-3.19255990373435,-3.19255990373435,-3.19255990373435,-3.19255990373435,-3.19255990373435,-3.19255990373435,-3.19255990373435,-3.19255990373435,-3.19255990373435,-3.19255990373435,-3.19255990373435,-3.19255990373435,3.49516399549701,3.06662836782817,2.63809274015931,2.20955711249045,1.78102148482159,1.35248585715274,0.923771671363891,0.514158590813821,0.21535185036414,0.0836840626125461,0.0765872885150287,0.141326137188011,0.234524252301544,0.268457596442103,0.169529913599032,-0.060668672145475,-0.420130649867188,-0.936919560980892,-1.58554490083641,-2.28803270203492,-2.28803270203492,-2.28803270203492,-2.28803270203492,-2.28803270203492,-2.28803270203492,-2.28803270203492,-2.28803270203492,-2.28803270203492,-2.28803270203492,-2.28803270203492,-2.28803270203492,-2.28803270203492,-2.28803270203492,-2.28803270203492,-2.28803270203492,-2.28803270203492,-2.28803270203492,-2.28803270203492,-2.28803270203492,-2.28803270203492,1,1,1,1,1,1,1,1,1,1,1,1,1,1,1,1,1,1,1,1,1,1,1,1,1,1,1,1,1,1,1,1,1,1,1,1,1,1,1,1
-0.784761501598762,1.6613048330496,2.31267128238775,-2.36901354314277,0.0180692864145469,-0.573059254828256,0.62520481748622,1.3046183904162,-2.68535244768339,1.61055453660195,0.648869298977827,1.81868113129412,3.39139381345083,0.520595988808321,-2.95120117603258,0.0210984116626616,1.25861164347327,1.16128551344418,-1.4761170698222,0.0211871199233791,-1.01527674265936,0.283363455026828,2.79310310840975,-1.74516064370787,1.65574253632508,-1.6261525389364,-0.760754289607695,-0.305231935019906,-0.0441179171631561,-0.151657538001324,-1.03679764174079,0.753950956032064,-0.878602611047903,-2.07994739810117,0.391174562656589,1.07293729772654,-1.13532621236279,-0.598140340048502,1.74394461175117,1.86001081870392,2.01968768970605,1.88177194364889,1.74385619759174,1.60594045153459,1.46802470547743,1.33010895942028,1.19219321336312,1.05427746730597,0.916361721248816,0.778445975191662,0.640530229134509,0.502614483077354,0.364698737020202,0.226782990963049,0.0888672449058934,-0.04904850115126,-0.186964247208413,-0.324879993265567,-0.462795739322722,-0.600711485379874,-0.600711485379874,-0.600711485379874,-0.600711485379874,-0.600711485379874,-0.600711485379874,-0.600711485379874,-0.600711485379874,-0.600711485379874,-0.600711485379874,-0.600711485379874,-0.600711485379874,-0.600711485379874,-0.600711485379874,-0.600711485379874,-0.600711485379874,-0.600711485379874,-0.600711485379874,-0.600711485379874,-0.600711485379874,-0.600711485379874,-24.2734678590415,-17.1285123789041,-11.3194944574098,-6.72399296430318,-3.21958676932867,-0.683854742230833,1.00562424724577,1.97127132935665,2.33550763435724,2.22075429250303,1.74943243404947,1.04396318925203,0.226767688366204,-0.579732938352599,-1.25311756064885,-1.6709650482671,-1.71085427095189,-1.25036409844777,-0.167073400499213,1.66143895314921,1.66143895314921,1.66143895314921,1.66143895314921,1.66143895314921,1.66143895314921,1.66143895314921,1.66143895314921,1.66143895314921,1.66143895314921,1.66143895314921,1.66143895314921,1.66143895314921,1.66143895314921,1.66143895314921,1.66143895314921,1.66143895314921,1.66143895314921,1.66143895314921,1.66143895314921,1.66143895314921,3.5340612073916,3.19831419474387,2.86256718209614,2.52682016944839,2.19107315680065,1.85532614415291,1.52017057651179,1.19503646893336,0.916300007146752,0.719650686288775,0.5918029664755,0.450000597704321,0.187085209347016,-0.209053107978303,-0.581122472245371,-0.723307530351853,-0.586552969771853,-0.296921200623746,0.0108838181838937,0.297507622750251,0.297507622750251,0.297507622750251,0.297507622750251,0.297507622750251,0.297507622750251,0.297507622750251,0.297507622750251,0.297507622750251,0.297507622750251,0.297507622750251,0.297507622750251,0.297507622750251,0.297507622750251,0.297507622750251,0.297507622750251,0.297507622750251,0.297507622750251,0.297507622750251,0.297507622750251,0.297507622750251,1,1,1,1,1,1,1,1,1,1,1,1,1,1,1,1,1,1,1,1,1,1,1,1,1,1,1,1,1,1,1,1,1,1,1,1,1,1,1,1
-3.03414853703341,1.48584855762927,0.256566271299592,-0.806076913835746,2.10817879907065,2.36641414605615,0.555066065368999,-0.205506818502771,0.991653264522196,-0.171487123388115,1.08993362626053,-1.50950850505292,-0.102016743635646,0.118734178570827,1.14708412179198,1.72808961119409,0.296981882811727,0.755333038157413,-3.08049655595306,2.56779867803772,-2.0851717981932,-1.00319904738647,1.31532444065493,1.41082506684995,-0.667488085698601,-2.41482363852195,0.796374604311817,-1.19611735597775,-0.936845220189458,-1.056426747591,0.561337860732605,1.55320836325002,0.0508250333962579,-0.745268492092853,1.30887723240609,-1.78820407487223,1.47319662431067,-1.3889957125845,0.709220552881956,-1.92555078109602,4.2091556488524,3.98236435217181,3.75557305549122,3.52878175881063,3.30199046213004,3.07519916544945,2.84840786876886,2.62161657208827,2.39482527540768,2.16803397872709,1.9412426820465,1.71445138536591,1.48766008868532,1.26086879200473,1.03407749532414,0.807286198643551,0.580494901962961,0.353703605282375,0.126912308601783,-0.0998789880788067,-0.0998789880788067,-0.0998789880788067,-0.0998789880788067,-0.0998789880788067,-0.0998789880788067,-0.0998789880788067,-0.0998789880788067,-0.0998789880788067,-0.0998789880788067,-0.0998789880788067,-0.0998789880788067,-0.0998789880788067,-0.0998789880788067,-0.0998789880788067,-0.0998789880788067,-0.0998789880788067,-0.0998789880788067,-0.0998789880788067,-0.0998789880788067,-0.0998789880788067,49.0645074094026,36.4014673911882,26.0189217400264,17.7080944333825,11.2602094487214,6.46649076350841,3.11816235520851,1.0064482012869,-0.0774277207913361,-0.342241433561053,0.00323104044282729,0.750213678685512,1.68993045863207,2.61360535774766,3.31246235349733,3.57772542334626,3.20061854475961,1.97236569520238,-0.315809147860191,-3.87268200696302,-3.87268200696302,-3.87268200696302,-3.87268200696302,-3.87268200696302,-3.87268200696302,-3.87268200696302,-3.87268200696302,-3.87268200696302,-3.87268200696302,-3.87268200696302,-3.87268200696302,-3.87268200696302,-3.87268200696302,-3.87268200696302,-3.87268200696302,-3.87268200696302,-3.87268200696302,-3.87268200696302,-3.87268200696302,-3.87268200696302,9.53498556383388,8.37373953565893,7.21249350748398,6.05124747930902,4.89000145113405,3.7287554229591,2.62102717608854,1.80563009279346,1.41163241551641,1.33689872052306,1.41722995856892,1.59301305118044,1.87026494980989,2.19997715433715,2.45074534176196,2.4376750777537,1.95903615993068,0.902027905945253,-0.643501915514168,-2.43339170249218,-2.43339170249218,-2.43339170249218,-2.43339170249218,-2.43339170249218,-2.43339170249218,-2.43339170249218,-2.43339170249218,-2.43339170249218,-2.43339170249218,-2.43339170249218,-2.43339170249218,-2.43339170249218,-2.43339170249218,-2.43339170249218,-2.43339170249218,-2.43339170249218,-2.43339170249218,-2.43339170249218,-2.43339170249218,-2.43339170249218,1,1,1,1,1,1,1,1,1,1,1,1,1,1,1,1,1,1,1,1,1,1,1,1,1,1,1,1,1,1,1,1,1,1,1,1,1,1,1,1
-1.6660325349142,1.11337874722863,2.52029918663814,0.479619699170744,0.00805251739200674,0.626738670691403,-0.411831163881983,-2.40901267042684,-3.27676805414804,-0.057861570880819,0.0588288504402961,-0.732845910625279,-1.84842492067232,0.36490355973655,-0.478406105991519,2.45126864867454,-0.882324665223869,-0.416596998646211,0.82746337879996,-0.121790667623515,-0.334691537366675,-1.43155721890208,-0.334715615522795,0.716733737311666,-0.364952371473862,-0.817507137721599,-1.94681089231971,-0.409347692625134,0.60681127616273,0.840142922891987,-1.96936568184396,1.0774865421866,0.0541424570882043,2.05586220622872,-1.13999250757895,2.41799876715249,-0.292582317029144,0.635299318757179,1.47077562703103,0.00983385730536845,-5.60719165242639,-5.14061953391238,-4.67404741539838,-4.20747529688437,-3.74090317837036,-3.27433105985635,-2.80775894134234,-2.34118682282834,-1.87461470431433,-1.40804258580032,-0.941470467286312,-0.474898348772301,-0.00832623025829449,0.458245888255712,0.924818006769721,1.39139012528373,1.85796224379774,2.32453436231174,2.79110648082576,3.25767859933976,3.25767859933976,3.25767859933976,3.25767859933976,3.25767859933976,3.25767859933976,3.25767859933976,3.25767859933976,3.25767859933976,3.25767859933976,3.25767859933976,3.25767859933976,3.25767859933976,3.25767859933976,3.25767859933976,3.25767859933976,3.25767859933976,3.25767859933976,3.25767859933976,3.25767859933976,3.25767859933976,31.1396982038506,21.2935507527159,13.3623820822848,7.16894835165714,2.53600571993245,-0.713689653789538,-2.75738161040914,-3.77231399082666,-3.93573063594245,-3.42487538665681,-2.41699208387007,-1.08932456848253,0.380883318605465,1.81638773649365,3.03994484428164,3.87431080106914,4.14224176595581,3.66649389804143,2.26982335642554,-0.225013699792079,-0.225013699792079,-0.225013699792079,-0.225013699792079,-0.225013699792079,-0.225013699792079,-0.225013699792079,-0.225013699792079,-0.225013699792079,-0.225013699792079,-0.225013699792079,-0.225013699792079,-0.225013699792079,-0.225013699792079,-0.225013699792079,-0.225013699792079,-0.225013699792079,-0.225013699792079,-0.225013699792079,-0.225013699792079,-0.225013699792079,-5.2911596093588,-4.86868035728857,-4.44620110521834,-4.02372185314811,-3.60124260107789,-3.17876334900766,-2.75615148385954,-2.33199948301706,-1.90185542986723,-1.46151797539472,-1.00994238535819,-0.547324269227527,-0.0737056290585905,0.409430538780923,0.899108196831188,1.39283855570862,1.88913228949663,2.38703229126458,2.88616512359477,3.3861930887908,3.3861930887908,3.3861930887908,3.3861930887908,3.3861930887908,3.3861930887908,3.3861930887908,3.3861930887908,3.3861930887908,3.3861930887908,3.3861930887908,3.3861930887908,3.3861930887908,3.3861930887908,3.3861930887908,3.3861930887908,3.3861930887908,3.3861930887908,3.3861930887908,3.3861930887908,3.3861930887908,1,1,1,1,1,1,1,1,1,1,1,1,1,1,1,1,1,1,1,1,1,1,1,1,1,1,1,1,1,1,1,1,1,1,1,1,1,1,1,1
-2.37799585236161,1.1464297918533,0.420940632493809,-0.224638184114713,-1.20506185986951,-0.723269602229284,-0.498262838981596,-2.01977970994419,-1.98084500664647,1.43532801497035,1.08403690514634,-0.228947443800845,1.28344523650005,0.0850625846491901,2.76519757355759,1.33087502102241,-0.912882320748833,-1.63356483541664,-0.810398390006251,-0.916212147665368,-0.606109698674334,0.768759183087504,-2.88935669787884,-0.250491524313469,-0.403551372592425,-2.37081351693487,0.95178729939564,-3.7953853359288,-0.770992616816089,-0.233204482211791,0.999873435113749,-0.637632119352899,-0.00918898763395504,1.31633406151616,0.671128153241009,-1.64662161625105,-1.22513060324697,-2.93323710382964,-0.787683680502807,-1.168455145976,1.11414392812445,1.01133505082715,0.908526173529848,0.805717296232548,0.702908418935249,0.600099541637951,0.49729066434065,0.394481787043352,0.291672909746051,0.188864032448754,0.0860551551514543,-0.0167537221458467,-0.119562599443144,-0.222371476740443,-0.325180354037741,-0.42798923133504,-0.530798108632341,-0.633606985929639,-0.736415863226938,-0.839224740524237,-0.839224740524237,-0.839224740524237,-0.839224740524237,-0.839224740524237,-0.839224740524237,-0.839224740524237,-0.839224740524237,-0.839224740524237,-0.839224740524237,-0.839224740524237,-0.839224740524237,-0.839224740524237,-0.839224740524237,-0.839224740524237,-0.839224740524237,-0.839224740524237,-0.839224740524237,-0.839224740524237,-0.839224740524237,-0.839224740524237,38.9604909940436,28.1030778606351,19.2905007652945,12.3271985462722,7.01761004181826,3.16617409018299,0.577329529616579,-0.944484801630727,-1.59483006530871,-1.56926742316712,-1.06335803695575,-0.272663068424386,0.607256320677218,1.38083896859933,1.8525237135921,1.82674939390577,1.10795484779057,-0.499421086503183,-3.19093957072534,-7.16216176662575,-7.16216176662575,-7.16216176662575,-7.16216176662575,-7.16216176662575,-7.16216176662575,-7.16216176662575,-7.16216176662575,-7.16216176662575,-7.16216176662575,-7.16216176662575,-7.16216176662575,-7.16216176662575,-7.16216176662575,-7.16216176662575,-7.16216176662575,-7.16216176662575,-7.16216176662575,-7.16216176662575,-7.16216176662575,-7.16216176662575,5.69983078373202,4.79862235020552,3.89741391667906,2.99620548315258,2.09499704962609,1.19378861609962,0.344529764891154,-0.224158809925195,-0.396295777022285,-0.25916302033006,0.01842069196843,0.294238108935986,0.502772869374333,0.621370175624842,0.573951587307304,0.239387103851236,-0.428944016752713,-1.38507911015413,-2.56682760564488,-3.88619390899447,-3.88619390899447,-3.88619390899447,-3.88619390899447,-3.88619390899447,-3.88619390899447,-3.88619390899447,-3.88619390899447,-3.88619390899447,-3.88619390899447,-3.88619390899447,-3.88619390899447,-3.88619390899447,-3.88619390899447,-3.88619390899447,-3.88619390899447,-3.88619390899447,-3.88619390899447,-3.88619390899447,-3.88619390899447,-3.88619390899447,1,1,1,1,1,1,1,1,1,1,1,1,1,1,1,1,1,1,1,1,1,1,1,1,1,1,1,1,1,1,1,1,1,1,1,1,1,1,1,1
-0.630022388237825,0.367112873234665,0.286865439776246,-1.92972159396055,-0.182524686426408,-2.02685080360802,1.38951625139519,-0.870779872530102,-0.425224164268002,-2.42629986486936,-1.24510493698745,-0.375922585615092,0.316391418322063,-3.03307375350334,0.93370984308079,-0.309205581180699,-1.36642532874656,0.303737054051723,1.36622108737789,-1.39339011110192,-1.85450977665365,0.228176642243426,1.35718099601826,0.505653027553981,0.736468284672149,1.38249197423513,2.97203501794111,-1.14328677607114,0.753456481361852,0.300776406952401,-0.778452058277455,2.38601155760479,1.76793672527942,-2.85482421370432,-1.83146351469801,0.881088285245959,-0.452432974835325,-0.33251111145994,-0.624876479251824,0.865141574503324,-0.129322519269387,-0.0750786035900726,-0.0208346879107557,0.0334092277685611,0.0876531434478753,0.14189705912719,0.196140974806507,0.250384890485826,0.304628806165141,0.358872721844456,0.413116637523771,0.467360553203088,0.521604468882407,0.575848384561722,0.630092300241037,0.684336215920352,0.738580131599665,0.792824047278984,0.847067962958301,0.901311878637616,0.901311878637616,0.901311878637616,0.901311878637616,0.901311878637616,0.901311878637616,0.901311878637616,0.901311878637616,0.901311878637616,0.901311878637616,0.901311878637616,0.901311878637616,0.901311878637616,0.901311878637616,0.901311878637616,0.901311878637616,0.901311878637616,0.901311878637616,0.901311878637616,0.901311878637616,0.901311878637616,23.3913645698197,16.8158651174124,11.4731074683701,7.24926123336053,4.0304960230515,1.7029814481108,0.152887119206213,-0.73361735299448,-1.07036235782351,-0.971178284613075,-0.549895522695397,0.0796555385972955,0.803644509932788,1.50824100197888,2.07961462540334,2.40393499087396,2.36737170905852,1.8560943906248,0.756272646240546,-1.04592391342635,-1.04592391342635,-1.04592391342635,-1.04592391342635,-1.04592391342635,-1.04592391342635,-1.04592391342635,-1.04592391342635,-1.04592391342635,-1.04592391342635,-1.04592391342635,-1.04592391342635,-1.04592391342635,-1.04592391342635,-1.04592391342635,-1.04592391342635,-1.04592391342635,-1.04592391342635,-1.04592391342635,-1.04592391342635,-1.04592391342635,2.47742757205534,2.1450918760265,1.81275617999767,1.48042048396885,1.14808478794002,0.815749091911182,0.480528433644922,0.147511740154929,-0.10150631555562,-0.183655553320387,-0.124928175572592,-0.00572321265335951,0.168997204986001,0.449074645306721,0.802816242564377,1.09842786602303,1.23325955356459,1.21311345906449,1.10189650903991,0.955030456807567,0.955030456807567,0.955030456807567,0.955030456807567,0.955030456807567,0.955030456807567,0.955030456807567,0.955030456807567,0.955030456807567,0.955030456807567,0.955030456807567,0.955030456807567,0.955030456807567,0.955030456807567,0.955030456807567,0.955030456807567,0.955030456807567,0.955030456807567,0.955030456807567,0.955030456807567,0.955030456807567,1,1,1,1,1,1,1,1,1,1,1,1,1,1,1,1,1,1,1,1,1,1,1,1,1,1,1,1,1,1,1,1,1,1,1,1,1,1,1,1
1.53673116647164,-0.107240755942901,-0.722736017462675,-1.52481994724102,-1.6108442876858,0.0493044174357546,-1.19465889213873,-1.04141673821746,1.36086241956248,-0.552617429709368,1.33815560409912,0.68594853642284,-3.34801233080525,-0.0596723829415975,0.684890226899618,0.902117594155833,1.25414310557942,0.197824882094505,0.858383509434175,-0.950426141676639,-2.74271175600848,-0.112781049607147,-1.23222825219414,0.716929441262824,-1.05342505236388,-1.12533412129847,-0.868604329715566,-1.13589817675985,-1.14161397313896,2.01730703113153,-2.72205675457203,-0.11003434152685,0.414497370767208,0.209730027419466,1.11957396081525,-0.195475604938174,3.77700669025494,-1.17545988946622,0.538522632154011,0.849609295671641,-3.37278835772039,-3.21405574311152,-3.05532312850264,-2.89659051389376,-2.73785789928489,-2.57912528467602,-2.42039267006714,-2.26166005545827,-2.10292744084939,-1.94419482624052,-1.78546221163165,-1.62672959702277,-1.4679969824139,-1.30926436780502,-1.15053175319615,-0.991799138587274,-0.833066523978399,-0.674333909369526,-0.515601294760652,-0.356868680151777,-0.356868680151777,-0.356868680151777,-0.356868680151777,-0.356868680151777,-0.356868680151777,-0.356868680151777,-0.356868680151777,-0.356868680151777,-0.356868680151777,-0.356868680151777,-0.356868680151777,-0.356868680151777,-0.356868680151777,-0.356868680151777,-0.356868680151777,-0.356868680151777,-0.356868680151777,-0.356868680151777,-0.356868680151777,-0.356868680151777,13.2286658834421,9.18525403175753,5.83790104762247,3.12894766657431,1.0007346241505,-0.604397344111524,-1.74410750267433,-2.47605511600046,-2.85789944855251,-2.94729976479301,-2.80191532918455,-2.47940540618966,-2.0374292602709,-1.53364615589087,-1.02571535751212,-0.571296129597172,-0.228047736608628,-0.0536294430090241,-0.105700513260958,-0.441920211826961,-0.441920211826961,-0.441920211826961,-0.441920211826961,-0.441920211826961,-0.441920211826961,-0.441920211826961,-0.441920211826961,-0.441920211826961,-0.441920211826961,-0.441920211826961,-0.441920211826961,-0.441920211826961,-0.441920211826961,-0.441920211826961,-0.441920211826961,-0.441920211826961,-0.441920211826961,-0.441920211826961,-0.441920211826961,-0.441920211826961,0.92379335549156,0.502897490318476,0.082001625145395,-0.338894240027686,-0.75979010520077,-1.18068597037385,-1.5959781954387,-1.97575455855831,-2.28021957136694,-2.4846090581074,-2.58025570351151,-2.55032090040306,-2.36822523988137,-2.03726174715582,-1.6128307411853,-1.16330040777932,-0.719244604678343,-0.275348812470233,0.17537119294483,0.629897165735901,0.629897165735901,0.629897165735901,0.629897165735901,0.629897165735901,0.629897165735901,0.629897165735901,0.629897165735901,0.629897165735901,0.629897165735901,0.629897165735901,0.629897165735901,0.629897165735901,0.629897165735901,0.629897165735901,0.629897165735901,0.629897165735901,0.629897165735901,0.629897165735901,0.629897165735901,0.629897165735901,1,1,1,1,1,1,1,1,1,1,1,1,0,0,1,1,1,1,1,1,1,1,1,1,1,1,1,1,1,1,1,1,1,1,1,1,1,1,1,1
-1.64080089406144,1.36074179745551,1.16838207911803,-2.0293185730977,1.21316554605998,-0.89406208360939,-0.887345902295793,-2.16918443881988,-0.297607890035748,1.58562974665664,0.170375490253351,1.00493355621324,0.478755238600604,-2.03291719825958,-0.646447477305504,1.39769889306649,0.909409482631251,-0.0191117521573592,0.633711459647591,-0.245209983184349,0.462452721975565,-0.220547376465881,0.147149394813381,0.103765728630377,-1.38355876239276,-0.904151625028074,0.297706583398927,-1.91423345945667,1.60871083486277,-0.914245079600809,1.8636855537405,0.0257991638931383,0.535305984276542,-0.214085533104818,-1.52388483471849,1.27696497931931,2.16467361478797,0.511259069889755,1.47512685133482,0.945840627818479,-1.69861498506005,-1.53134001059383,-1.36406503612761,-1.19679006166139,-1.02951508719517,-0.862240112728947,-0.694965138262726,-0.527690163796507,-0.360415189330286,-0.193140214864066,-0.0258652403978452,0.141409734068374,0.308684708534596,0.475959683000818,0.643234657467037,0.810509631933257,0.977784606399478,1.1450595808657,1.31233455533192,1.47960952979814,1.47960952979814,1.47960952979814,1.47960952979814,1.47960952979814,1.47960952979814,1.47960952979814,1.47960952979814,1.47960952979814,1.47960952979814,1.47960952979814,1.47960952979814,1.47960952979814,1.47960952979814,1.47960952979814,1.47960952979814,1.47960952979814,1.47960952979814,1.47960952979814,1.47960952979814,1.47960952979814,4.78879471505594,2.64554262841894,1.02309681674962,-0.134318358857652,-0.882478537308531,-1.27715935750864,-1.37413645836363,-1.22918547877915,-0.898082057660822,-0.436601833914317,0.0994795535547617,0.654386465840744,1.172343264038,1.59757430924089,1.87430396254377,1.94675658504099,1.75915653782691,1.25572818199592,0.380695878642328,-0.921716011139459,-0.921716011139459,-0.921716011139459,-0.921716011139459,-0.921716011139459,-0.921716011139459,-0.921716011139459,-0.921716011139459,-0.921716011139459,-0.921716011139459,-0.921716011139459,-0.921716011139459,-0.921716011139459,-0.921716011139459,-0.921716011139459,-0.921716011139459,-0.921716011139459,-0.921716011139459,-0.921716011139459,-0.921716011139459,-0.921716011139459,-3.3665676388464,-3.00550365098193,-2.64443966311746,-2.28337567525299,-1.92231168738853,-1.56124769952406,-1.19691414833505,-0.815437196933273,-0.413893816127139,-0.0115380112688452,0.35936009247296,0.67063243072589,0.907966217933497,1.06677277261868,1.1439395432522,1.13908795507856,1.06165269170517,0.930215548703179,0.765209534189939,0.584942353302022,0.584942353302022,0.584942353302022,0.584942353302022,0.584942353302022,0.584942353302022,0.584942353302022,0.584942353302022,0.584942353302022,0.584942353302022,0.584942353302022,0.584942353302022,0.584942353302022,0.584942353302022,0.584942353302022,0.584942353302022,0.584942353302022,0.584942353302022,0.584942353302022,0.584942353302022,0.584942353302022,1,1,1,1,1,1,1,1,1,1,1,1,1,1,1,1,1,1,1,1,1,1,1,1,1,1,1,1,1,1,1,1,1,1,1,1,1,1,1,1
1.54968642001955,0.0103632178103608,0.370746843093155,-0.0739230571348886,-0.957272500280089,-0.887149415452827,0.894046849849708,1.25301745135726,-1.45677720453798,-0.92834814622241,3.7432838735657,-1.43958899481616,1.2665359058,-1.0418929832505,-1.48052384686555,1.17300562791933,1.16290269378573,-0.114754099116427,-0.580390987051732,0.0610844260967784,1.25050269965467,0.417500560888556,0.374787658704189,1.45130232021223,1.18594257588381,-2.2560955732561,-1.30847933499888,0.579080538984446,-0.555321398160917,0.413424233558526,-0.385575359656256,-2.02308863160974,-1.70749601171399,0.257416187888365,-1.93728839517764,0.543663518506831,0.693446780019181,2.57686458354264,-0.121208569026553,2.53020847991541,1.64817467621847,1.5281980503453,1.40822142447213,1.28824479859895,1.16826817272578,1.04829154685261,0.928314920979439,0.808338295106269,0.688361669233098,0.568385043359926,0.448408417486755,0.328431791613584,0.208455165740414,0.0884785398672427,-0.0314980860059269,-0.1514747118791,-0.27145133775227,-0.391427963625443,-0.511404589498612,-0.631381215371784,-0.631381215371784,-0.631381215371784,-0.631381215371784,-0.631381215371784,-0.631381215371784,-0.631381215371784,-0.631381215371784,-0.631381215371784,-0.631381215371784,-0.631381215371784,-0.631381215371784,-0.631381215371784,-0.631381215371784,-0.631381215371784,-0.631381215371784,-0.631381215371784,-0.631381215371784,-0.631381215371784,-0.631381215371784,-0.631381215371784,21.4445937581085,15.4139647678142,10.5571139427026,6.75835395631777,3.90199748220398,1.87235719390544,0.553745764966385,-0.169524131068979,-0.41313982065641,-0.292788630251717,0.0758421136893386,0.577065084710993,1.09519295635746,1.51453840217292,1.71941409570167,1.59413271048786,1.02300692007572,-0.109650601990442,-1.91952718216646,-4.52231014690823,-4.52231014690823,-4.52231014690823,-4.52231014690823,-4.52231014690823,-4.52231014690823,-4.52231014690823,-4.52231014690823,-4.52231014690823,-4.52231014690823,-4.52231014690823,-4.52231014690823,-4.52231014690823,-4.52231014690823,-4.52231014690823,-4.52231014690823,-4.52231014690823,-4.52231014690823,-4.52231014690823,-4.52231014690823,-4.52231014690823,1.22612788902171,1.13594199115013,1.04575609327855,0.955570195406977,0.865384297535398,0.775198399663816,0.687478263137793,0.614307477667667,0.567114077143748,0.54693639253993,0.54597114350055,0.551846323265059,0.54395061659546,0.493799110120332,0.377486259289075,0.181924851170439,-0.099458490541485,-0.461592723474325,-0.879228243478934,-1.31942864025297,-1.31942864025297,-1.31942864025297,-1.31942864025297,-1.31942864025297,-1.31942864025297,-1.31942864025297,-1.31942864025297,-1.31942864025297,-1.31942864025297,-1.31942864025297,-1.31942864025297,-1.31942864025297,-1.31942864025297,-1.31942864025297,-1.31942864025297,-1.31942864025297,-1.31942864025297,-1.31942864025297,-1.31942864025297,-1.31942864025297,1,1,1,1,1,1,1,1,1,1,1,1,1,1,1,1,1,1,1,1,1,1,1,1,1,1,1,1,1,1,1,1,1,1,1,1,1,1,1,1
0.82678056469585,1.48360718045171,0.659639384294805,1.59211949684709,0.263693457892766,1.60466173358112,-0.0439424772493258,-1.049692448259,0.561696882441085,0.983449003006486,2.88194695136606,1.0989133679857,0.142333262376814,-0.0455535254153041,-1.00050993563687,-2.62469519690578,0.364786403473248,0.175952364139579,-0.562309601752542,-1.84900442879587,1.33087559659431,2.30528448933247,-2.0657395859587,2.05260853288807,-1.73428099261272,2.20142021536729,-0.266320602901148,-1.83556549174707,1.9434528553554,0.0713381671045958,1.22659050855692,0.238697132870426,-0.364212976434333,0.978686620110677,-0.376727925350842,4.11472241459992,1.27391424679557,0.991108426459522,-2.80381390983819,0.713790205466244,1.81525951845496,1.69227240554551,1.56928529263606,1.44629817972661,1.32331106681715,1.2003239539077,1.07733684099825,0.9543497280888,0.83136261517935,0.708375502269899,0.585388389360446,0.462401276450997,0.339414163541544,0.216427050632092,0.0934399377226409,-0.0295471751868099,-0.152534288096261,-0.27552140100571,-0.398508513915163,-0.521495626824615,-0.521495626824615,-0.521495626824615,-0.521495626824615,-0.521495626824615,-0.521495626824615,-0.521495626824615,-0.521495626824615,-0.521495626824615,-0.521495626824615,-0.521495626824615,-0.521495626824615,-0.521495626824615,-0.521495626824615,-0.521495626824615,-0.521495626824615,-0.521495626824615,-0.521495626824615,-0.521495626824615,-0.521495626824615,-0.521495626824615,3.40504471899333,2.43931109524801,1.70389256227845,1.17166805546262,0.815516510178505,0.608316861804061,0.522948045717292,0.532288997296151,0.609218651918637,0.726615944962706,0.857359811806358,0.974329187827532,1.05040300840428,1.05846020891449,0.971379724736188,0.762040491247344,0.403321443825911,-0.131898482150095,-0.870740351302674,-1.84032522825396,-1.84032522825396,-1.84032522825396,-1.84032522825396,-1.84032522825396,-1.84032522825396,-1.84032522825396,-1.84032522825396,-1.84032522825396,-1.84032522825396,-1.84032522825396,-1.84032522825396,-1.84032522825396,-1.84032522825396,-1.84032522825396,-1.84032522825396,-1.84032522825396,-1.84032522825396,-1.84032522825396,-1.84032522825396,-1.84032522825396,3.61492481068358,3.2182677173949,2.82161062410622,2.42495353081754,2.02829643752886,1.63163934424018,1.24396834270586,0.905059975832939,0.637119521346403,0.433644744561201,0.284945068401807,0.188219854655509,0.137388033134416,0.119838661244227,0.122904848286757,0.13435737486969,0.140626477779128,0.134201007259875,0.119537254168035,0.104116489917395,0.104116489917395,0.104116489917395,0.104116489917395,0.104116489917395,0.104116489917395,0.104116489917395,0.104116489917395,0.104116489917395,0.104116489917395,0.104116489917395,0.104116489917395,0.104116489917395,0.104116489917395,0.104116489917395,0.104116489917395,0.104116489917395,0.104116489917395,0.104116489917395,0.104116489917395,0.104116489917395,1,1,1,1,1,1,1,1,1,1,1,1,1,1,1,1,1,1,1,1,1,1,1,1,1,1,1,1,1,1,1,1,1,1,1,1,1,1,1,1
2.97974718719869,0.577364918327525,0.691440121123487,-3.009611450109,-2.20921782536894,-2.69807154799951,0.607609677421052,0.681331482078412,1.90718350700413,0.321476810293699,1.3150059111936,0.978965128621029,0.199455338219229,0.525898173533616,0.0769627829880495,2.83058617714247,1.70077516977886,-0.22334659542687,-1.48508880204732,0.126077830431116,-3.18818938053753,0.353525676463187,0.11496507990112,-1.38415974592272,-1.07262543796188,-0.126807710489599,2.47829249547505,1.01519855097577,0.152489760747956,-0.140756233683685,-0.669801032731096,-1.5685576399466,-0.585977968187699,0.955430515465938,-0.538758850523575,0.182468342114413,-0.034769991805458,0.674193213034251,-0.366114046856273,1.52110062214005,1.73178075249971,1.71988446307469,1.70798817364967,1.69609188422465,1.68419559479963,1.67229930537461,1.66040301594959,1.64850672652457,1.63661043709955,1.62471414767453,1.61281785824951,1.60092156882449,1.58902527939947,1.57712898997445,1.56523270054943,1.55333641112441,1.5414401216994,1.52954383227437,1.51764754284935,1.50575125342433,1.50575125342433,1.50575125342433,1.50575125342433,1.50575125342433,1.50575125342433,1.50575125342433,1.50575125342433,1.50575125342433,1.50575125342433,1.50575125342433,1.50575125342433,1.50575125342433,1.50575125342433,1.50575125342433,1.50575125342433,1.50575125342433,1.50575125342433,1.50575125342433,1.50575125342433,1.50575125342433,7.67409272033197,6.13033292334864,4.84666714026465,3.800835742354,2.97057910089075,2.33363758714895,1.86775157240264,1.55066142792587,1.36010752499267,1.27383023487708,1.26956992885316,1.32506697819494,1.41806175417648,1.52629462807179,1.62750597115495,1.69943615469999,1.71982554998092,1.66641452827185,1.51694346084677,1.24915271897972,1.24915271897972,1.24915271897972,1.24915271897972,1.24915271897972,1.24915271897972,1.24915271897972,1.24915271897972,1.24915271897972,1.24915271897972,1.24915271897972,1.24915271897972,1.24915271897972,1.24915271897972,1.24915271897972,1.24915271897972,1.24915271897972,1.24915271897972,1.24915271897972,1.24915271897972,1.24915271897972,7.63795077203035,6.73428109905631,5.83061142608225,4.9269417531082,4.02327208013416,3.11960240716011,2.2382653953497,1.48670825099303,0.963322615854914,0.698571150269309,0.688320470961738,0.92206285212581,1.33087100725858,1.75692863548792,2.03799578199987,2.1006288972094,1.96458844401577,1.71540456269745,1.46334039406097,1.25666589174705,1.25666589174705,1.25666589174705,1.25666589174705,1.25666589174705,1.25666589174705,1.25666589174705,1.25666589174705,1.25666589174705,1.25666589174705,1.25666589174705,1.25666589174705,1.25666589174705,1.25666589174705,1.25666589174705,1.25666589174705,1.25666589174705,1.25666589174705,1.25666589174705,1.25666589174705,1.25666589174705,1,1,1,1,1,1,1,1,1,1,1,1,1,1,1,1,1,1,1,1,1,1,1,1,1,1,1,1,1,1,1,1,1,1,1,1,1,1,1,1
-1.54461865417453,0.87838718728495,0.130572487100014,-1.53073891914786,0.608464842242121,0.218534379429956,-1.21289178172924,0.908552045488916,-1.02524280612904,-2.46477953861705,-0.519756086746931,-0.616774028351575,1.07864381195093,0.577234752151124,-2.13794174467477,-0.786341044837149,1.4095818480592,1.08232368038037,0.174607051644372,-0.443634510499848,0.0724626993443831,1.28351988828104,0.894525365528116,0.0315422972131074,2.48407715703928,-0.895429322763432,-0.406460622518658,2.56450594836031,-0.114730181748227,2.50733117470371,0.377253443536508,0.387187770066815,2.25559751888709,-0.436003211164161,-0.856056273273076,1.43783904386902,-0.841238137126682,0.0396306524724679,-0.501677421543839,1.94095201275274,2.93883217397868,2.74809828076373,2.55736438754878,2.36663049433383,2.17589660111889,1.98516270790394,1.79442881468899,1.60369492147404,1.4129610282591,1.22222713504415,1.0314932418292,0.840759348614256,0.650025455399305,0.459291562184358,0.268557668969411,0.0778237757544638,-0.112910117460485,-0.303644010675432,-0.494377903890381,-0.685111797105327,-0.685111797105327,-0.685111797105327,-0.685111797105327,-0.685111797105327,-0.685111797105327,-0.685111797105327,-0.685111797105327,-0.685111797105327,-0.685111797105327,-0.685111797105327,-0.685111797105327,-0.685111797105327,-0.685111797105327,-0.685111797105327,-0.685111797105327,-0.685111797105327,-0.685111797105327,-0.685111797105327,-0.685111797105327,-0.685111797105327,-0.685023539958641,0.0829016636152211,0.683942028857105,1.13264330818519,1.44355125401768,1.63121161877275,1.71017015486858,1.69497261472337,1.60016475075531,1.44029231538258,1.22990106102335,0.983536740095845,0.715745105018225,0.441071908208686,0.174062902085407,-0.0707361609334072,-0.278779528429583,-0.435521447984934,-0.526416167181274,-0.536917933600394,-0.536917933600394,-0.536917933600394,-0.536917933600394,-0.536917933600394,-0.536917933600394,-0.536917933600394,-0.536917933600394,-0.536917933600394,-0.536917933600394,-0.536917933600394,-0.536917933600394,-0.536917933600394,-0.536917933600394,-0.536917933600394,-0.536917933600394,-0.536917933600394,-0.536917933600394,-0.536917933600394,-0.536917933600394,-0.536917933600394,2.93854641612027,2.74782833464213,2.557110253164,2.36639217168586,2.17567409020773,1.9849560087296,1.79424062370519,1.6035451949685,1.41290100150719,1.22231936722263,1.031769178471,0.841193146919592,0.650531612862849,0.459747288300363,0.268854325088027,0.0779076121374747,-0.113051558038714,-0.304017780287907,-0.494993088817701,-0.685971809570569,-0.685971809570569,-0.685971809570569,-0.685971809570569,-0.685971809570569,-0.685971809570569,-0.685971809570569,-0.685971809570569,-0.685971809570569,-0.685971809570569,-0.685971809570569,-0.685971809570569,-0.685971809570569,-0.685971809570569,-0.685971809570569,-0.685971809570569,-0.685971809570569,-0.685971809570569,-0.685971809570569,-0.685971809570569,-0.685971809570569,1,1,1,1,1,1,1,1,1,1,1,1,1,1,1,1,1,1,1,1,1,1,1,1,1,1,1,1,1,1,1,1,1,1,1,1,1,1,1,1
-0.100286128014586,1.72519605054962,1.22533245654125,1.98678953536022,-3.0523187335346,0.614886994995236,-0.160875408433167,-0.288611134726676,-0.0200154382800584,-0.480386738041306,1.35865877403248,2.17385157154866,-0.838931087860926,1.1599706276879,0.189159302217105,-1.10419630012342,-1.77386821416107,-0.123019370226841,-1.28079653243004,-0.724486601838237,0.89610940209878,-1.37283210699574,0.307705215077364,-1.65663747861843,0.682639768340509,1.25687073679282,-0.0960637083820757,-1.64005242360533,-0.850953271307842,0.42139099415281,0.869987096586021,0.362414843597396,1.73132948113659,0.439733254988536,0.594443268347474,0.229257979735909,1.76436905492556,-0.0592508132914809,-1.94806967743481,-0.113619872212304,-1.49598243136816,-1.40854621455615,-1.32110999774414,-1.23367378093213,-1.14623756412013,-1.05880134730812,-0.971365130496107,-0.8839289136841,-0.79649269687209,-0.709056480060083,-0.621620263248074,-0.534184046436064,-0.446747829624055,-0.359311612812048,-0.27187539600004,-0.184439179188029,-0.0970029623760205,-0.0095667455640136,0.077869471247995,0.165305688060002,0.165305688060002,0.165305688060002,0.165305688060002,0.165305688060002,0.165305688060002,0.165305688060002,0.165305688060002,0.165305688060002,0.165305688060002,0.165305688060002,0.165305688060002,0.165305688060002,0.165305688060002,0.165305688060002,0.165305688060002,0.165305688060002,0.165305688060002,0.165305688060002,0.165305688060002,0.165305688060002,-10.9190111898634,-8.1437788542051,-5.87985426853247,-4.07865387987436,-2.6915941352596,-1.670091481717,-0.965562366275401,-0.529423235963634,-0.313090537810508,-0.26798071884485,-0.345510226095492,-0.497095506591259,-0.674153007360978,-0.828099175433465,-0.910350457837561,-0.872323301602098,-0.665434153755877,-0.241099461327732,0.449264328653515,1.45424076915902,1.45424076915902,1.45424076915902,1.45424076915902,1.45424076915902,1.45424076915902,1.45424076915902,1.45424076915902,1.45424076915902,1.45424076915902,1.45424076915902,1.45424076915902,1.45424076915902,1.45424076915902,1.45424076915902,1.45424076915902,1.45424076915902,1.45424076915902,1.45424076915902,1.45424076915902,1.45424076915902,-1.54740365632092,-1.45342256779606,-1.3594414792712,-1.26546039074635,-1.17147930222149,-1.07749821369663,-0.983546103907308,-0.889769930740687,-0.796353165089618,-0.703496139414666,-0.611504221101997,-0.52086168969165,-0.432136376430492,-0.345680786448387,-0.26136690009497,-0.178652394829626,-0.096906875083814,-0.015647423749412,0.0654315031112702,0.146479792937663,0.146479792937663,0.146479792937663,0.146479792937663,0.146479792937663,0.146479792937663,0.146479792937663,0.146479792937663,0.146479792937663,0.146479792937663,0.146479792937663,0.146479792937663,0.146479792937663,0.146479792937663,0.146479792937663,0.146479792937663,0.146479792937663,0.146479792937663,0.146479792937663,0.146479792937663,0.146479792937663,1,1,1,1,1,1,1,1,1,1,1,1,1,1,1,1,1,1,1,1,1,1,1,1,1,1,1,1,1,1,1,1,1,1,1,1,1,1,1,1
1.07500930039278,1.47553604287666,0.64031481427285,-0.983992983993855,0.00223157550081776,2.75822160338276,1.05817429763333,0.0253072139168129,-0.531003261576551,0.709412480723008,-1.25156352143548,1.12718181588321,2.00751192630223,-1.40618336699007,0.00522506222369579,-1.48091263622059,-2.14246698260482,-1.34021815475545,1.47410572390894,-2.17240960122131,-1.23161220953192,2.02874654500162,-1.37278040015147,0.440419813884455,-0.69195375408958,-1.01294913567178,1.30936550552428,1.85460304430229,-0.14265695401552,0.296855332844755,-1.31362253818351,-2.0196485790819,-0.656826409291057,-0.480869191980947,0.766385417913696,-1.17539715586299,-1.8947337469029,3.18080307978041,-0.468483037224438,1.07028750646458,0.251834186381165,0.209295612179916,0.166757037978668,0.124218463777418,0.0816798895761677,0.0391413153749189,-0.00339725882633068,-0.0459358330275776,-0.0884744072288299,-0.131012981430077,-0.173551555631327,-0.216090129832573,-0.258628704033823,-0.301167278235074,-0.343705852436322,-0.386244426637573,-0.428783000838822,-0.47132157504007,-0.513860149241319,-0.55639872344257,-0.55639872344257,-0.55639872344257,-0.55639872344257,-0.55639872344257,-0.55639872344257,-0.55639872344257,-0.55639872344257,-0.55639872344257,-0.55639872344257,-0.55639872344257,-0.55639872344257,-0.55639872344257,-0.55639872344257,-0.55639872344257,-0.55639872344257,-0.55639872344257,-0.55639872344257,-0.55639872344257,-0.55639872344257,-0.55639872344257,11.3460773993519,8.15077631673021,5.54765964354941,3.48139006337147,1.89663025975831,0.738042916271873,-0.0497092835258961,-0.521963656073059,-0.734057517807677,-0.741328185167813,-0.59911297459152,-0.362749202516875,-0.0875741853819179,0.171074760375276,0.357860318316664,0.417445172004168,0.294492004999729,-0.066336499134696,-0.720377656837192,-1.72296878454579,-1.72296878454579,-1.72296878454579,-1.72296878454579,-1.72296878454579,-1.72296878454579,-1.72296878454579,-1.72296878454579,-1.72296878454579,-1.72296878454579,-1.72296878454579,-1.72296878454579,-1.72296878454579,-1.72296878454579,-1.72296878454579,-1.72296878454579,-1.72296878454579,-1.72296878454579,-1.72296878454579,-1.72296878454579,-1.72296878454579,5.64199175620259,4.65061072328376,3.6592296903649,2.66784865744603,1.67646762452717,0.685086591608334,-0.275730440441963,-1.03594722408,-1.35369302719761,-1.12286619663698,-0.451285596654936,0.432381194994131,1.20230144596012,1.46170865276913,1.02554883277522,0.178113831372357,-0.57714334898983,-1.02757972148948,-1.33842127558419,-1.68209173545933,-1.68209173545933,-1.68209173545933,-1.68209173545933,-1.68209173545933,-1.68209173545933,-1.68209173545933,-1.68209173545933,-1.68209173545933,-1.68209173545933,-1.68209173545933,-1.68209173545933,-1.68209173545933,-1.68209173545933,-1.68209173545933,-1.68209173545933,-1.68209173545933,-1.68209173545933,-1.68209173545933,-1.68209173545933,-1.68209173545933,1,1,1,1,1,1,1,1,1,1,1,1,1,1,1,1,1,1,1,1,1,1,1,1,1,1,1,1,1,1,1,1,1,1,1,1,1,1,1,1
-1.54618884188342,-3.25737260437738,-2.21814677623492,0.625819361850582,1.65493166426048,0.812533107732477,-1.34462628109572,-1.67843809828985,-2.2913908843321,-0.0844835900854299,3.52726910477747,-1.76236341486429,-2.75049532473591,0.777518522710109,2.74407862951219,0.781117147670829,1.64845425578119,-1.35084391380038,-0.148010087236292,0.725068036306304,0.678023246898253,0.669316475806333,0.0226900937178307,-0.182478598437907,0.70215313150884,0.565702373992281,-1.21297506395879,-0.625202574072876,0.308054919274248,0.245041816579102,2.50886326044645,0.12675780170515,-0.568194105295987,-1.7672735104086,-0.489525798445326,-2.28104596862646,0.258890004055175,0.179594482580551,-1.99231702895534,2.06013041583765,6.09079403808993,5.55496762526088,5.01914121243182,4.48331479960277,3.94748838677371,3.41166197394466,2.87583556111561,2.34000914828655,1.8041827354575,1.26835632262845,0.732529909799391,0.196703496970338,-0.339122915858713,-0.874949328687771,-1.41077574151682,-1.94660215434587,-2.48242856717493,-3.01825498000398,-3.55408139283304,-4.08990780566209,-4.08990780566209,-4.08990780566209,-4.08990780566209,-4.08990780566209,-4.08990780566209,-4.08990780566209,-4.08990780566209,-4.08990780566209,-4.08990780566209,-4.08990780566209,-4.08990780566209,-4.08990780566209,-4.08990780566209,-4.08990780566209,-4.08990780566209,-4.08990780566209,-4.08990780566209,-4.08990780566209,-4.08990780566209,-4.08990780566209,41.1578125232522,31.002720583554,22.5988123016606,15.7863264760066,10.4055019050267,6.2965773871555,3.29979172082761,1.25538370447764,0.00359213654023804,-0.615344184549979,-0.761186460358379,-0.593695892450361,-0.272633682391287,0.0422389682534625,0.191160857918488,0.0143707850385102,-0.647892451951954,-1.95539005461825,-4.0678832245257,-7.14513316323975,-7.14513316323975,-7.14513316323975,-7.14513316323975,-7.14513316323975,-7.14513316323975,-7.14513316323975,-7.14513316323975,-7.14513316323975,-7.14513316323975,-7.14513316323975,-7.14513316323975,-7.14513316323975,-7.14513316323975,-7.14513316323975,-7.14513316323975,-7.14513316323975,-7.14513316323975,-7.14513316323975,-7.14513316323975,-7.14513316323975,10.8771621414174,9.55466733515147,8.23217252888559,6.9096777226197,5.58718291635379,4.26468811008788,2.96745354102965,1.79876133406645,0.813265071504244,0.138281853495025,-0.046866610495595,0.161808853470152,0.366687711204454,0.252190247712964,-0.224100422870503,-0.969120230076102,-1.88575600731698,-2.94255322399984,-4.18590937391183,-5.59578069483406,-5.59578069483406,-5.59578069483406,-5.59578069483406,-5.59578069483406,-5.59578069483406,-5.59578069483406,-5.59578069483406,-5.59578069483406,-5.59578069483406,-5.59578069483406,-5.59578069483406,-5.59578069483406,-5.59578069483406,-5.59578069483406,-5.59578069483406,-5.59578069483406,-5.59578069483406,-5.59578069483406,-5.59578069483406,-5.59578069483406,1,1,1,1,1,1,1,1,1,1,1,1,1,1,1,1,1,1,1,1,1,1,1,1,1,1,1,1,1,1,1,1,1,1,1,1,1,1,1,1
-0.509002628718665,-0.299996384871958,-1.39628079021036,2.0188920497164,0.861663790412159,-1.80063322115632,2.03138134282153,3.13903243138627,0.770478548941366,0.0657276347915356,-1.03423266020715,1.69471293833701,-0.747470169697662,-0.269237126238018,0.319132425545169,1.05905272867335,-0.692059172942082,3.22768331148617,-0.822831959823766,-0.875290998166916,-1.36064922720138,2.27873486262212,-1.12836546104022,3.11423857439894,-0.0235417472417012,-0.880417248127861,-2.00639457776449,-2.87421663198413,0.821043807886802,-0.0515394500748094,-0.147305802943885,-0.798905970680687,0.783703940891865,-1.22391538069618,-0.363214060770945,-2.76072722231019,-0.864067721238911,1.58349611156399,-1.6744705754219,1.90979234278652,-0.234605699389448,-0.261085024018786,-0.287564348648123,-0.31404367327746,-0.340522997906795,-0.367002322536135,-0.39348164716547,-0.419960971794808,-0.446440296424145,-0.472919621053482,-0.49939894568282,-0.525878270312155,-0.552357594941496,-0.578836919570831,-0.605316244200168,-0.631795568829506,-0.658274893458842,-0.684754218088178,-0.711233542717517,-0.737712867346854,-0.737712867346854,-0.737712867346854,-0.737712867346854,-0.737712867346854,-0.737712867346854,-0.737712867346854,-0.737712867346854,-0.737712867346854,-0.737712867346854,-0.737712867346854,-0.737712867346854,-0.737712867346854,-0.737712867346854,-0.737712867346854,-0.737712867346854,-0.737712867346854,-0.737712867346854,-0.737712867346854,-0.737712867346854,-0.737712867346854,-21.9792013594521,-15.982225880832,-11.1033198507822,-7.23794487030391,-4.28156254039786,-2.12963446206503,-0.677622236306386,0.179012535877153,0.544808253484637,0.524303315515148,0.222036120967733,-0.257454931158508,-0.809631441864576,-1.32995501215137,-1.71388724301982,-1.85688973547092,-1.65442409050551,-1.00195190912461,0.205065207670875,2.07116565888,2.07116565888,2.07116565888,2.07116565888,2.07116565888,2.07116565888,2.07116565888,2.07116565888,2.07116565888,2.07116565888,2.07116565888,2.07116565888,2.07116565888,2.07116565888,2.07116565888,2.07116565888,2.07116565888,2.07116565888,2.07116565888,2.07116565888,2.07116565888,-0.0734494108475658,-0.108436721058771,-0.143424031269974,-0.178411341481177,-0.213398651692382,-0.248385961903585,-0.289397636066396,-0.360842951955275,-0.466753924167863,-0.591642647589431,-0.716656504426245,-0.817804120790644,-0.873316538813638,-0.873965635521396,-0.80853777436714,-0.657949013070825,-0.422877877301881,-0.134316494961793,0.175019823721254,0.489716837738872,0.489716837738872,0.489716837738872,0.489716837738872,0.489716837738872,0.489716837738872,0.489716837738872,0.489716837738872,0.489716837738872,0.489716837738872,0.489716837738872,0.489716837738872,0.489716837738872,0.489716837738872,0.489716837738872,0.489716837738872,0.489716837738872,0.489716837738872,0.489716837738872,0.489716837738872,0.489716837738872,1,1,1,1,1,1,1,1,1,1,1,1,1,1,1,1,1,1,1,1,1,1,1,1,1,1,1,1,1,1,1,1,1,1,1,1,1,1,1,1
0.131599895263771,0.859221483477639,0.698660375217747,-1.08682810372479,-0.836284777930136,-1.36362055642556,-1.88175833038142,2.27208114087494,1.06116190737648,-2.15564202180528,0.34656487264175,-1.51484847637345,-0.104514890770648,2.74672426963666,0.458979998723281,-0.772881109459684,0.45536248563808,-0.0462391268516313,-0.0768984381054789,-0.462349517749811,-2.06516644949894,1.36477160084051,-0.228880032374001,0.448249430893545,-0.879780384466454,-0.0245175218166285,0.200036550231488,0.460473537791103,-1.74554903587378,-1.3491588622535,1.09095966957521,0.0341885545630056,-0.930183622876777,-1.0294295520448,0.525265313519439,0.936337220295716,0.135310303102571,0.769218906625238,-0.30250597500952,-0.295042392855541,-2.82162601288446,-2.6583843381363,-2.49514266338813,-2.33190098863997,-2.16865931389181,-2.00541763914365,-1.84217596439549,-1.67893428964733,-1.51569261489916,-1.352450940151,-1.18920926540284,-1.02596759065468,-0.862725915906514,-0.69948424115835,-0.536242566410191,-0.373000891662031,-0.209759216913868,-0.0465175421657058,0.116724132582457,0.279965807330615,0.279965807330615,0.279965807330615,0.279965807330615,0.279965807330615,0.279965807330615,0.279965807330615,0.279965807330615,0.279965807330615,0.279965807330615,0.279965807330615,0.279965807330615,0.279965807330615,0.279965807330615,0.279965807330615,0.279965807330615,0.279965807330615,0.279965807330615,0.279965807330615,0.279965807330615,0.279965807330615,5.40097336099312,2.82256907856989,0.845432556525669,-0.594969851022153,-1.56317178995622,-2.12370690615919,-2.34110884551367,-2.27991125390231,-2.00464777720777,-1.57985206131264,-1.07005775209959,-0.539798495451258,-0.053607937250268,0.323980276620746,0.528432500279129,0.495215087842244,0.159794393427468,-0.542363228847883,-1.67579142486635,-3.30502384051062,-3.30502384051062,-3.30502384051062,-3.30502384051062,-3.30502384051062,-3.30502384051062,-3.30502384051062,-3.30502384051062,-3.30502384051062,-3.30502384051062,-3.30502384051062,-3.30502384051062,-3.30502384051062,-3.30502384051062,-3.30502384051062,-3.30502384051062,-3.30502384051062,-3.30502384051062,-3.30502384051062,-3.30502384051062,-3.30502384051062,-5.74321766080429,-5.18044953676109,-4.61768141271789,-4.0549132886747,-3.4921451646315,-2.9293770405883,-2.37210230791585,-1.84686567258306,-1.37795715190327,-0.970746390324489,-0.622436054012701,-0.343452045305344,-0.15941675296661,-0.093149730880377,-0.149100926877862,-0.309106127454493,-0.539573048873569,-0.80985526371874,-1.10429909849965,-1.4130611873238,-1.4130611873238,-1.4130611873238,-1.4130611873238,-1.4130611873238,-1.4130611873238,-1.4130611873238,-1.4130611873238,-1.4130611873238,-1.4130611873238,-1.4130611873238,-1.4130611873238,-1.4130611873238,-1.4130611873238,-1.4130611873238,-1.4130611873238,-1.4130611873238,-1.4130611873238,-1.4130611873238,-1.4130611873238,-1.4130611873238,1,1,1,1,1,1,1,1,1,1,1,1,1,1,1,1,1,1,1,1,1,1,1,1,1,1,1,1,1,1,1,1,1,1,1,1,1,1,1,1
1.33363491347946,0.615046474401997,-3.07936365700183,0.922853675309296,-0.427256675353481,-1.49752261039701,2.44841819852388,0.971890748705116,3.83669174428349,-0.64611413208905,2.17467655439092,1.46317249161123,0.269561316015599,-0.404101568750283,0.240062287052965,3.70045682901338,-0.706325902379662,0.197194694566932,0.569993349819441,-1.23943809414203,-1.34770650427395,-1.54809137916528,-1.37510354210805,0.124438394144109,-1.24681349682625,0.113482537038093,-2.19747631678942,0.847765498369595,-0.274454783901655,0.72259601763859,3.3087913335614,-1.00968015820825,-0.475949945552344,-1.08288611708893,-1.52689467668285,-1.89008753106971,-0.319695575284833,1.27433140923199,1.24233502246905,2.04907852731018,1.64418901390964,1.60314762028573,1.56210622666181,1.5210648330379,1.48002343941399,1.43898204579008,1.39794065216617,1.35689925854226,1.31585786491834,1.27481647129443,1.23377507767052,1.19273368404661,1.1516922904227,1.11065089679879,1.06960950317488,1.02856810955096,0.987526715927052,0.94648532230314,0.905443928679228,0.864402535055318,0.864402535055318,0.864402535055318,0.864402535055318,0.864402535055318,0.864402535055318,0.864402535055318,0.864402535055318,0.864402535055318,0.864402535055318,0.864402535055318,0.864402535055318,0.864402535055318,0.864402535055318,0.864402535055318,0.864402535055318,0.864402535055318,0.864402535055318,0.864402535055318,0.864402535055318,0.864402535055318,19.8828241032283,14.5358302816901,10.2031545861491,6.78909953238371,4.19796763617243,2.33406141329368,1.10168337952593,0.405136050647622,0.14872194243722,0.236743570673163,0.573503451133913,1.06330409959793,1.61044803184366,2.11923776364956,2.49397581079406,2.63896468905566,2.45850691421278,1.85690500204389,0.73846146832741,-0.99252117115816,-0.99252117115816,-0.99252117115816,-0.99252117115816,-0.99252117115816,-0.99252117115816,-0.99252117115816,-0.99252117115816,-0.99252117115816,-0.99252117115816,-0.99252117115816,-0.99252117115816,-0.99252117115816,-0.99252117115816,-0.99252117115816,-0.99252117115816,-0.99252117115816,-0.99252117115816,-0.99252117115816,-0.99252117115816,-0.99252117115816,0.782485161069881,0.865541109383478,0.948597057697069,1.03165300601067,1.11470895432425,1.19776490263784,1.27885814546601,1.33451526691339,1.29781697043388,1.16273062498892,1.0153920206211,0.915806424855004,0.872032696540662,0.92126894721491,1.0978475303761,1.34954348956371,1.58416012180314,1.74880693906047,1.82810320707797,1.84374397731269,1.84374397731269,1.84374397731269,1.84374397731269,1.84374397731269,1.84374397731269,1.84374397731269,1.84374397731269,1.84374397731269,1.84374397731269,1.84374397731269,1.84374397731269,1.84374397731269,1.84374397731269,1.84374397731269,1.84374397731269,1.84374397731269,1.84374397731269,1.84374397731269,1.84374397731269,1.84374397731269,1,1,1,1,1,1,1,1,1,1,1,1,1,1,1,1,1,1,1,1,1,1,1,1,1,1,1,1,1,1,1,1,1,1,1,1,1,1,1,1
1.31028968029627,-2.19277868771499,1.51021150181999,3.16935702389728,1.34601475840561,-0.301911903382434,0.368586030990835,-3.46428637640263,-0.315614173921418,-0.419586830280945,-1.25573210999356,0.162001515105811,-2.75461367107361,-1.15949259539233,-2.47151684091347,1.86557862839162,-0.214900894072954,-0.551183057843565,0.845455697901935,-0.0484538030545156,0.400946403341086,0.557432293653553,1.4870837086373,0.577216792700202,-1.15448028193642,-0.214524671378921,-0.255529076167612,-2.46236531460455,0.210826335406898,-1.45087253684384,-0.348920583122348,-2.06986912508239,-0.767447583294976,2.54603590554867,0.362675901516578,1.17773416328557,-0.832004693200981,0.0296448931319624,-1.74152531732119,-0.14315557848321,-4.2843771748175,-4.00013655582752,-3.71589593683754,-3.43165531784756,-3.14741469885758,-2.8631740798676,-2.57893346087762,-2.29469284188764,-2.01045222289766,-1.72621160390769,-1.44197098491771,-1.15773036592773,-0.873489746937748,-0.589249127947769,-0.305008508957791,-0.0207678899678108,0.263472729022167,0.547713348012147,0.831953967002129,1.11619458599211,1.11619458599211,1.11619458599211,1.11619458599211,1.11619458599211,1.11619458599211,1.11619458599211,1.11619458599211,1.11619458599211,1.11619458599211,1.11619458599211,1.11619458599211,1.11619458599211,1.11619458599211,1.11619458599211,1.11619458599211,1.11619458599211,1.11619458599211,1.11619458599211,1.11619458599211,1.11619458599211,21.2936330420226,15.1193016927708,10.0034881483068,5.86015994501371,2.60328461927439,0.146829707471815,-1.59523725401107,-2.7089487287913,-3.28033718048592,-3.39543507271198,-3.14027486908652,-2.60088903322657,-1.86331002874915,-1.0135703192714,-0.137702368410276,0.678261360217169,1.34828840299388,1.78634629630279,1.90640257652682,1.62242478004909,1.62242478004909,1.62242478004909,1.62242478004909,1.62242478004909,1.62242478004909,1.62242478004909,1.62242478004909,1.62242478004909,1.62242478004909,1.62242478004909,1.62242478004909,1.62242478004909,1.62242478004909,1.62242478004909,1.62242478004909,1.62242478004909,1.62242478004909,1.62242478004909,1.62242478004909,1.62242478004909,-0.488351223798165,-0.698201231284177,-0.908051238770185,-1.1179012462562,-1.32775125374221,-1.53760126122822,-1.74450030310647,-1.93554803864575,-2.10058762775347,-2.22053662263482,-2.25983575773989,-2.1846130197282,-1.97094900019093,-1.59721730714853,-1.05512638038048,-0.369935102204863,0.407663576873249,1.2284843016221,2.06034238156083,2.89066532776284,2.89066532776284,2.89066532776284,2.89066532776284,2.89066532776284,2.89066532776284,2.89066532776284,2.89066532776284,2.89066532776284,2.89066532776284,2.89066532776284,2.89066532776284,2.89066532776284,2.89066532776284,2.89066532776284,2.89066532776284,2.89066532776284,2.89066532776284,2.89066532776284,2.89066532776284,2.89066532776284,1,1,1,1,1,1,1,1,1,1,1,1,0,1,1,1,1,1,1,1,1,1,1,1,1,1,1,1,1,1,1,1,1,1,1,1,1,1,1,1
0.522460170267568,-5.3183991849651,1.91409872392766,2.83580614765687,2.72050593220305,-3.69342614262943,-1.70085905313206,0.161218814578652,-0.00325449142764356,-2.2583437474425,0.671817155258088,-2.01518648326624,1.1202314748881,-0.277515569728541,-1.19207197185754,0.478506730667817,0.732600440334668,-2.32481170468391,-1.27249776227129,1.31736331317517,-0.699664183475111,0.656965729194805,2.06836011323155,-0.697975375520432,-0.0630508457770045,-0.208231607734513,0.674076287543523,-0.540111746910206,2.77634120513115,-2.55819321767335,0.871400021173033,-1.22457148584417,0.411077994187902,0.0378471721154447,1.31581971889744,2.30298969855216,1.3024868909901,-3.93863619308386,0.403006547874602,0.392280589808664,-0.540942527068195,-0.605575616904673,-0.670208706741152,-0.734841796577631,-0.799474886414111,-0.864107976250589,-0.928741066087069,-0.993374155923547,-1.05800724576003,-1.12264033559651,-1.18727342543298,-1.25190651526946,-1.31653960510594,-1.38117269494242,-1.4458057847789,-1.51043887461538,-1.57507196445186,-1.63970505428834,-1.70433814412482,-1.7689712339613,-1.7689712339613,-1.7689712339613,-1.7689712339613,-1.7689712339613,-1.7689712339613,-1.7689712339613,-1.7689712339613,-1.7689712339613,-1.7689712339613,-1.7689712339613,-1.7689712339613,-1.7689712339613,-1.7689712339613,-1.7689712339613,-1.7689712339613,-1.7689712339613,-1.7689712339613,-1.7689712339613,-1.7689712339613,-1.7689712339613,11.1997371275844,7.64519424920806,4.77508974419394,2.52291139773829,0.822146995037334,-0.393715678712693,-1.19118883831559,-1.63678469857509,-1.79701547429499,-1.73839338027906,-1.52743063133108,-1.23063944225482,-0.914532027854035,-0.645620602932542,-0.490417382294037,-0.515434580742442,-0.787184413081331,-1.37217909411466,-2.33693083864611,-3.74795186147944,-3.74795186147944,-3.74795186147944,-3.74795186147944,-3.74795186147944,-3.74795186147944,-3.74795186147944,-3.74795186147944,-3.74795186147944,-3.74795186147944,-3.74795186147944,-3.74795186147944,-3.74795186147944,-3.74795186147944,-3.74795186147944,-3.74795186147944,-3.74795186147944,-3.74795186147944,-3.74795186147944,-3.74795186147944,-3.74795186147944,-2.5718101584166,-2.3234555882162,-2.07510101801581,-1.82674644781541,-1.57839187761502,-1.33003730741463,-1.08949597082295,-0.889910604161827,-0.751370340605174,-0.704146272380786,-0.787708014357023,-0.981814762448915,-1.21112560076068,-1.4435860830686,-1.7016948773572,-1.95361382410228,-2.07813243026056,-1.97698534167309,-1.67180737666885,-1.26634720191756,-1.26634720191756,-1.26634720191756,-1.26634720191756,-1.26634720191756,-1.26634720191756,-1.26634720191756,-1.26634720191756,-1.26634720191756,-1.26634720191756,-1.26634720191756,-1.26634720191756,-1.26634720191756,-1.26634720191756,-1.26634720191756,-1.26634720191756,-1.26634720191756,-1.26634720191756,-1.26634720191756,-1.26634720191756,-1.26634720191756,1,1,1,1,1,1,1,1,1,1,1,1,1,1,1,1,1,1,1,1,1,1,1,1,1,1,1,1,1,1,1,1,1,1,1,1,1,1,1,1
-0.961863699184949,1.50844274858848,-3.09506019019589,1.43362512325431,1.03141855750602,-0.486387711700971,2.48607959357171,-0.172559144813716,-0.43495844159925,0.73641501635282,-0.995631788332451,1.07430525850003,-1.80918327520406,-0.956808320747591,-0.711413783697147,-0.567290153615593,2.68378576030178,2.5540196226159,0.556140180281101,-1.97911859390759,-0.875325783733716,0.082147904314203,0.804598396180655,0.813493153032457,-1.05448292523242,-1.65162784932576,-0.0629403135861732,-0.353841329441204,1.74079822671893,1.15947900361677,2.58598279139803,0.977781556768445,2.76144130580499,-0.142001715392427,2.05620765369484,0.304672863992229,3.0618113026236,-2.86021488078534,1.36133101733728,-0.769606623031487,6.40089771823531,5.79344127809848,5.18598483796165,4.57852839782482,3.97107195768799,3.36361551755116,2.75615907741433,2.14870263727749,1.54124619714066,0.933789757003833,0.326333316867004,-0.281123123269829,-0.88857956340666,-1.49603600354349,-2.10349244368032,-2.71094888381715,-3.31840532395398,-3.92586176409081,-4.53331820422764,-5.14077464436447,-5.14077464436447,-5.14077464436447,-5.14077464436447,-5.14077464436447,-5.14077464436447,-5.14077464436447,-5.14077464436447,-5.14077464436447,-5.14077464436447,-5.14077464436447,-5.14077464436447,-5.14077464436447,-5.14077464436447,-5.14077464436447,-5.14077464436447,-5.14077464436447,-5.14077464436447,-5.14077464436447,-5.14077464436447,-5.14077464436447,7.42084727421655,5.90623327634517,4.66411107418715,3.66178314251158,2.86655195608759,2.24571998968425,1.76658971807067,1.39646361601596,1.1026441582892,0.852433819659495,0.613135074895959,0.3520503987677,0.0364822660437678,-0.366266848506708,-0.888894470114598,-1.56409812401084,-2.42457533542633,-3.50302362959198,-4.83214053173865,-6.4446235670973,-6.4446235670973,-6.4446235670973,-6.4446235670973,-6.4446235670973,-6.4446235670973,-6.4446235670973,-6.4446235670973,-6.4446235670973,-6.4446235670973,-6.4446235670973,-6.4446235670973,-6.4446235670973,-6.4446235670973,-6.4446235670973,-6.4446235670973,-6.4446235670973,-6.4446235670973,-6.4446235670973,-6.4446235670973,-6.4446235670973,0.548395367849764,0.767108119289867,0.985820870729954,1.20453362217002,1.42324637361011,1.64195912505019,1.82298748349555,1.82346308090171,1.65352131882276,1.36914536549432,0.909402211013942,0.252853308797949,-0.466350979762597,-1.10875055055425,-1.65201881067308,-2.16463000677627,-2.76292280696851,-3.53183003346864,-4.43758559113984,-5.38874535048918,-5.38874535048918,-5.38874535048918,-5.38874535048918,-5.38874535048918,-5.38874535048918,-5.38874535048918,-5.38874535048918,-5.38874535048918,-5.38874535048918,-5.38874535048918,-5.38874535048918,-5.38874535048918,-5.38874535048918,-5.38874535048918,-5.38874535048918,-5.38874535048918,-5.38874535048918,-5.38874535048918,-5.38874535048918,-5.38874535048918,1,1,1,1,1,1,1,1,1,1,1,1,1,1,1,1,1,1,0,0,0,0,0,0,0,0,0,0,0,0,0,0,0,0,0,0,0,0,0,0
1.07550801783525,0.224188855702239,-1.74998963540189,0.0646736662647722,-2.89996395024355,-1.70171437572356,1.21251912417499,-1.19477780073449,-1.92737611216899,-0.890683325387727,-1.41341835835651,0.176777336957851,-2.68314904899962,-1.02951476618868,0.890680819538254,0.290593715983581,1.13477650999896,1.30724144917993,0.135922119087336,1.19656598360006,-2.04246168346693,5.36455419163772,1.31526264914127,-0.615335654670297,2.44422543053146,-2.68850867545415,0.0905480148999036,1.22576034280168,2.36901876564503,1.08387056221701,-0.284093294633601,-1.74433925615651,-0.190152171103268,-1.00074914234737,-0.2205947176666,-0.00330793010598462,0.0807169694424577,-0.486549981182247,0.597445413633539,0.0906487332482335,3.09404515851414,2.80090799355324,2.50777082859234,2.21463366363143,1.92149649867053,1.62835933370963,1.33522216874872,1.04208500378782,0.748947838826917,0.455810673866015,0.162673508905113,-0.130463656055792,-0.423600821016695,-0.716737985977597,-1.0098751509385,-1.3030123158994,-1.59614948086031,-1.88928664582121,-2.18242381078211,-2.47556097574302,-2.47556097574302,-2.47556097574302,-2.47556097574302,-2.47556097574302,-2.47556097574302,-2.47556097574302,-2.47556097574302,-2.47556097574302,-2.47556097574302,-2.47556097574302,-2.47556097574302,-2.47556097574302,-2.47556097574302,-2.47556097574302,-2.47556097574302,-2.47556097574302,-2.47556097574302,-2.47556097574302,-2.47556097574302,-2.47556097574302,17.6249524513206,13.2022305395876,9.55579062622164,6.61312487571603,4.30172545256422,2.54908452125963,1.2826942462957,0.430046792165834,-0.0813656766365316,-0.324050995617965,-0.370517000285068,-0.293271526144382,-0.164822408702497,-0.0576774834659837,-0.0443445859414453,-0.197331551635433,-0.58914621605453,-1.29229641470529,-2.3792899830943,-3.92263475672817,-3.92263475672817,-3.92263475672817,-3.92263475672817,-3.92263475672817,-3.92263475672817,-3.92263475672817,-3.92263475672817,-3.92263475672817,-3.92263475672817,-3.92263475672817,-3.92263475672817,-3.92263475672817,-3.92263475672817,-3.92263475672817,-3.92263475672817,-3.92263475672817,-3.92263475672817,-3.92263475672817,-3.92263475672817,-3.92263475672817,-0.515543891855543,-0.0914311996186852,0.332681492617975,0.756794184854656,1.18090687709143,1.6050195693282,1.92947041414432,1.80499455641319,1.33935652452671,0.530156458551108,-0.885130043074467,-2.37138847150033,-2.74904552182125,-1.63982707745021,0.213467710740293,1.66528981330601,1.64116534788709,-0.185521932226555,-2.9573740239612,-5.73370746730092,-5.73370746730092,-5.73370746730092,-5.73370746730092,-5.73370746730092,-5.73370746730092,-5.73370746730092,-5.73370746730092,-5.73370746730092,-5.73370746730092,-5.73370746730092,-5.73370746730092,-5.73370746730092,-5.73370746730092,-5.73370746730092,-5.73370746730092,-5.73370746730092,-5.73370746730092,-5.73370746730092,-5.73370746730092,-5.73370746730092,1,1,1,1,1,1,1,1,1,1,1,1,1,1,1,1,1,1,0,0,0,0,0,0,0,0,0,0,0,0,0,0,0,0,0,0,0,0,0,0
0.514412558943353,-1.4592338197496,-2.26031485500314,-1.96510955210948,-0.45537893929782,-1.39163497715709,-1.21208954768469,0.941715130754863,-1.96872254847752,-0.161202606099655,-1.40968086427846,-1.63388774206573,-3.63809000192546,-0.99711014132706,-2.42773619105805,-2.46789017944067,0.536967243686586,1.11503185868201,0.284424334833744,1.3020793744886,-0.512279284235683,0.940688047840798,-0.776039650131963,0.834169321860317,-0.458075913359941,-0.0092413464637513,0.884596035255205,-0.946501160543395,-1.74928597218712,-1.66546766068718,2.50734572145315,0.290966367848117,0.583810469958109,0.36389132393648,-1.54300478394372,-2.4015967105051,-2.5573327338227,-1.78307004355882,0.900502894361642,1.2659491698996,-2.23734894831415,-2.19394357206463,-2.15053819581511,-2.10713281956559,-2.06372744331607,-2.02032206706654,-1.97691669081702,-1.9335113145675,-1.89010593831798,-1.84670056206846,-1.80329518581894,-1.75988980956941,-1.71648443331989,-1.67307905707037,-1.62967368082085,-1.58626830457133,-1.5428629283218,-1.49945755207228,-1.45605217582276,-1.41264679957324,-1.41264679957324,-1.41264679957324,-1.41264679957324,-1.41264679957324,-1.41264679957324,-1.41264679957324,-1.41264679957324,-1.41264679957324,-1.41264679957324,-1.41264679957324,-1.41264679957324,-1.41264679957324,-1.41264679957324,-1.41264679957324,-1.41264679957324,-1.41264679957324,-1.41264679957324,-1.41264679957324,-1.41264679957324,-1.41264679957324,5.75739786582687,3.12664003243876,1.07077502387564,-0.469620340290899,-1.55396924048924,-2.24169485714777,-2.5922203706949,-2.66496896155902,-2.51936381016852,-2.21482809695181,-1.81078500233727,-1.3666577067533,-0.9418693906283,-0.595843234390665,-0.38800241846879,-0.377770123291066,-0.624569529285894,-1.18782381688167,-2.12695616650679,-3.50138975858964,-3.50138975858964,-3.50138975858964,-3.50138975858964,-3.50138975858964,-3.50138975858964,-3.50138975858964,-3.50138975858964,-3.50138975858964,-3.50138975858964,-3.50138975858964,-3.50138975858964,-3.50138975858964,-3.50138975858964,-3.50138975858964,-3.50138975858964,-3.50138975858964,-3.50138975858964,-3.50138975858964,-3.50138975858964,-3.50138975858964,-3.84999387654031,-3.61923576654467,-3.38847765654902,-3.15771954655338,-2.92696143655774,-2.6962033265621,-2.46227425653186,-2.21261703770956,-1.94795537514274,-1.68556620047128,-1.44641270166797,-1.25060534804458,-1.12009860073746,-1.07482439293257,-1.12341024975165,-1.25929742334417,-1.46481658390278,-1.71791328844192,-1.99751651407331,-2.28731365399863,-2.28731365399863,-2.28731365399863,-2.28731365399863,-2.28731365399863,-2.28731365399863,-2.28731365399863,-2.28731365399863,-2.28731365399863,-2.28731365399863,-2.28731365399863,-2.28731365399863,-2.28731365399863,-2.28731365399863,-2.28731365399863,-2.28731365399863,-2.28731365399863,-2.28731365399863,-2.28731365399863,-2.28731365399863,-2.28731365399863,1,1,1,1,1,1,1,1,1,1,1,1,1,1,1,1,1,1,1,1,1,1,1,1,1,1,1,1,1,1,1,1,1,1,1,1,1,1,1,1
0.1713277135402,-1.2789722244305,-0.921111589287887,-1.2159692769246,1.56728050344629,-2.55037109716963,-0.225971604247161,-0.109049133661729,0.351814608528247,-0.258688395487241,-0.360401697032747,0.792238710524664,-1.06109932458875,0.750225391215455,-0.0226129270213242,1.75104585257999,-0.820243272550176,-2.22477307853774,-3.0593605173255,-0.311761821061545,0.268674948894125,-0.847802222947818,1.72263773756005,-0.459468931941176,-0.321922468004788,0.952499032212573,-0.274945258422543,-1.58792111894241,-0.44837664709304,3.61816112199165,2.81559059215758,-0.283524064964322,0.60715203860132,-1.00793307631049,0.204914450523443,0.361433058534272,-2.70126340696917,1.99328041345585,-1.99317799912605,-0.305914750549181,2.23175787665408,1.86701045072665,1.50226302479921,1.13751559887178,0.772768172944345,0.408020747016911,0.0432733210894778,-0.321474104837955,-0.686221530765389,-1.05096895669282,-1.41571638262026,-1.78046380854769,-2.14521123447513,-2.50995866040256,-2.87470608632999,-3.23945351225743,-3.60420093818486,-3.9689483641123,-4.33369579003973,-4.69844321596716,-4.69844321596716,-4.69844321596716,-4.69844321596716,-4.69844321596716,-4.69844321596716,-4.69844321596716,-4.69844321596716,-4.69844321596716,-4.69844321596716,-4.69844321596716,-4.69844321596716,-4.69844321596716,-4.69844321596716,-4.69844321596716,-4.69844321596716,-4.69844321596716,-4.69844321596716,-4.69844321596716,-4.69844321596716,-4.69844321596716,31.1443537420266,21.9358550555495,14.5073381005499,8.68255272901693,4.28524879293991,1.13917614430811,-0.931915364889181,-2.10427588266272,-2.55415555702318,-2.45780453598131,-1.99147296754786,-1.33141099973354,-0.653868780549033,-0.135096458005082,0.0486558198875269,-0.278862094881866,-1.29390035032393,-3.17270909444952,-6.09153847526928,-10.2266386407939,-10.2266386407939,-10.2266386407939,-10.2266386407939,-10.2266386407939,-10.2266386407939,-10.2266386407939,-10.2266386407939,-10.2266386407939,-10.2266386407939,-10.2266386407939,-10.2266386407939,-10.2266386407939,-10.2266386407939,-10.2266386407939,-10.2266386407939,-10.2266386407939,-10.2266386407939,-10.2266386407939,-10.2266386407939,-10.2266386407939,4.51510013255468,3.57638466736534,2.63766920217598,1.69895373698662,0.760238271797276,-0.178477193392082,-1.06406921041411,-1.66613744069346,-1.87601910850157,-1.75193850687027,-1.36610063660534,-0.799528333293113,-0.244981407439987,0.0244195831136285,-0.210990088205229,-1.06762184780265,-2.54550574567955,-4.45994682259146,-6.497081099739,-8.47392703098794,-8.47392703098794,-8.47392703098794,-8.47392703098794,-8.47392703098794,-8.47392703098794,-8.47392703098794,-8.47392703098794,-8.47392703098794,-8.47392703098794,-8.47392703098794,-8.47392703098794,-8.47392703098794,-8.47392703098794,-8.47392703098794,-8.47392703098794,-8.47392703098794,-8.47392703098794,-8.47392703098794,-8.47392703098794,-8.47392703098794,1,1,1,1,1,1,1,1,1,1,1,1,1,1,1,1,1,1,1,1,1,1,1,1,1,1,1,1,1,1,1,1,1,1,1,1,1,1,1,1
